0 445
0 535
0 542
0 552
0 596
1 3
1 51
1 102
1 170
1 585
2 183
2 483
2 499
2 503
2 528
3 1
3 236
3 396
3 453
3 544
4 178
4 374
4 406
4 517
4 548
5 97
5 148
5 214
5 289
5 534
6 386
6 412
6 559
6 570
6 572
7 187
7 358
7 502
7 529
7 558
8 507
8 549
8 552
8 556
8 589
9 229
9 251
9 506
9 556
9 594
10 15
10 192
10 506
10 566
10 587
11 176
11 276
11 555
11 576
11 581
12 339
12 496
12 569
12 583
12 590
13 58
13 298
13 506
13 551
13 599
14 117
14 141
14 461
14 497
14 578
15 10
15 539
15 566
15 577
15 587
16 303
16 316
16 500
16 530
16 574
17 184
17 262
17 351
17 468
17 545
18 331
18 453
18 454
18 487
18 585
19 34
19 396
19 458
19 556
19 582
20 148
20 233
20 381
20 534
20 540
21 52
21 153
21 327
21 430
21 591
22 388
22 437
22 467
22 480
22 551
23 74
23 377
23 480
23 516
23 524
24 340
24 448
24 580
24 597
24 598
25 188
25 301
25 522
25 563
25 572
26 360
26 421
26 526
26 550
26 557
27 146
27 154
27 327
27 562
27 591
28 130
28 236
28 516
28 558
28 596
29 504
29 541
29 552
29 559
29 577
30 192
30 463
30 479
30 504
30 512
31 68
31 104
31 476
31 516
31 518
32 116
32 437
32 462
32 531
32 541
33 132
33 247
33 375
33 381
33 560
34 19
34 67
34 213
34 269
34 589
35 185
35 264
35 455
35 514
35 573
36 475
36 508
36 540
36 543
36 586
37 290
37 513
37 523
37 532
37 539
38 120
38 229
38 390
38 423
38 599
39 152
39 244
39 492
39 571
39 573
40 79
40 186
40 286
40 333
40 352
41 430
41 565
41 571
41 579
41 591
42 357
42 435
42 546
42 555
42 573
43 80
43 105
43 395
43 517
43 597
44 479
44 503
44 552
44 564
44 570
45 66
45 361
45 485
45 499
45 528
46 391
46 467
46 480
46 512
46 519
47 143
47 227
47 404
47 490
47 540
48 153
48 163
48 193
48 376
48 591
49 458
49 471
49 493
49 518
49 549
50 316
50 421
50 516
50 526
50 550
51 1
51 64
51 532
51 544
51 585
52 21
52 54
52 529
52 558
52 571
53 239
53 286
53 333
53 352
53 599
54 52
54 311
54 320
54 329
54 589
55 60
55 217
55 418
55 576
55 597
56 410
56 415
56 442
56 494
56 593
57 193
57 335
57 477
57 503
57 592
58 13
58 169
58 545
58 590
58 599
59 98
59 436
59 472
59 560
59 577
60 55
60 322
60 364
60 515
60 555
61 138
61 557
61 565
61 574
61 591
62 182
62 262
62 364
62 468
62 545
63 353
63 490
63 575
63 586
63 597
64 51
64 114
64 324
64 544
64 585
65 372
65 522
65 562
65 563
65 572
66 45
66 177
66 274
66 518
66 528
67 34
67 196
67 472
67 493
67 582
68 31
68 70
68 245
68 300
68 596
69 100
69 116
69 297
69 489
69 588
70 68
70 385
70 576
70 577
70 581
71 331
71 385
71 406
71 410
71 542
72 79
72 269
72 350
72 488
72 583
73 91
73 480
73 511
73 521
73 551
74 23
74 222
74 333
74 524
74 596
75 124
75 261
75 280
75 336
75 366
76 313
76 359
76 397
76 438
76 584
77 90
77 129
77 239
77 352
77 470
78 187
78 198
78 518
78 535
78 596
79 40
79 72
79 90
79 129
79 333
80 43
80 100
80 457
80 484
80 598
81 424
81 522
81 563
81 572
81 575
82 263
82 448
82 530
82 595
82 598
83 389
83 429
83 487
83 544
83 585
84 153
84 258
84 466
84 557
84 567
85 251
85 375
85 388
85 532
85 534
86 230
86 350
86 501
86 505
86 599
87 158
87 183
87 346
87 547
87 573
88 483
88 485
88 499
88 528
88 584
89 419
89 490
89 558
89 561
89 568
90 77
90 79
90 286
90 352
90 460
91 73
91 403
91 519
91 551
91 572
92 93
92 382
92 462
92 555
92 570
93 92
93 479
93 559
93 573
93 592
94 297
94 347
94 415
94 537
94 548
95 385
95 505
95 515
95 546
95 584
96 269
96 434
96 590
96 594
96 599
97 5
97 417
97 419
97 502
97 561
98 59
98 243
98 409
98 501
98 536
99 118
99 454
99 491
99 585
99 595
100 69
100 80
100 417
100 433
100 434
101 407
101 420
101 455
101 537
101 573
102 1
102 157
102 407
102 453
102 544
103 193
103 291
103 473
103 552
103 592
104 31
104 195
104 389
104 537
104 547
105 43
105 121
105 459
105 484
105 582
106 162
106 346
106 456
106 465
106 565
107 186
107 242
107 310
107 504
107 552
108 366
108 526
108 533
108 537
108 573
109 206
109 260
109 261
109 497
109 578
110 270
110 309
110 399
110 537
110 560
111 426
111 503
111 531
111 541
111 559
112 227
112 557
112 562
112 567
112 579
113 564
113 580
113 587
113 597
113 598
114 64
114 450
114 566
114 584
114 587
115 138
115 505
115 509
115 555
115 581
116 32
116 69
116 484
116 548
116 593
117 14
117 159
117 216
117 543
117 575
118 99
118 200
118 250
118 462
118 585
119 150
119 160
119 192
119 271
119 432
120 38
120 122
120 477
120 581
120 599
121 105
121 402
121 422
121 548
121 560
122 120
122 230
122 269
122 477
122 520
123 182
123 262
123 281
123 307
123 545
124 75
124 280
124 420
124 507
124 514
125 151
125 162
125 327
125 439
125 475
126 245
126 459
126 469
126 548
126 593
127 252
127 355
127 391
127 568
127 576
128 475
128 498
128 502
128 529
128 561
129 77
129 79
129 333
129 352
129 524
130 28
130 140
130 160
130 253
130 255
131 244
131 264
131 306
131 417
131 571
132 33
132 289
132 469
132 532
132 534
133 183
133 373
133 483
133 500
133 528
134 315
134 368
134 410
134 457
134 535
135 386
135 462
135 495
135 552
135 570
136 383
136 533
136 547
136 559
136 573
137 141
137 172
137 414
137 422
137 433
138 61
138 115
138 562
138 565
138 579
139 313
139 332
139 482
139 527
139 566
140 130
140 253
140 379
140 432
140 546
141 14
141 137
141 347
141 461
141 578
142 221
142 296
142 365
142 442
142 485
143 47
143 467
143 511
143 512
143 551
144 250
144 396
144 427
144 487
144 491
145 304
145 444
145 495
145 553
145 599
146 27
146 557
146 562
146 565
146 598
147 274
147 373
147 442
147 499
147 523
148 5
148 20
148 345
148 407
148 534
149 502
149 521
149 533
149 537
149 573
150 119
150 231
150 253
150 255
150 576
151 125
151 237
151 251
151 422
151 553
151 594
152 39
152 244
152 492
152 527
152 558
152 561
153 21
153 48
153 84
153 367
153 553
153 591
154 27
154 218
154 402
154 412
154 434
154 439
155 415
155 444
155 457
155 459
155 481
155 593
156 170
156 171
156 273
156 401
156 497
156 578
157 102
157 426
157 427
157 451
157 500
157 510
158 87
158 240
158 310
158 533
158 537
158 578
159 117
159 508
159 540
159 543
159 564
159 586
160 119
160 130
160 172
160 174
160 379
160 543
161 185
161 207
161 255
161 379
161 432
161 460
162 106
162 125
162 279
162 548
162 553
162 567
163 48
163 318
163 465
163 468
163 475
163 534
164 435
164 472
164 528
164 576
164 577
164 581
165 443
165 453
165 487
165 491
165 544
165 585
166 355
166 359
166 398
166 521
166 523
166 587
167 187
167 473
167 520
167 558
167 571
167 590
168 392
168 421
168 451
168 500
168 563
168 574
169 58
169 212
169 223
169 446
169 495
169 594
170 1
170 156
170 234
170 281
170 461
170 578
171 156
171 359
171 513
171 539
171 566
171 584
172 137
172 160
172 368
172 422
172 484
172 593
173 282
173 322
173 365
173 391
173 581
173 587
174 160
174 185
174 253
174 285
174 379
174 432
175 305
175 526
175 550
175 553
175 562
175 579
176 11
176 228
176 367
176 436
176 472
176 522
177 66
177 442
177 483
177 485
177 528
177 569
178 4
178 279
178 293
178 405
178 430
178 562
179 199
179 348
179 508
179 566
179 577
179 587
180 205
180 207
180 370
180 472
180 509
180 576
181 253
181 357
181 442
181 505
181 509
181 527
182 62
182 123
182 268
182 463
182 468
182 545
183 2
183 87
183 133
183 485
183 494
183 499
184 17
184 293
184 404
184 413
184 525
184 543
185 35
185 161
185 174
185 225
185 302
185 432
186 40
186 107
186 338
186 479
186 504
186 531
187 7
187 78
187 167
187 292
187 417
187 520
188 25
188 298
188 431
188 506
188 536
188 594
189 305
189 475
189 553
189 562
189 567
189 591
190 276
190 330
190 405
190 423
190 441
190 589
191 324
191 360
191 427
191 439
191 510
191 550
192 10
192 30
192 119
192 272
192 559
192 592
193 48
193 57
193 103
193 537
193 559
193 570
194 339
194 476
194 516
194 542
194 595
194 596
195 104
195 367
195 383
195 389
195 393
195 533
196 67
196 458
196 471
196 549
196 582
196 590
197 241
197 257
197 268
197 351
197 468
197 545
198 78
198 339
198 464
198 516
198 518
198 596
199 179
199 386
199 447
199 482
199 501
199 513
200 118
200 324
200 411
200 429
200 489
200 544
201 327
201 496
201 553
201 557
201 562
201 567
202 427
202 449
202 500
202 550
202 554
202 574
203 425
203 486
203 564
203 578
203 595
203 598
204 278
204 340
204 404
204 508
204 575
204 586
205 180
205 282
205 367
205 370
205 486
205 555
206 109
206 260
206 273
206 497
206 549
206 578
207 161
207 180
207 225
207 342
207 379
207 432
208 342
208 520
208 551
208 561
208 568
208 571
209 356
209 431
209 538
209 564
209 597
209 598
210 246
210 325
210 358
210 464
210 482
210 566
211 440
211 494
211 550
211 595
211 597
211 598
212 169
212 411
212 481
212 496
212 574
212 583
213 34
213 423
213 474
213 497
213 507
213 589
214 5
214 233
214 250
214 375
214 381
214 532
215 382
215 486
215 538
215 580
215 595
215 597
216 117
216 336
216 508
216 525
216 540
216 586
217 55
217 380
217 505
217 527
217 536
217 567
218 154
218 368
218 414
218 420
218 554
218 593
219 363
219 530
219 588
219 595
219 597
219 598
220 276
220 452
220 530
220 580
220 595
220 597
221 142
221 442
221 499
221 504
221 531
221 580
222 74
222 377
222 535
222 542
222 594
222 596
223 169
223 467
223 470
223 480
223 511
223 551
224 429
224 452
224 454
224 489
224 491
224 585
225 185
225 207
225 253
225 271
225 432
225 465
226 236
226 502
226 510
226 529
226 558
226 571
227 47
227 112
227 508
227 525
227 540
227 586
228 176
228 309
228 361
228 472
228 509
228 596
229 9
229 38
229 402
229 409
229 411
229 488
230 86
230 122
230 506
230 529
230 569
230 594
231 150
231 251
231 252
231 302
231 569
231 588
232 345
232 414
232 549
232 556
232 582
232 589
233 20
233 214
233 235
233 345
233 534
233 565
234 170
234 287
234 333
234 461
234 497
234 578
235 233
235 369
235 375
235 381
235 508
235 534
236 3
236 28
236 226
236 252
236 554
236 568
237 151
237 278
237 330
237 508
237 575
237 586
238 409
238 538
238 564
238 580
238 597
238 598
239 53
239 77
239 240
239 286
239 333
239 352
240 158
240 239
240 280
240 514
240 547
240 573
241 197
241 307
241 323
241 351
241 545
241 559
242 107
242 272
242 402
242 463
242 479
242 592
243 98
243 269
243 498
243 569
243 590
243 594
244 39
244 131
244 152
244 419
244 509
244 571
245 68
245 126
245 260
245 288
245 518
245 542
246 210
246 348
246 450
246 482
246 562
246 584
247 33
247 249
247 344
247 345
247 388
247 534
248 317
248 424
248 522
248 558
248 563
248 572
249 247
249 351
249 390
249 444
249 583
249 599
250 118
250 144
250 214
250 396
250 433
250 544
250 585
251 9
251 85
251 151
251 231
251 477
251 536
251 599
252 127
252 231
252 236
252 320
252 417
252 419
252 561
253 130
253 140
253 150
253 174
253 181
253 225
253 302
254 369
254 471
254 549
254 555
254 556
254 582
254 589
255 130
255 150
255 161
255 271
255 302
255 379
255 586
256 263
256 467
256 470
256 512
256 513
256 519
256 551
257 197
257 290
257 323
257 351
257 468
257 510
257 545
258 84
258 369
258 423
258 441
258 458
258 493
258 589
259 293
259 330
259 364
259 459
259 490
259 543
259 586
260 109
260 206
260 245
260 401
260 461
260 497
260 578
261 75
261 109
261 399
261 405
261 521
261 533
261 573
262 17
262 62
262 123
262 307
262 351
262 511
262 545
263 82
263 256
263 315
263 434
263 469
263 517
263 548
264 35
264 131
264 488
264 495
264 514
264 547
264 594
265 283
265 372
265 448
265 522
265 538
265 563
265 572
266 403
266 470
266 480
266 511
266 512
266 519
266 596
267 280
267 301
267 310
267 397
267 399
267 455
267 521
268 182
268 197
268 270
268 298
268 323
268 468
268 545
269 34
269 72
269 96
269 122
269 243
269 496
269 501
270 110
270 268
270 305
270 456
270 553
270 588
270 591
271 119
271 225
271 255
271 379
271 432
271 505
271 558
272 192
272 242
272 285
272 463
272 542
272 552
272 570
273 156
273 206
273 318
273 378
273 461
273 544
273 578
274 66
274 147
274 296
274 485
274 528
274 531
274 572
275 437
275 473
275 503
275 529
275 531
275 570
275 592
276 11
276 190
276 220
276 443
276 474
276 493
276 507
277 329
277 470
277 480
277 511
277 512
277 519
277 551
278 204
278 237
278 413
278 420
278 525
278 575
278 586
279 162
279 178
279 376
279 466
279 525
279 565
279 591
280 75
280 124
280 240
280 267
280 316
280 514
280 533
281 123
281 170
281 284
281 378
281 401
281 461
281 578
282 173
282 205
282 327
282 344
282 546
282 560
282 576
283 265
283 299
283 317
283 424
283 466
283 563
283 572
284 281
284 441
284 443
284 507
284 549
284 554
284 556
285 174
285 272
285 463
285 503
285 531
285 570
285 592
286 40
286 53
286 90
286 239
286 333
286 352
286 359
287 234
287 288
287 290
287 347
287 401
287 497
287 578
288 245
288 287
288 315
288 518
288 524
288 542
288 596
289 5
289 132
289 375
289 388
289 482
289 532
289 534
290 37
290 257
290 287
290 450
290 468
290 485
290 545
291 103
291 303
291 387
291 427
291 451
291 574
291 582
292 187
292 317
292 460
292 502
292 520
292 561
292 571
293 178
293 184
293 259
293 413
293 490
293 525
293 586
294 368
294 428
294 439
294 458
294 477
294 494
294 554
295 443
295 478
295 493
295 519
295 556
295 582
295 589
296 142
296 274
296 320
296 335
296 373
296 483
296 485
297 69
297 94
297 336
297 406
297 422
297 469
297 478
298 13
298 188
298 268
298 496
298 536
298 569
298 583
299 283
299 317
299 372
299 424
299 563
299 572
299 597
300 68
300 437
300 476
300 516
300 524
300 533
300 596
301 25
301 267
301 308
301 452
301 522
301 563
301 572
302 185
302 231
302 253
302 255
302 379
302 432
302 556
303 16
303 291
303 316
303 328
303 457
303 569
303 574
304 145
304 495
304 496
304 500
304 501
304 590
304 599
305 175
305 189
305 270
305 456
305 465
305 529
305 562
306 131
306 416
306 492
306 529
306 554
306 561
306 571
307 123
307 241
307 262
307 323
307 468
307 526
307 545
308 301
308 452
308 468
308 522
308 532
308 563
308 572
309 110
309 228
309 325
309 362
309 365
309 555
309 560
310 107
310 158
310 267
310 346
310 521
310 547
310 573
311 54
311 425
311 430
311 456
311 565
311 568
311 574
312 380
312 436
312 505
312 515
312 532
312 571
312 583
313 76
313 139
313 325
313 438
313 566
313 587
313 593
314 315
314 336
314 374
314 494
314 517
314 529
314 593
315 134
315 263
315 288
315 314
315 406
315 428
315 457
316 16
316 50
316 280
316 303
316 426
316 500
316 550
316 574
317 248
317 283
317 292
317 299
317 452
317 562
317 563
317 572
318 163
318 273
318 350
318 497
318 509
318 557
318 565
318 578
319 341
319 355
319 400
319 440
319 447
319 482
319 566
319 584
320 54
320 252
320 296
320 343
320 460
320 498
320 568
320 571
321 334
321 371
321 394
321 445
321 524
321 535
321 542
321 596
322 60
322 173
322 345
322 361
322 515
322 522
322 532
322 581
323 241
323 257
323 268
323 307
323 456
323 468
323 531
323 545
324 64
324 191
324 200
324 489
324 491
324 495
324 544
324 585
325 210
325 309
325 313
325 328
325 464
325 513
325 584
325 587
326 444
326 481
326 496
326 501
326 536
326 570
326 590
326 599
327 21
327 27
327 125
327 201
327 282
327 340
327 565
327 579
328 303
328 325
328 421
328 451
328 510
328 526
328 546
328 550
329 54
329 277
329 343
329 492
329 498
329 520
329 561
329 568
330 190
330 237
330 259
330 404
330 508
330 543
330 575
330 579
331 18
331 71
331 433
331 439
331 457
331 459
331 517
331 588
332 139
332 398
332 416
332 450
332 506
332 527
332 539
332 587
333 40
333 53
333 74
333 79
333 129
333 234
333 239
333 286
334 321
334 341
334 445
334 476
334 518
334 535
334 542
334 596
335 57
335 296
335 338
335 394
335 412
335 473
335 531
335 541
336 75
336 216
336 297
336 314
336 415
336 434
336 588
336 593
337 338
337 430
337 465
337 466
337 553
337 579
337 588
337 591
338 186
338 335
338 337
338 386
338 437
338 503
338 559
338 592
339 12
339 194
339 198
339 476
339 535
339 542
339 596
339 599
340 24
340 204
340 327
340 405
340 430
340 475
340 567
340 579
341 319
341 334
341 398
341 410
341 523
341 563
341 572
341 584
342 207
342 208
342 423
342 474
342 488
342 502
342 556
342 568
343 320
343 329
343 498
343 502
343 520
343 558
343 561
343 575
344 247
344 282
344 365
344 435
344 527
344 532
344 560
344 581
345 148
345 232
345 233
345 247
345 322
345 381
345 388
345 534
346 87
346 106
346 310
346 383
346 387
346 514
346 521
346 547
347 94
347 141
347 287
347 378
347 439
347 483
347 578
347 593
348 179
348 246
348 372
348 421
348 438
348 478
348 482
348 513
349 359
349 400
349 447
349 450
349 492
349 566
349 584
349 590
350 72
350 86
350 318
350 477
350 481
350 488
350 583
350 599
351 17
351 197
351 241
351 249
351 257
351 262
351 443
351 545
352 40
352 53
352 77
352 90
352 129
352 239
352 286
352 517
353 63
353 508
353 540
353 542
353 543
353 575
353 580
353 586
354 357
354 418
354 472
354 509
354 527
354 532
354 539
354 581
355 127
355 166
355 319
355 438
355 482
355 513
355 539
355 587
356 209
356 491
356 498
356 502
356 520
356 554
356 558
356 568
357 42
357 181
357 354
357 436
357 472
357 505
357 509
357 536
358 7
358 210
358 391
358 435
358 546
358 560
358 576
358 577
359 76
359 166
359 171
359 286
359 349
359 450
359 565
359 587
360 26
360 191
360 449
360 526
360 539
360 550
360 574
360 587
361 45
361 228
361 322
361 546
361 555
361 577
361 581
361 585
362 309
362 364
362 490
362 508
362 525
362 540
362 575
362 586
363 219
363 401
363 425
363 486
363 580
363 595
363 596
363 597
364 60
364 62
364 259
364 362
364 490
364 540
364 543
364 575
364 586
365 142
365 173
365 309
365 344
365 515
365 546
365 576
365 577
365 587
366 75
366 108
366 383
366 393
366 399
366 432
366 533
366 547
366 577
367 153
367 176
367 195
367 205
367 370
367 380
367 436
367 560
367 576
368 134
368 172
368 218
368 294
368 395
368 410
368 428
368 457
368 598
369 235
369 254
369 258
369 471
369 474
369 487
369 493
369 507
369 582
370 180
370 205
370 367
370 371
370 372
370 418
370 509
370 546
370 577
371 321
371 370
371 425
371 530
371 564
371 580
371 595
371 597
371 598
372 65
372 265
372 299
372 348
372 370
372 452
372 522
372 563
372 572
373 133
373 147
373 296
373 399
373 442
373 483
373 499
373 528
373 586
374 4
374 314
374 402
374 410
374 422
374 434
374 454
374 582
374 588
375 33
375 85
375 214
375 235
375 289
375 388
375 394
375 414
375 534
376 48
376 279
376 380
376 405
376 553
376 562
376 579
376 591
376 596
377 23
377 222
377 486
377 488
377 516
377 524
377 535
377 542
377 596
378 273
378 281
378 347
378 379
378 401
378 436
378 461
378 507
378 578
379 140
379 160
379 161
379 174
379 207
379 255
379 271
379 302
379 378
380 217
380 312
380 367
380 376
380 523
380 527
380 560
380 576
380 581
381 20
381 33
381 214
381 235
381 345
381 388
381 534
381 568
381 588
382 92
382 215
382 412
382 463
382 479
382 504
382 541
382 552
382 592
383 136
383 195
383 346
383 366
383 389
383 521
383 547
383 593
383 594
384 408
384 481
384 488
384 501
384 536
384 540
384 590
384 594
384 599
385 70
385 71
385 95
385 416
385 479
385 494
385 546
385 548
385 555
386 6
386 135
386 199
386 338
386 473
386 503
386 559
386 570
386 592
387 291
387 346
387 421
387 449
387 451
387 510
387 526
387 550
387 553
388 22
388 85
388 247
388 289
388 345
388 375
388 381
388 445
388 532
389 83
389 104
389 195
389 383
389 390
389 420
389 521
389 533
389 573
390 38
390 249
390 389
390 446
390 481
390 496
390 549
390 569
390 590
391 46
391 127
391 173
391 358
391 527
391 576
391 577
391 581
391 586
392 168
392 426
392 427
392 451
392 510
392 526
392 550
392 551
392 574
393 195
393 366
393 420
393 455
393 505
393 514
393 521
393 533
393 573
394 321
394 335
394 375
394 445
394 476
394 516
394 518
394 524
394 542
395 43
395 368
395 406
395 439
395 457
395 484
395 494
395 552
395 593
396 3
396 19
396 144
396 250
396 453
396 487
396 489
396 491
396 585
397 76
397 267
397 486
397 530
397 564
397 580
397 595
397 597
397 598
398 166
398 332
398 341
398 416
398 447
398 478
398 515
398 523
398 583
399 110
399 261
399 267
399 366
399 373
399 420
399 514
399 534
399 537
400 319
400 349
400 478
400 506
400 523
400 539
400 557
400 566
400 587
401 156
401 260
401 281
401 287
401 363
401 378
401 444
401 461
401 497
401 578
402 121
402 154
402 229
402 242
402 374
402 459
402 484
402 548
402 588
402 593
403 91
403 266
403 470
403 480
403 511
403 512
403 519
403 551
403 592
403 598
404 47
404 184
404 204
404 330
404 406
404 469
404 508
404 525
404 540
404 575
405 178
405 190
405 261
405 340
405 376
405 466
405 475
405 557
405 567
405 579
406 4
406 71
406 297
406 315
406 395
406 404
406 528
406 548
406 588
406 593
407 101
407 102
407 148
407 427
407 431
407 453
407 454
407 500
407 550
407 574
408 384
408 435
408 446
408 448
408 481
408 495
408 569
408 583
408 590
408 594
409 98
409 229
409 238
409 446
409 488
409 501
409 583
409 589
409 590
409 594
410 56
410 71
410 134
410 341
410 368
410 374
410 469
410 517
410 547
410 548
411 200
411 212
411 229
411 446
411 481
411 501
411 567
411 569
411 590
411 594
412 6
412 154
412 335
412 382
412 453
412 473
412 503
412 559
412 570
412 592
413 184
413 278
413 293
413 489
413 506
413 525
413 540
413 543
413 575
413 586
414 137
414 218
414 232
414 375
414 415
414 433
414 459
414 494
414 548
414 554
415 56
415 94
415 155
415 336
415 414
415 465
415 484
415 492
415 494
415 517
416 306
416 332
416 385
416 398
416 438
416 513
416 523
416 539
416 584
416 587
417 97
417 100
417 131
417 187
417 252
417 419
417 436
417 460
417 529
417 571
418 55
418 354
418 370
418 419
418 527
418 560
418 565
418 576
418 577
418 581
419 89
419 97
419 244
419 252
419 417
419 418
419 492
419 502
419 543
419 558
420 101
420 124
420 218
420 278
420 389
420 393
420 399
420 521
420 537
420 547
421 26
421 50
421 168
421 328
421 348
421 387
421 510
421 550
421 571
421 574
422 121
422 137
422 151
422 172
422 297
422 374
422 432
422 434
422 517
422 593
423 38
423 190
423 213
423 258
423 342
423 441
423 549
423 551
423 582
423 589
424 81
424 248
424 283
424 299
424 433
424 452
424 513
424 522
424 563
424 572
425 203
425 311
425 363
425 371
425 440
425 538
425 544
425 580
425 595
425 598
426 111
426 157
426 316
426 392
426 449
426 510
426 526
426 550
426 574
426 583
427 144
427 157
427 191
427 202
427 291
427 392
427 407
427 502
427 550
427 574
428 294
428 315
428 368
428 433
428 434
428 458
428 459
428 546
428 548
428 593
429 83
429 200
429 224
429 454
429 487
429 489
429 544
429 572
429 585
429 592
430 21
430 41
430 178
430 311
430 337
430 340
430 465
430 466
430 518
430 586
430 588
431 188
431 209
431 407
431 483
431 530
431 538
431 564
431 580
431 595
431 597
431 598
432 119
432 140
432 161
432 174
432 185
432 207
432 225
432 271
432 302
432 366
432 422
433 100
433 137
433 250
433 331
433 414
433 424
433 428
433 434
433 459
433 484
433 494
434 96
434 100
434 154
434 263
434 336
434 374
434 422
434 428
434 433
434 469
434 489
435 42
435 164
435 344
435 358
435 408
435 523
435 527
435 546
435 555
435 576
435 581
436 59
436 176
436 312
436 357
436 367
436 378
436 417
436 555
436 560
436 576
436 577
437 22
437 32
437 275
437 300
437 338
437 462
437 473
437 479
437 504
437 541
437 552
438 76
438 313
438 348
438 355
438 416
438 464
438 539
438 570
438 584
438 585
438 587
439 125
439 154
439 191
439 294
439 331
439 347
439 395
439 517
439 548
439 554
439 588
440 211
440 319
440 425
440 467
440 530
440 555
440 564
440 580
440 595
440 597
440 598
441 190
441 258
441 284
441 423
441 443
441 458
441 474
441 503
441 556
441 565
441 582
442 56
442 142
442 147
442 177
442 181
442 221
442 373
442 483
442 485
442 499
442 528
443 165
443 276
443 284
443 295
443 351
443 441
443 471
443 507
443 549
443 556
443 589
444 145
444 155
444 249
444 326
444 401
444 488
444 496
444 536
444 583
444 590
444 599
445 0
445 321
445 334
445 388
445 394
445 476
445 518
445 524
445 535
445 545
445 548
446 169
446 390
446 408
446 409
446 411
446 473
446 477
446 488
446 495
446 574
446 594
447 199
447 319
447 349
447 398
447 456
447 464
447 478
447 506
447 523
447 566
447 576
448 24
448 82
448 265
448 408
448 495
448 538
448 564
448 580
448 595
448 597
448 598
449 202
449 360
449 387
449 426
449 450
449 451
449 497
449 500
449 510
449 526
449 574
450 114
450 246
450 290
450 332
450 349
450 359
450 449
450 523
450 566
450 584
450 592
451 157
451 168
451 291
451 328
451 387
451 392
451 449
451 500
451 501
451 506
451 526
452 220
452 224
452 301
452 308
452 317
452 372
452 424
452 491
452 522
452 563
452 572
453 3
453 18
453 102
453 165
453 396
453 407
453 412
453 487
453 491
453 514
453 585
454 18
454 99
454 224
454 374
454 407
454 429
454 489
454 491
454 497
454 544
454 585
455 35
455 101
455 267
455 393
455 514
455 533
455 537
455 547
455 564
455 573
455 591
456 106
456 270
456 305
456 311
456 323
456 447
456 557
456 562
456 565
456 567
456 588
457 80
457 134
457 155
457 303
457 315
457 331
457 368
457 395
457 494
457 548
457 569
458 19
458 49
458 196
458 258
458 294
458 428
458 441
458 471
458 549
458 582
458 589
459 105
459 126
459 155
459 259
459 331
459 402
459 414
459 428
459 433
459 493
459 554
459 556
460 90
460 161
460 292
460 320
460 417
460 492
460 498
460 499
460 502
460 554
460 558
460 568
461 14
461 141
461 170
461 234
461 260
461 273
461 281
461 378
461 401
461 515
461 578
461 579
462 32
462 92
462 118
462 135
462 437
462 473
462 479
462 504
462 517
462 541
462 552
462 592
463 30
463 182
463 242
463 272
463 285
463 382
463 479
463 504
463 541
463 544
463 552
463 570
464 198
464 210
464 325
464 438
464 447
464 478
464 482
464 523
464 566
464 568
464 584
464 587
465 106
465 163
465 225
465 305
465 337
465 415
465 430
465 562
465 565
465 567
465 579
465 591
466 84
466 279
466 283
466 337
466 405
466 430
466 475
466 533
466 553
466 579
466 588
466 591
467 22
467 46
467 143
467 223
467 256
467 440
467 470
467 480
467 511
467 519
467 551
467 552
468 17
468 62
468 163
468 182
468 197
468 257
468 268
468 290
468 307
468 308
468 323
468 545
469 126
469 132
469 263
469 297
469 404
469 410
469 434
469 474
469 493
469 556
469 582
469 589
470 77
470 223
470 256
470 266
470 277
470 403
470 467
470 511
470 512
470 519
470 551
470 575
471 49
471 196
471 254
471 369
471 443
471 458
471 493
471 507
471 520
471 524
471 556
471 589
472 59
472 67
472 164
472 176
472 180
472 228
472 354
472 357
472 527
472 544
472 555
472 577
473 103
473 167
473 275
473 335
473 386
473 412
473 437
473 446
473 462
473 475
473 541
473 592
474 213
474 276
474 342
474 369
474 441
474 469
474 507
474 535
474 549
474 566
474 582
474 589
475 36
475 125
475 128
475 163
475 189
475 340
475 405
475 466
475 473
475 557
475 565
475 567
476 31
476 194
476 300
476 334
476 339
476 394
476 445
476 518
476 531
476 535
476 585
476 596
477 57
477 120
477 122
477 251
477 294
477 350
477 446
477 501
477 536
477 569
477 583
477 594
478 295
478 297
478 348
478 398
478 400
478 447
478 464
478 482
478 506
478 584
478 587
478 595
479 30
479 44
479 93
479 186
479 242
479 382
479 385
479 437
479 462
479 463
479 480
479 541
479 592
480 22
480 23
480 46
480 73
480 223
480 266
480 277
480 403
480 467
480 479
480 512
480 519
480 551
481 155
481 212
481 326
481 350
481 384
481 390
481 408
481 411
481 536
481 576
481 583
481 590
481 594
482 139
482 199
482 210
482 246
482 289
482 319
482 348
482 355
482 464
482 478
482 513
482 539
482 581
483 2
483 88
483 133
483 177
483 296
483 347
483 373
483 431
483 442
483 485
483 487
483 499
483 528
484 80
484 105
484 116
484 172
484 395
484 402
484 415
484 433
484 499
484 517
484 554
484 593
484 599
485 45
485 88
485 142
485 177
485 183
485 274
485 290
485 296
485 442
485 483
485 499
485 528
485 553
486 203
486 205
486 215
486 363
486 377
486 397
486 530
486 538
486 564
486 580
486 581
486 595
486 597
487 18
487 83
487 144
487 165
487 369
487 396
487 429
487 453
487 483
487 489
487 512
487 544
487 585
488 72
488 229
488 264
488 342
488 350
488 377
488 384
488 409
488 444
488 446
488 569
488 594
488 599
489 69
489 200
489 224
489 324
489 396
489 413
489 429
489 434
489 454
489 487
489 491
489 544
489 585
490 47
490 63
490 89
490 259
490 293
490 362
490 364
490 516
490 525
490 540
490 559
490 575
490 586
491 99
491 144
491 165
491 224
491 324
491 356
491 396
491 452
491 453
491 454
491 489
491 541
491 585
492 39
492 152
492 306
492 329
492 349
492 415
492 419
492 460
492 498
492 529
492 561
492 568
492 571
493 49
493 67
493 258
493 276
493 295
493 369
493 459
493 469
493 471
493 557
493 582
493 589
493 597
494 56
494 183
494 211
494 294
494 314
494 385
494 395
494 414
494 415
494 433
494 457
494 593
494 598
495 135
495 145
495 169
495 264
495 304
495 324
495 408
495 446
495 448
495 569
495 583
495 590
495 594
496 12
496 201
496 212
496 269
496 298
496 304
496 326
496 390
496 444
496 569
496 576
496 583
496 595
497 14
497 109
497 156
497 206
497 213
497 234
497 260
497 287
497 318
497 401
497 449
497 454
497 578
498 128
498 243
498 320
498 329
498 343
498 356
498 460
498 492
498 520
498 528
498 558
498 561
498 568
498 589
499 2
499 45
499 88
499 147
499 183
499 221
499 373
499 442
499 460
499 483
499 484
499 485
499 528
499 591
500 16
500 133
500 157
500 168
500 202
500 304
500 316
500 407
500 449
500 451
500 504
500 510
500 526
500 574
501 86
501 98
501 199
501 269
501 304
501 326
501 384
501 409
501 411
501 451
501 477
501 559
501 590
501 599
502 7
502 97
502 128
502 149
502 226
502 292
502 342
502 343
502 356
502 419
502 427
502 460
502 529
502 561
503 2
503 44
503 57
503 111
503 275
503 285
503 338
503 386
503 412
503 441
503 527
503 531
503 552
503 570
504 29
504 30
504 107
504 186
504 221
504 382
504 437
504 462
504 463
504 500
504 549
504 559
504 567
504 570
505 86
505 95
505 115
505 181
505 217
505 271
505 312
505 357
505 393
505 515
505 531
505 546
505 577
505 581
506 9
506 10
506 13
506 188
506 230
506 332
506 400
506 413
506 447
506 451
506 478
506 561
506 569
506 584
507 8
507 124
507 213
507 276
507 284
507 369
507 378
507 443
507 471
507 474
507 549
507 556
507 582
507 589
508 36
508 159
508 179
508 204
508 216
508 227
508 235
508 237
508 330
508 353
508 362
508 404
508 540
508 575
509 115
509 180
509 181
509 228
509 244
509 318
509 354
509 357
509 370
509 515
509 555
509 577
509 581
509 589
510 157
510 191
510 226
510 257
510 328
510 387
510 392
510 421
510 426
510 449
510 500
510 526
510 553
510 574
511 73
511 143
511 223
511 262
511 266
511 277
511 403
511 467
511 470
511 512
511 519
511 534
511 551
511 568
512 30
512 46
512 143
512 256
512 266
512 277
512 403
512 470
512 480
512 487
512 511
512 513
512 519
512 551
513 37
513 171
513 199
513 256
513 325
513 348
513 355
513 416
513 424
513 482
513 512
513 539
513 566
513 584
514 35
514 124
514 240
514 264
514 280
514 346
514 393
514 399
514 453
514 455
514 521
514 547
514 573
514 579
515 60
515 95
515 312
515 322
515 365
515 398
515 461
515 505
515 509
515 516
515 527
515 532
515 546
515 560
516 23
516 28
516 31
516 50
516 194
516 198
516 300
516 377
516 394
516 490
516 515
516 518
516 524
516 535
516 596
517 4
517 43
517 263
517 314
517 331
517 352
517 410
517 415
517 422
517 439
517 462
517 484
517 543
517 588
517 593
518 31
518 49
518 66
518 78
518 198
518 245
518 288
518 334
518 394
518 430
518 445
518 476
518 516
518 542
518 596
519 46
519 91
519 256
519 266
519 277
519 295
519 403
519 467
519 470
519 480
519 511
519 512
519 543
519 551
519 592
520 122
520 167
520 187
520 208
520 292
520 329
520 343
520 356
520 471
520 498
520 529
520 541
520 554
520 558
520 571
521 73
521 149
521 166
521 261
521 267
521 310
521 346
521 383
521 389
521 393
521 420
521 514
521 547
521 573
521 589
522 25
522 65
522 81
522 176
522 248
522 265
522 301
522 308
522 322
522 372
522 424
522 452
522 563
522 572
522 599
523 37
523 147
523 166
523 341
523 380
523 398
523 400
523 416
523 435
523 447
523 450
523 464
523 539
523 584
523 587
524 23
524 74
524 129
524 288
524 300
524 321
524 377
524 394
524 445
524 471
524 516
524 528
524 535
524 542
524 596
525 184
525 216
525 227
525 278
525 279
525 293
525 362
525 404
525 413
525 490
525 537
525 543
525 575
525 586
525 591
526 26
526 50
526 108
526 175
526 307
526 328
526 360
526 387
526 392
526 426
526 449
526 451
526 500
526 510
526 550
527 139
527 152
527 181
527 217
527 332
527 344
527 354
527 380
527 391
527 418
527 435
527 472
527 503
527 515
527 577
527 581
528 2
528 45
528 66
528 88
528 133
528 164
528 177
528 274
528 373
528 406
528 442
528 483
528 485
528 498
528 499
528 524
529 7
529 52
529 128
529 226
529 230
529 275
529 305
529 306
529 314
529 417
529 492
529 502
529 520
529 558
529 568
529 571
530 16
530 82
530 219
530 220
530 371
530 397
530 431
530 440
530 486
530 538
530 558
530 575
530 580
530 595
530 597
530 598
531 32
531 111
531 186
531 221
531 274
531 275
531 285
531 323
531 335
531 476
531 503
531 505
531 541
531 559
531 570
531 592
532 37
532 51
532 85
532 132
532 214
532 289
532 308
532 312
532 322
532 344
532 354
532 388
532 515
532 534
532 555
532 577
533 108
533 136
533 149
533 158
533 195
533 261
533 280
533 300
533 366
533 389
533 393
533 455
533 466
533 536
533 537
533 573
534 5
534 20
534 85
534 132
534 148
534 163
534 233
534 235
534 247
534 289
534 345
534 375
534 381
534 399
534 511
534 532
535 0
535 78
535 134
535 222
535 321
535 334
535 339
535 377
535 445
535 474
535 476
535 516
535 524
535 542
535 595
535 596
536 98
536 188
536 217
536 251
536 298
536 326
536 357
536 384
536 444
536 477
536 481
536 533
536 569
536 583
536 590
536 594
537 94
537 101
537 104
537 108
537 110
537 149
537 158
537 193
537 399
537 420
537 455
537 525
537 533
537 547
537 573
537 591
538 209
538 215
538 238
538 265
538 425
538 431
538 448
538 486
538 530
538 564
538 580
538 585
538 593
538 595
538 597
538 598
539 15
539 37
539 171
539 332
539 354
539 355
539 360
539 400
539 416
539 438
539 482
539 513
539 523
539 566
539 580
539 584
539 587
540 20
540 36
540 47
540 159
540 216
540 227
540 353
540 362
540 364
540 384
540 404
540 413
540 490
540 508
540 543
540 575
540 578
541 29
541 32
541 111
541 335
541 382
541 437
541 462
541 463
541 473
541 479
541 491
541 520
541 531
541 552
541 559
541 570
541 579
542 0
542 71
542 194
542 222
542 245
542 272
542 288
542 321
542 334
542 339
542 353
542 377
542 394
542 518
542 524
542 535
542 596
543 36
543 117
543 159
543 160
543 184
543 259
543 330
543 353
543 364
543 413
543 419
543 517
543 519
543 525
543 540
543 575
543 586
544 3
544 51
544 64
544 83
544 102
544 165
544 200
544 250
544 273
544 324
544 425
544 429
544 454
544 463
544 472
544 487
544 489
545 17
545 58
545 62
545 123
545 182
545 197
545 241
545 257
545 262
545 268
545 290
545 307
545 323
545 351
545 445
545 468
545 561
546 42
546 95
546 140
546 282
546 328
546 358
546 361
546 365
546 370
546 385
546 428
546 435
546 505
546 515
546 560
546 576
546 585
547 87
547 104
547 136
547 240
547 264
547 310
547 346
547 366
547 383
547 410
547 420
547 455
547 514
547 521
547 537
547 566
547 573
547 593
548 4
548 94
548 116
548 121
548 126
548 162
548 263
548 385
548 402
548 406
548 410
548 414
548 428
548 439
548 445
548 457
548 593
548 594
549 8
549 49
549 196
549 206
549 232
549 254
549 284
549 390
549 423
549 443
549 458
549 474
549 504
549 507
549 556
549 566
549 582
549 589
550 26
550 50
550 175
550 191
550 202
550 211
550 316
550 328
550 360
550 387
550 392
550 407
550 421
550 426
550 427
550 526
550 574
550 586
551 13
551 22
551 73
551 91
551 143
551 208
551 223
551 256
551 277
551 392
551 403
551 423
551 467
551 470
551 480
551 511
551 512
551 519
552 0
552 8
552 29
552 44
552 103
552 107
552 135
552 272
552 382
552 395
552 437
552 462
552 463
552 467
552 503
552 541
552 559
552 592
553 145
553 151
553 153
553 162
553 175
553 189
553 201
553 270
553 337
553 376
553 387
553 466
553 485
553 510
553 567
553 579
553 588
553 591
554 202
554 218
554 236
554 284
554 294
554 306
554 356
554 414
554 439
554 459
554 460
554 484
554 520
554 555
554 561
554 568
554 570
554 588
555 11
555 42
555 60
555 92
555 115
555 205
555 254
555 309
555 361
555 385
555 435
555 436
555 440
555 472
555 509
555 532
555 554
555 581
556 8
556 9
556 19
556 232
556 254
556 284
556 295
556 302
556 342
556 441
556 443
556 459
556 469
556 471
556 507
556 549
556 557
556 582
557 26
557 61
557 84
557 112
557 146
557 201
557 318
557 400
557 405
557 456
557 475
557 493
557 556
557 565
557 567
557 579
557 588
557 591
558 7
558 28
558 52
558 89
558 152
558 167
558 226
558 248
558 271
558 343
558 356
558 419
558 460
558 498
558 520
558 529
558 530
558 568
559 6
559 29
559 93
559 111
559 136
559 192
559 193
559 241
559 338
559 386
559 412
559 490
559 501
559 504
559 531
559 541
559 552
559 592
560 33
560 59
560 110
560 121
560 282
560 309
560 344
560 358
560 367
560 380
560 418
560 436
560 515
560 546
560 561
560 563
560 577
560 581
561 89
561 97
561 128
561 152
561 208
561 252
561 292
561 306
561 329
561 343
561 492
561 498
561 502
561 506
561 545
561 554
561 560
561 571
561 584
562 27
562 65
562 112
562 138
562 146
562 175
562 178
562 189
562 201
562 246
562 305
562 317
562 376
562 456
562 465
562 565
562 567
562 583
562 591
563 25
563 65
563 81
563 168
563 248
563 265
563 283
563 299
563 301
563 308
563 317
563 341
563 372
563 424
563 452
563 522
563 560
563 566
563 572
564 44
564 113
564 159
564 203
564 209
564 238
564 371
564 397
564 431
564 440
564 448
564 455
564 486
564 538
564 580
564 590
564 595
564 597
564 598
565 41
565 61
565 106
565 138
565 146
565 233
565 279
565 311
565 318
565 327
565 359
565 418
565 441
565 456
565 465
565 475
565 557
565 562
565 567
565 579
566 10
566 15
566 114
566 139
566 171
566 179
566 210
566 313
566 319
566 349
566 400
566 447
566 450
566 464
566 474
566 513
566 539
566 547
566 549
566 563
567 84
567 112
567 162
567 189
567 201
567 217
567 340
567 405
567 411
567 456
567 465
567 475
567 504
567 553
567 557
567 562
567 565
567 568
567 579
567 588
568 89
568 127
568 208
568 236
568 311
568 320
568 329
568 342
568 356
568 381
568 460
568 464
568 492
568 498
568 511
568 529
568 554
568 558
568 567
568 571
569 12
569 177
569 230
569 231
569 243
569 298
569 303
569 390
569 408
569 411
569 457
569 477
569 488
569 495
569 496
569 506
569 536
569 571
569 583
569 599
570 6
570 44
570 92
570 135
570 193
570 272
570 275
570 285
570 326
570 386
570 412
570 438
570 463
570 503
570 504
570 531
570 541
570 554
570 573
570 592
571 39
571 41
571 52
571 131
571 167
571 208
571 226
571 244
571 292
571 306
571 312
571 320
571 417
571 421
571 492
571 520
571 529
571 561
571 568
571 569
572 6
572 25
572 65
572 81
572 91
572 248
572 265
572 274
572 283
572 299
572 301
572 308
572 317
572 341
572 372
572 424
572 429
572 452
572 522
572 563
573 35
573 39
573 42
573 87
573 93
573 101
573 108
573 136
573 149
573 240
573 261
573 310
573 389
573 393
573 455
573 514
573 521
573 533
573 537
573 547
573 570
574 16
574 61
574 168
574 202
574 212
574 291
574 303
574 311
574 316
574 360
574 392
574 407
574 421
574 426
574 427
574 446
574 449
574 500
574 510
574 550
574 591
575 63
575 81
575 117
575 204
575 237
575 278
575 330
575 343
575 353
575 362
575 364
575 404
575 413
575 470
575 490
575 508
575 525
575 530
575 540
575 543
575 586
576 11
576 55
576 70
576 127
576 150
576 164
576 180
576 282
576 358
576 365
576 367
576 380
576 391
576 418
576 435
576 436
576 447
576 481
576 496
576 546
576 577
577 15
577 29
577 59
577 70
577 164
577 179
577 358
577 361
577 365
577 366
577 370
577 391
577 418
577 436
577 472
577 505
577 509
577 527
577 532
577 560
577 576
578 14
578 109
578 141
578 156
578 158
578 170
578 203
578 206
578 234
578 260
578 273
578 281
578 287
578 318
578 347
578 378
578 401
578 461
578 497
578 540
578 581
579 41
579 112
579 138
579 175
579 327
579 330
579 337
579 340
579 376
579 405
579 461
579 465
579 466
579 514
579 541
579 553
579 557
579 565
579 567
579 588
579 591
580 24
580 113
580 215
580 220
580 221
580 238
580 353
580 363
580 371
580 397
580 425
580 431
580 440
580 448
580 486
580 530
580 538
580 539
580 564
580 582
580 595
580 598
581 11
581 70
581 115
581 120
581 164
581 173
581 322
581 344
581 354
581 361
581 380
581 391
581 418
581 435
581 482
581 486
581 505
581 509
581 527
581 555
581 560
581 578
582 19
582 67
582 105
582 196
582 232
582 254
582 291
582 295
582 369
582 374
582 423
582 441
582 458
582 469
582 474
582 493
582 507
582 549
582 556
582 580
582 587
582 589
583 12
583 72
583 212
583 249
583 298
583 312
583 350
583 398
583 408
583 409
583 426
583 444
583 477
583 481
583 495
583 496
583 536
583 562
583 569
583 590
583 594
583 599
584 76
584 88
584 95
584 114
584 171
584 246
584 319
584 325
584 341
584 349
584 416
584 438
584 450
584 464
584 478
584 506
584 513
584 523
584 539
584 561
584 587
584 588
585 1
585 18
585 51
585 64
585 83
585 99
585 118
585 165
585 224
585 250
585 324
585 361
585 396
585 429
585 438
585 453
585 454
585 476
585 487
585 489
585 491
585 538
585 546
586 36
586 63
586 159
586 204
586 216
586 227
586 237
586 255
586 259
586 278
586 293
586 353
586 362
586 364
586 373
586 391
586 413
586 430
586 490
586 525
586 543
586 550
586 575
587 10
587 15
587 113
587 114
587 166
587 173
587 179
587 313
587 325
587 332
587 355
587 359
587 360
587 365
587 400
587 416
587 438
587 464
587 478
587 523
587 539
587 582
587 584
588 69
588 219
588 231
588 270
588 331
588 336
588 337
588 374
588 381
588 402
588 406
588 430
588 439
588 456
588 466
588 517
588 553
588 554
588 557
588 567
588 579
588 584
588 591
589 8
589 34
589 54
589 190
589 213
589 232
589 254
589 258
589 295
589 409
589 423
589 443
589 458
589 469
589 471
589 474
589 493
589 498
589 507
589 509
589 521
589 549
589 582
590 12
590 58
590 96
590 167
590 196
590 243
590 304
590 326
590 349
590 384
590 390
590 408
590 409
590 411
590 444
590 481
590 495
590 501
590 536
590 564
590 583
590 592
590 599
591 21
591 27
591 41
591 48
591 61
591 153
591 189
591 270
591 279
591 337
591 376
591 455
591 465
591 466
591 499
591 525
591 537
591 553
591 557
591 562
591 574
591 579
591 588
592 57
592 93
592 103
592 192
592 242
592 275
592 285
592 338
592 382
592 386
592 403
592 412
592 429
592 450
592 462
592 473
592 479
592 519
592 531
592 552
592 559
592 570
592 590
593 56
593 116
593 126
593 155
593 172
593 218
593 313
593 314
593 336
593 347
593 383
593 395
593 402
593 406
593 422
593 428
593 484
593 494
593 517
593 538
593 547
593 548
593 599
594 9
594 96
594 151
594 169
594 188
594 222
594 230
594 243
594 264
594 383
594 384
594 408
594 409
594 411
594 446
594 477
594 481
594 488
594 495
594 536
594 548
594 583
594 596
594 599
595 82
595 99
595 194
595 203
595 211
595 215
595 219
595 220
595 363
595 371
595 397
595 425
595 431
595 440
595 448
595 478
595 486
595 496
595 530
595 535
595 538
595 564
595 580
595 597
595 598
596 0
596 28
596 68
596 74
596 78
596 194
596 198
596 222
596 228
596 266
596 288
596 300
596 321
596 334
596 339
596 363
596 376
596 377
596 476
596 516
596 518
596 524
596 535
596 542
596 594
597 24
597 43
597 55
597 63
597 113
597 209
597 211
597 215
597 219
597 220
597 238
597 299
597 363
597 371
597 397
597 431
597 440
597 448
597 486
597 493
597 530
597 538
597 564
597 595
597 598
598 24
598 80
598 82
598 113
598 146
598 203
598 209
598 211
598 219
598 238
598 368
598 371
598 397
598 403
598 425
598 431
598 440
598 448
598 494
598 530
598 538
598 564
598 580
598 595
598 597
599 13
599 38
599 53
599 58
599 86
599 96
599 120
599 145
599 249
599 251
599 304
599 326
599 339
599 350
599 384
599 444
599 484
599 488
599 501
599 522
599 569
599 583
599 590
599 593
599 594
