260 539
207 297
272 526
546 558
238 535
309 557
29 433
22 570
78 557
234 569
371 549
498 509
79 549
408 597
273 584
248 378
6 597
464 514
275 569
434 571
65 420
152 420
332 467
364 371
407 597
452 597
530 574
91 562
401 558
131 571
75 102
260 488
105 567
359 464
165 571
539 584
254 359
272 530
113 563
549 575
15 247
103 410
317 340
336 514
180 359
210 575
52 464
219 312
62 567
470 553
101 597
186 260
501 549
102 474
24 575
174 497
371 530
434 557
152 434
591 596
87 470
293 371
491 570
567 597
230 336
557 565
474 530
470 596
69 522
63 410
78 230
24 184
230 535
430 437
244 526
219 471
87 497
259 535
359 571
488 563
509 546
98 364
113 557
0 410
341 565
317 575
430 562
83 248
180 522
530 596
209 584
514 563
327 385
41 407
238 570
257 467
497 593
530 546
254 549
273 332
115 574
473 574
180 575
300 569
145 437
470 562
78 591
410 587
437 593
20 593
244 570
546 574
587 596
407 506
553 563
207 506
434 522
293 473
59 113
209 451
324 470
17 219
473 553
557 587
569 587
182 558
539 557
22 135
420 504
421 464
207 451
63 464
184 451
340 498
367 558
20 209
184 297
6 129
103 504
332 549
433 501
103 470
421 522
259 575
30 293
367 567
247 584
63 591
249 270
254 466
79 591
563 565
334 467
46 327
504 506
574 593
219 452
62 222
341 587
24 115
565 597
91 466
464 584
15 234
222 587
407 591
152 509
209 252
14 260
182 563
300 593
309 325
75 334
30 430
575 593
317 591
526 535
407 466
22 259
378 591
497 563
252 488
324 359
71 562
17 21
75 567
394 506
327 451
46 563
60 471
567 591
364 394
497 526
570 597
128 152
565 575
98 546
194 570
312 574
401 584
501 596
509 574
514 584
293 596
105 593
549 567
52 596
128 498
131 530
235 597
275 575
259 471
497 597
248 451
244 549
101 567
60 569
297 364
522 587
194 530
63 570
63 241
452 557
421 570
309 569
21 252
488 498
302 514
210 569
378 567
83 452
29 597
467 558
270 410
18 553
293 539
174 546
257 514
504 553
401 563
296 364
408 539
546 565
464 546
87 194
471 535
312 569
15 488
83 385
113 558
145 571
467 491
394 587
62 296
69 79
270 574
433 558
182 301
249 549
491 553
464 597
235 437
91 565
254 526
131 394
325 504
165 591
558 565
152 597
244 474
421 575
470 535
378 385
509 565
587 597
430 575
408 420
563 574
41 570
186 238
104 437
317 587
252 546
378 587
6 241
340 497
210 340
60 562
473 497
41 104
18 401
273 596
174 257
0 464
514 569
235 501
249 591
420 575
219 567
470 504
275 539
75 302
244 325
222 385
29 562
498 504
301 539
553 593
52 296
135 514
327 565
296 341
105 553
452 571
332 535
471 473
273 297
103 571
14 15
252 506
79 334
0 430
501 575
260 530
509 557
340 562
401 488
65 325
17 562
29 488
145 235
99 574
184 367
452 567
165 194
591 593
20 408
29 98
324 546
378 563
104 526
570 596
297 591
509 596
230 522
69 408
71 530
434 506
371 491
309 526
509 575
584 596
522 565
367 584
401 474
247 557
234 546
129 451
301 471
394 593
91 498
562 570
324 567
128 553
434 501
270 514
78 587
241 434
135 467
466 569
65 535
18 59
249 300
273 546
46 506
186 593
99 591
407 514
336 385
421 571
385 491
539 553
334 562
101 539
530 562
194 275
174 571
474 574
473 558
570 587
334 341
272 473
0 478
0 494
6 284
6 490
14 305
14 134
14 594
15 572
17 542
17 413
18 406
18 561
20 112
20 533
21 577
21 187
21 588
22 551
22 432
24 388
24 350
30 442
30 294
30 543
41 290
41 564
46 391
46 585
52 480
52 595
59 461
59 381
1 59
60 590
60 520
62 566
62 382
65 561
65 229
69 236
50 69
71 541
71 552
71 585
75 547
78 423
79 446
83 449
83 150
87 511
87 120
91 423
35 98
98 566
99 582
99 561
99 594
101 590
101 472
102 495
102 399
102 548
103 398
104 494
104 459
57 105
105 560
113 239
115 484
115 200
115 531
128 496
128 576
129 342
129 357
129 267
80 131
131 454
135 245
135 590
145 155
145 590
152 598
164 165
108 165
165 543
174 435
174 478
53 180
160 180
180 204
182 513
182 588
182 461
184 511
184 525
36 186
107 186
186 216
194 283
207 380
207 516
207 329
49 209
209 360
125 210
210 461
210 556
219 545
222 374
222 373
222 477
230 529
230 486
234 459
234 537
234 505
235 396
235 582
238 418
238 450
195 238
241 426
214 241
200 241
244 499
247 525
247 572
196 247
208 248
248 490
248 468
196 249
249 335
33 252
86 254
254 582
257 517
257 561
48 257
259 343
259 599
260 426
112 270
270 339
270 483
187 272
269 272
272 314
272 462
206 273
161 273
275 298
275 292
275 520
293 347
293 560
296 588
296 402
296 519
94 297
297 381
300 476
300 542
300 338
300 594
301 586
301 495
301 493
301 536
302 304
302 475
302 540
251 302
302 373
309 419
309 537
309 552
1 309
312 524
312 583
142 312
312 568
242 312
317 582
317 486
35 317
317 329
324 536
28 324
324 560
141 324
325 382
233 325
325 510
325 500
327 503
327 581
327 337
280 327
332 447
332 448
323 332
68 332
334 338
334 555
334 429
321 336
336 436
336 560
336 580
336 524
340 508
340 459
340 559
202 341
341 368
341 545
341 568
110 359
359 523
359 465
359 586
364 541
364 484
364 576
364 468
197 367
367 417
367 581
367 468
367 561
371 541
371 579
192 371
371 566
378 538
291 378
118 378
385 457
385 510
385 599
393 394
50 394
394 527
394 568
25 401
401 402
401 457
401 552
191 407
407 477
407 578
407 568
387 408
148 408
188 408
391 408
408 413
410 415
410 582
392 410
410 413
121 410
172 420
202 420
283 420
375 420
198 420
40 421
421 492
421 544
221 421
421 485
430 489
53 430
430 469
430 533
166 430
430 435
206 433
433 505
411 433
433 554
433 502
342 433
433 583
282 433
434 436
434 442
434 583
434 595
73 437
437 585
437 536
416 437
437 578
150 437
451 598
451 583
451 516
451 564
422 451
246 452
400 452
90 452
452 513
185 452
271 464
171 464
464 475
466 590
412 466
218 466
465 466
466 486
466 472
466 538
466 545
467 518
375 467
467 510
415 467
166 467
431 467
470 568
470 507
470 499
470 527
363 471
310 471
243 471
176 471
471 525
413 471
333 473
110 473
387 473
473 594
473 518
229 474
462 474
474 521
443 474
181 474
223 474
266 474
488 585
477 488
488 493
488 592
488 538
405 488
491 595
262 491
491 556
143 491
389 491
487 491
220 491
350 491
352 497
457 497
278 497
333 497
489 497
484 498
498 564
116 498
403 498
294 498
211 498
237 498
498 542
313 501
427 501
346 501
501 572
444 501
171 501
485 501
287 501
461 504
357 504
504 521
392 504
456 504
163 504
151 504
506 555
266 506
361 506
506 599
161 506
506 515
503 506
423 509
479 509
509 516
393 509
482 509
168 509
284 514
256 514
414 514
514 529
195 522
522 531
519 522
403 522
353 522
217 522
344 522
205 522
526 577
373 526
310 526
443 526
245 526
526 547
330 526
77 526
530 586
233 530
432 530
525 530
530 550
146 535
535 541
484 535
68 535
535 555
279 535
535 542
531 535
314 539
500 539
138 539
496 539
369 539
539 577
37 539
416 546
546 582
201 546
458 546
546 566
384 549
543 549
549 580
76 549
549 560
549 588
502 549
549 554
339 549
550 553
33 553
217 553
553 594
553 581
553 573
533 553
544 553
553 561
218 557
557 585
177 557
221 557
528 557
197 557
550 557
237 557
457 557
537 558
177 558
460 558
558 564
558 582
286 558
558 583
555 558
333 558
132 558
23 562
47 562
478 562
481 562
562 581
505 562
515 562
429 562
562 572
242 563
560 563
308 563
425 563
457 563
119 563
307 563
538 563
563 598
269 565
486 565
277 565
86 565
123 565
160 565
368 565
298 565
93 565
56 567
567 586
4 567
355 567
268 567
264 567
183 567
564 567
240 567
305 569
569 577
348 569
8 569
108 569
226 569
288 569
150 569
310 569
339 569
350 569
282 570
536 570
570 581
570 588
256 570
313 570
439 570
398 570
126 570
291 571
427 571
190 571
40 571
411 571
552 571
344 571
43 571
475 571
362 571
92 571
435 571
402 574
439 574
316 574
574 576
271 574
479 574
372 574
253 574
280 574
424 574
149 574
489 575
575 598
144 575
475 575
508 575
575 592
449 575
67 575
493 584
217 584
274 584
482 584
516 584
527 584
51 584
400 584
127 584
524 584
583 584
579 584
463 584
559 587
170 587
363 587
263 587
326 587
456 587
521 587
556 587
542 587
126 587
531 591
85 591
281 591
19 591
77 591
529 591
412 591
517 591
117 591
580 591
130 593
228 593
418 593
318 593
512 593
351 593
94 593
593 599
203 593
320 593
61 593
593 595
538 593
72 596
64 596
178 596
428 596
12 596
594 596
289 596
345 596
383 596
426 596
572 596
393 596
578 596
564 596
368 597
588 597
164 597
386 597
285 597
477 597
519 597
476 597
537 597
492 597
564 597
