544 566
250 449
324 594
480 558
370 462
241 279
399 403
205 597
320 571
442 597
203 548
405 506
392 460
23 566
70 257
413 569
143 558
332 392
238 356
243 442
123 263
456 571
287 352
282 558
288 568
530 548
167 274
315 560
204 370
304 597
260 566
463 530
167 241
444 460
254 551
315 506
250 352
310 442
378 444
351 571
109 444
1 33
83 203
216 420
77 550
282 351
125 556
25 481
530 543
263 310
543 565
279 551
233 556
70 594
492 571
23 546
228 560
13 597
16 268
568 571
380 392
452 564
257 449
204 352
487 560
372 473
442 571
287 462
473 556
58 205
143 485
279 452
105 238
125 243
544 558
214 238
364 495
241 321
315 487
511 535
61 413
90 372
420 492
35 413
378 391
99 452
169 569
243 456
188 530
546 551
257 332
487 550
264 544
550 564
371 556
392 594
108 143
519 597
167 320
444 566
61 544
217 524
88 492
67 391
97 544
217 566
94 568
152 391
108 480
303 340
61 481
88 535
52 560
97 332
263 321
25 594
70 267
551 571
58 456
152 558
441 448
257 444
182 564
68 551
462 594
70 217
75 565
77 254
217 594
288 558
530 558
441 487
366 546
152 565
378 460
351 555
340 524
364 524
41 214
320 351
85 422
99 507
23 260
88 399
310 597
208 287
442 448
473 571
152 546
405 524
32 456
304 519
564 571
460 594
296 380
84 507
228 391
324 444
263 551
288 530
208 278
303 519
292 568
403 535
41 556
68 371
463 546
90 381
349 511
296 506
13 524
65 163
105 571
340 597
356 460
366 399
548 565
381 452
530 565
169 405
254 564
463 555
340 519
123 125
381 550
148 535
8 216
356 391
544 565
182 556
315 441
278 462
238 556
544 555
560 597
233 371
349 422
148 492
288 544
260 392
351 364
109 594
32 324
282 437
371 452
292 442
481 487
278 449
544 546
456 463
97 524
485 555
77 558
250 278
437 543
296 551
555 565
292 597
340 507
485 543
366 485
83 548
340 481
366 463
304 569
35 560
296 495
279 473
565 568
519 524
109 378
492 511
77 551
413 442
152 543
442 495
530 568
449 462
413 524
268 452
25 437
67 506
381 442
35 569
304 560
303 597
94 264
84 519
33 422
164 597
125 550
264 555
74 530
519 569
304 507
366 565
164 267
263 564
90 571
366 543
437 565
568 594
487 507
495 597
268 473
102 480
356 556
351 564
102 371
250 462
84 182
480 506
546 565
403 420
543 568
495 519
460 566
169 506
551 556
267 566
129 463
148 349
268 351
480 550
123 485
148 399
158 449
37 511
228 556
208 564
267 332
241 550
268 571
364 519
558 565
181 556
332 566
257 566
1 535
543 558
163 449
35 181
238 550
420 535
566 594
163 243
481 519
33 511
250 535
462 568
148 448
216 535
254 473
68 550
8 535
303 372
85 535
114 420
378 392
114 349
13 487
546 568
420 511
507 546
208 370
158 364
487 597
188 208
366 403
320 551
257 594
216 321
550 571
65 449
41 205
441 560
204 462
143 546
37 422
67 114
448 555
422 492
182 544
282 568
75 555
320 372
310 507
114 403
422 535
288 548
548 568
381 473
267 594
216 511
233 551
214 405
378 594
52 441
441 569
292 560
448 524
158 188
182 356
324 332
32 543
111 556
123 564
364 442
157 287
267 444
481 507
452 571
37 403
507 560
25 507
321 371
23 594
8 492
463 543
203 564
111 167
560 565
61 292
448 507
448 569
381 564
260 324
422 597
163 370
102 460
321 372
524 597
1 492
158 462
181 188
548 558
555 558
233 571
282 366
99 279
263 571
1 594
448 560
303 495
94 544
481 495
74 564
25 495
380 506
157 188
310 569
203 546
315 569
296 405
524 569
74 437
108 254
560 569
16 551
352 449
448 495
163 352
204 250
392 566
413 597
52 448
164 364
182 274
97 555
105 550
420 519
85 399
543 548
65 208
546 555
403 511
84 364
157 370
203 511
260 594
16 564
463 548
422 511
97 485
214 228
75 568
111 356
487 569
324 460
292 569
332 444
274 564
481 597
129 568
351 550
321 473
85 544
441 524
157 278
381 556
83 264
399 492
125 551
287 370
58 378
485 568
349 535
403 569
264 560
556 566
287 422
449 506
378 566
65 548
129 555
495 560
214 480
296 580
356 491
327 372
413 523
492 591
586 597
