108 474
485 583
159 463
122 489
470 485
298 398
513 595
237 276
506 524
287 555
148 578
536 539
491 599
227 538
98 315
347 599
199 462
298 369
298 592
220 311
304 515
187 588
506 508
204 446
5 187
92 583
168 347
108 495
169 508
312 417
452 597
212 411
228 463
313 492
388 506
483 489
6 365
149 551
107 454
463 588
402 557
144 233
296 383
491 502
304 495
330 506
96 489
6 58
315 349
385 513
365 491
121 576
287 449
547 576
463 597
313 449
43 149
196 383
333 362
470 480
213 538
82 130
538 576
227 555
217 506
109 572
226 227
588 592
384 599
227 485
237 470
21 513
309 417
220 417
238 576
187 508
369 454
309 508
362 588
213 547
491 541
541 599
220 334
144 495
489 583
128 538
191 379
237 551
215 262
69 541
383 385
217 298
136 556
524 583
379 537
538 547
387 395
398 454
330 536
82 467
30 592
196 537
141 595
149 518
464 469
483 551
502 599
141 557
407 599
228 557
197 411
334 599
52 599
333 388
47 469
592 599
276 583
142 148
309 462
169 449
262 363
122 483
470 495
69 312
79 395
381 492
452 474
14 372
168 287
169 407
6 547
34 343
148 330
262 467
212 588
387 588
449 547
136 491
469 541
524 595
483 597
480 555
228 588
402 572
296 536
304 510
313 538
120 462
268 510
172 599
341 492
304 333
313 508
578 583
330 555
187 597
298 370
551 578
381 539
108 379
312 572
510 597
362 488
319 370
411 557
226 480
149 287
58 452
370 491
508 595
464 518
388 583
199 510
136 538
341 572
226 555
280 495
346 446
287 576
449 482
495 578
98 296
122 233
149 547
508 576
334 508
470 524
130 341
480 524
349 536
11 56
485 515
588 597
387 463
556 595
280 536
5 346
347 452
159 515
489 524
215 467
395 482
333 495
537 595
551 583
11 541
238 556
196 492
395 537
30 524
365 599
483 515
449 508
69 502
315 482
395 588
470 578
128 372
212 597
402 539
14 233
191 469
276 556
121 485
384 402
474 537
330 592
298 454
513 539
449 495
363 536
43 268
557 597
343 446
276 492
199 204
312 555
349 541
216 495
304 474
483 495
362 555
45 537
276 491
216 388
196 524
313 315
369 462
506 536
213 539
43 168
108 557
265 597
311 363
333 462
159 495
304 578
385 539
407 502
485 551
467 482
524 551
220 576
454 592
56 488
362 363
446 576
226 341
136 597
5 141
312 506
11 280
53 588
121 369
52 541
196 216
309 556
469 599
98 599
197 597
388 470
92 524
474 518
402 537
508 592
506 576
518 539
52 370
489 551
319 489
492 551
133 141
145 148
53 557
233 588
34 454
79 557
142 464
21 480
191 488
467 572
483 488
172 349
140 599
100 510
159 551
53 411
508 547
515 583
120 480
463 538
30 518
47 541
387 572
595 599
34 100
333 547
71 539
145 449
312 330
539 576
98 518
411 537
145 398
491 595
130 506
71 387
492 578
130 518
388 489
363 387
537 557
237 583
312 588
513 592
82 572
365 595
334 407
11 172
199 407
365 502
130 169
349 467
197 595
462 556
148 572
34 547
311 597
513 518
383 384
483 485
489 515
296 341
369 510
92 578
464 539
213 555
365 469
319 491
107 510
346 407
142 518
515 524
265 463
71 518
6 148
347 583
398 462
346 495
346 372
469 502
506 541
334 556
136 168
133 379
145 506
402 597
107 592
237 536
141 537
407 547
96 133
502 541
369 592
395 402
140 502
383 506
537 588
11 538
238 462
172 215
319 599
346 595
237 555
384 576
145 515
349 599
45 446
537 597
96 541
109 536
446 462
502 595
417 576
191 513
144 592
333 578
100 262
372 547
556 576
56 539
343 538
411 578
524 578
383 488
330 365
370 551
363 597
469 491
309 492
381 464
515 578
262 551
372 417
485 537
262 280
121 578
204 572
315 515
463 557
483 492
45 313
372 510
140 595
43 417
216 268
381 518
109 217
265 387
313 556
411 446
100 216
56 385
346 556
6 462
309 597
485 492
492 583
296 319
79 454
363 557
5 540
14 586
14 584
21 119
21 264
30 498
30 545
47 390
47 413
52 560
52 564
56 442
58 410
58 366
71 554
71 89
79 593
92 554
92 234
96 564
100 575
107 269
107 590
108 598
109 380
109 445
120 596
110 120
122 598
128 496
128 580
133 403
133 192
140 540
142 291
142 397
144 523
144 580
145 453
149 549
159 527
159 259
169 523
10 169
172 504
187 484
158 187
129 191
197 586
204 206
212 413
215 254
215 494
216 500
217 353
217 222
161 220
220 427
226 297
203 226
226 386
227 598
228 415
151 228
238 499
184 238
262 593
265 427
265 450
268 580
268 575
268 596
254 280
65 280
287 598
222 296
10 298
298 569
304 386
304 596
311 596
150 311
97 311
114 312
315 504
319 440
273 319
319 413
333 487
334 458
334 520
339 341
341 453
343 500
256 343
306 343
263 346
347 403
347 486
132 349
362 448
362 591
317 362
365 582
365 497
338 369
369 545
132 370
370 540
325 370
372 434
160 372
372 590
379 590
379 561
377 379
381 529
153 381
381 421
381 497
384 561
234 385
385 562
385 584
387 589
378 388
93 388
395 540
395 569
398 545
398 439
398 498
398 425
219 402
402 415
134 407
366 411
411 549
446 542
425 446
306 446
449 500
452 459
452 468
451 452
175 452
4 452
211 454
177 462
463 499
448 463
463 579
167 463
450 464
464 553
464 591
23 464
464 566
285 467
467 521
225 467
0 467
467 486
412 469
469 517
403 469
442 470
277 470
302 470
290 470
474 590
73 474
474 522
474 486
22 474
480 503
297 480
480 571
389 480
177 482
176 482
95 482
438 482
211 482
419 483
483 490
485 559
485 496
485 591
425 485
93 488
488 598
125 488
397 488
305 489
195 489
394 489
489 494
118 491
359 491
491 522
151 491
278 492
484 492
310 495
317 502
502 575
162 502
288 506
307 506
506 559
239 508
321 508
510 575
62 510
451 510
291 510
162 510
496 513
139 513
450 513
513 548
183 513
415 513
210 513
420 515
440 515
484 518
518 591
518 542
409 524
318 524
264 524
300 536
410 536
521 536
222 536
536 559
537 565
0 537
503 537
249 538
538 569
521 538
306 538
36 538
539 582
539 562
539 542
356 541
390 541
541 565
445 541
458 541
336 547
405 547
551 553
549 551
429 551
416 551
342 555
223 555
555 596
110 555
397 555
275 555
415 556
182 556
393 556
337 556
529 556
556 561
240 556
36 556
113 557
548 557
498 557
557 561
389 557
153 557
453 572
283 572
544 572
285 572
542 572
396 572
252 572
207 572
206 576
184 576
335 576
429 578
564 578
138 578
152 578
29 583
241 583
582 583
423 583
183 588
566 588
15 588
531 588
219 588
354 588
545 592
66 592
430 592
272 592
590 592
425 592
523 592
498 592
413 595
239 595
157 595
548 595
35 595
318 595
569 595
84 595
597 598
596 597
591 597
447 597
214 597
20 599
356 599
527 599
115 599
178 599
336 599
