0 16
0 143
0 172
0 471
0 571
1 310
1 327
1 416
1 422
1 508
2 443
2 446
2 498
2 578
2 584
3 111
3 138
3 459
3 498
3 552
4 128
4 167
4 280
4 453
4 480
5 362
5 435
5 473
5 504
5 527
6 140
6 437
6 446
6 510
6 568
7 162
7 318
7 407
7 419
7 576
8 415
8 491
8 576
8 592
8 596
9 13
9 250
9 369
9 458
9 541
10 333
10 393
10 449
10 489
10 524
11 35
11 302
11 485
11 528
11 588
12 167
12 200
12 448
12 453
12 482
13 9
13 45
13 124
13 458
13 584
14 468
14 473
14 504
14 506
14 527
15 43
15 220
15 445
15 452
15 455
16 0
16 378
16 421
16 499
16 559
17 358
17 429
17 565
17 573
17 595
18 417
18 433
18 513
18 549
18 584
19 487
19 518
19 549
19 588
19 590
20 24
20 162
20 258
20 587
20 599
21 304
21 433
21 531
21 570
21 589
22 363
22 382
22 519
22 557
22 581
23 285
23 384
23 394
23 469
23 507
24 20
24 402
24 422
24 566
24 587
25 221
25 293
25 366
25 467
25 490
26 114
26 391
26 395
26 523
26 593
27 349
27 503
27 537
27 555
27 556
28 405
28 458
28 529
28 540
28 588
29 291
29 363
29 554
29 566
29 577
30 165
30 302
30 355
30 381
30 413
31 377
31 427
31 472
31 526
31 553
32 129
32 191
32 196
32 513
32 561
33 475
33 575
33 580
33 582
33 591
34 169
34 221
34 533
34 573
34 595
35 11
35 518
35 540
35 588
35 590
36 146
36 494
36 572
36 574
36 580
37 399
37 501
37 550
37 557
37 596
38 77
38 85
38 368
38 543
38 563
39 310
39 508
39 577
39 580
39 599
40 281
40 313
40 350
40 353
40 439
41 316
41 377
41 472
41 514
41 526
42 447
42 449
42 489
42 524
42 596
43 15
43 336
43 445
43 452
43 455
44 411
44 468
44 473
44 516
44 527
45 13
45 322
45 462
45 545
45 546
46 134
46 394
46 464
46 469
46 507
47 345
47 522
47 565
47 573
47 595
48 90
48 252
48 354
48 386
48 540
49 341
49 425
49 471
49 571
49 593
50 406
50 491
50 503
50 509
50 576
51 381
51 418
51 501
51 557
51 592
52 184
52 447
52 449
52 474
52 524
53 121
53 190
53 414
53 470
53 555
54 65
54 278
54 491
54 515
54 576
55 492
55 495
55 516
55 521
55 542
56 502
56 569
56 571
56 593
56 598
57 144
57 367
57 390
57 400
57 579
58 352
58 446
58 531
58 548
58 570
59 522
59 523
59 550
59 567
59 573
60 213
60 283
60 414
60 525
60 579
61 315
61 407
61 491
61 509
61 576
62 313
62 451
62 508
62 510
62 599
63 93
63 371
63 460
63 485
63 588
64 386
64 471
64 559
64 571
64 593
65 54
65 344
65 498
65 552
65 578
66 194
66 244
66 254
66 386
66 582
67 297
67 554
67 566
67 577
67 587
68 308
68 531
68 558
68 568
68 570
69 229
69 291
69 518
69 519
69 592
70 137
70 375
70 541
70 549
70 561
71 279
71 338
71 385
71 495
71 590
72 344
72 368
72 497
72 543
72 552
73 160
73 276
73 330
73 498
73 547
74 239
74 445
74 452
74 455
74 559
75 343
75 348
75 442
75 463
75 594
76 200
76 448
76 453
76 480
76 482
77 38
77 194
77 403
77 552
77 563
78 338
78 487
78 540
78 588
78 590
79 173
79 271
79 530
79 532
79 558
80 172
80 471
80 515
80 559
80 585
81 271
81 437
81 517
81 537
81 556
82 194
82 252
82 354
82 385
82 540
83 406
83 419
83 503
83 509
83 576
84 150
84 500
84 532
84 558
84 574
85 38
85 227
85 297
85 392
85 566
86 365
86 422
86 508
86 587
86 599
87 279
87 485
87 518
87 588
87 590
88 204
88 327
88 444
88 566
88 599
89 180
89 393
89 474
89 489
89 524
90 48
90 116
90 239
90 254
90 386
91 140
91 435
91 468
91 506
91 527
92 233
92 399
92 519
92 557
92 596
93 63
93 372
93 485
93 528
93 590
94 137
94 458
94 513
94 560
94 561
95 322
95 458
95 478
95 513
95 584
96 461
96 523
96 565
96 567
96 595
97 193
97 361
97 488
97 562
97 579
98 338
98 522
98 533
98 573
98 589
99 100
99 414
99 525
99 562
99 579
100 99
100 460
100 511
100 572
100 591
101 252
101 386
101 444
101 567
101 595
102 367
102 390
102 525
102 562
102 579
103 345
103 383
103 530
103 539
103 544
104 421
104 475
104 511
104 574
104 580
105 322
105 444
105 486
105 565
105 595
106 109
106 301
106 350
106 353
106 439
107 342
107 394
107 436
107 496
107 507
108 412
108 554
108 566
108 587
108 599
109 106
109 247
109 467
109 490
109 512
110 152
110 199
110 223
110 366
110 512
111 3
111 147
111 337
111 459
111 578
112 135
112 246
112 453
112 482
112 566
113 188
113 423
113 437
113 555
113 560
114 26
114 216
114 320
114 471
114 593
115 190
115 380
115 467
115 490
115 512
116 90
116 126
116 252
116 354
116 386
117 351
117 378
117 391
117 569
117 598
118 454
118 528
118 572
118 574
118 575
119 172
119 391
119 559
119 585
119 593
120 311
120 348
120 387
120 442
120 463
121 53
121 284
121 517
121 555
121 579
122 300
122 304
122 510
122 548
122 570
122 589
123 294
123 365
123 472
123 514
123 526
123 553
124 13
124 191
124 417
124 478
124 549
124 561
125 475
125 535
125 564
125 583
125 594
125 597
126 116
126 450
126 538
126 574
126 575
126 591
127 292
127 364
127 408
127 470
127 483
127 556
128 4
128 167
128 225
128 243
128 453
128 560
129 32
129 191
129 369
129 545
129 560
129 561
130 257
130 370
130 378
130 502
130 585
130 598
131 294
131 316
131 434
131 514
131 526
131 553
132 425
132 453
132 499
132 559
132 571
132 598
133 286
133 332
133 423
133 555
133 556
133 588
134 46
134 275
134 374
134 394
134 404
134 469
135 112
135 314
135 359
135 388
135 466
135 539
136 198
136 270
136 286
136 302
136 355
136 413
137 70
137 94
137 171
137 462
137 513
137 529
138 3
138 274
138 330
138 474
138 497
138 563
139 238
139 315
139 419
139 503
139 509
139 576
140 6
140 91
140 536
140 548
140 568
140 570
141 146
141 551
141 574
141 575
141 582
141 591
142 159
142 369
142 420
142 545
142 549
142 567
143 0
143 319
143 359
143 388
143 410
143 539
144 57
144 433
144 446
144 536
144 548
144 570
145 185
145 372
145 385
145 485
145 487
145 590
146 36
146 141
146 346
146 494
146 511
146 572
147 111
147 325
147 344
147 497
147 547
147 578
148 408
148 437
148 445
148 517
148 537
148 556
149 227
149 337
149 343
149 412
149 587
149 599
150 84
150 466
150 520
150 530
150 532
150 544
151 182
151 285
151 518
151 528
151 588
151 590
152 110
152 223
152 366
152 380
152 490
152 512
153 188
153 349
153 470
153 483
153 537
153 546
154 155
154 360
154 497
154 547
154 563
154 578
155 154
155 212
155 243
155 280
155 453
155 480
156 392
156 416
156 451
156 554
156 577
156 587
157 203
157 262
157 335
157 350
157 353
157 439
158 293
158 420
158 443
158 478
158 529
158 546
159 142
159 250
159 443
159 478
159 489
159 584
160 73
160 334
160 360
160 403
160 543
160 578
161 295
161 357
161 368
161 468
161 547
161 552
162 7
162 20
162 297
162 554
162 577
162 599
163 175
163 239
163 336
163 445
163 452
163 455
164 228
164 478
164 529
164 541
164 545
164 549
165 30
165 235
165 317
165 381
165 413
165 440
166 444
166 461
166 486
166 565
166 567
166 595
167 4
167 12
167 128
167 246
167 453
167 480
168 385
168 424
168 487
168 528
168 588
168 590
169 34
169 233
169 418
169 493
169 519
169 596
170 176
170 334
170 365
170 427
170 434
170 553
171 137
171 458
171 545
171 546
171 551
171 597
172 0
172 80
172 119
172 425
172 559
172 585
173 79
173 176
173 530
173 539
173 544
173 558
174 319
174 466
174 500
174 530
174 539
174 558
175 163
175 336
175 445
175 452
175 455
175 515
176 170
176 173
176 427
176 472
176 514
176 553
177 224
177 395
177 428
177 499
177 534
177 559
178 220
178 478
178 546
178 551
178 560
178 584
179 260
179 340
179 488
179 525
179 562
179 579
180 89
180 335
180 393
180 449
180 474
180 524
181 324
181 346
181 447
181 557
181 581
181 592
182 151
182 380
182 487
182 518
182 588
182 590
183 237
183 260
183 283
183 525
183 562
183 579
184 52
184 327
184 402
184 416
184 554
184 587
185 145
185 438
185 574
185 580
185 582
185 591
186 329
186 475
186 538
186 572
186 582
186 591
187 347
187 362
187 433
187 548
187 568
187 570
188 113
188 153
188 321
188 470
188 517
188 556
189 311
189 312
189 343
189 387
189 442
189 463
190 53
190 115
190 288
190 332
190 408
190 555
191 32
191 124
191 129
191 322
191 458
191 513
192 343
192 348
192 387
192 441
192 442
192 463
193 97
193 484
193 492
193 495
193 521
193 542
194 66
194 77
194 82
194 252
194 354
194 540
195 499
195 519
195 559
195 569
195 593
195 598
196 32
196 269
196 406
196 407
196 515
196 576
197 392
197 402
197 566
197 577
197 587
197 599
198 136
198 270
198 317
198 355
198 381
198 413
199 110
199 247
199 380
199 467
199 490
199 512
200 12
200 76
200 267
200 448
200 480
200 482
201 513
201 545
201 549
201 561
201 562
201 584
202 415
202 492
202 516
202 521
202 529
202 542
203 157
203 335
203 350
203 353
203 439
203 511
204 88
204 272
204 310
204 554
204 577
204 599
205 263
205 332
205 364
205 483
205 555
205 556
206 447
206 449
206 454
206 474
206 489
206 524
207 293
207 366
207 380
207 467
207 490
207 512
208 356
208 389
208 516
208 521
208 542
208 581
209 397
209 428
209 534
209 559
209 571
209 585
210 214
210 295
210 497
210 498
210 547
210 563
210 578
211 242
211 431
211 436
211 464
211 465
211 469
211 507
212 155
212 225
212 243
212 280
212 448
212 482
212 550
213 60
213 379
213 501
213 533
213 567
213 581
213 595
214 210
214 217
214 498
214 543
214 547
214 563
214 578
215 337
215 412
215 482
215 508
215 566
215 587
215 599
216 114
216 320
216 409
216 534
216 569
216 576
216 598
217 214
217 304
217 331
217 446
217 536
217 548
217 570
218 398
218 520
218 564
218 583
218 586
218 594
218 597
219 443
219 462
219 480
219 541
219 546
219 549
219 584
220 15
220 178
220 336
220 445
220 452
220 455
220 515
221 25
221 34
221 345
221 523
221 565
221 567
221 595
222 477
222 493
222 499
222 519
222 550
222 557
222 596
223 110
223 152
223 247
223 467
223 490
223 512
223 551
224 177
224 454
224 494
224 574
224 575
224 580
224 591
225 128
225 212
225 254
225 280
225 448
225 480
225 482
226 392
226 456
226 560
226 561
226 564
226 584
226 597
227 85
227 149
227 291
227 326
227 479
227 572
227 577
228 164
228 541
228 546
228 549
228 551
228 560
228 561
229 69
229 241
229 379
229 463
229 479
229 581
229 592
230 234
230 287
230 326
230 477
230 493
230 519
230 581
231 398
231 408
231 431
231 583
231 586
231 594
231 597
232 281
232 397
232 428
232 502
232 569
232 585
232 598
233 92
233 169
233 399
233 418
233 550
233 557
233 592
234 230
234 326
234 418
234 477
234 493
234 519
234 596
235 165
235 270
235 302
235 317
235 355
235 381
235 413
236 315
236 389
236 406
236 419
236 503
236 515
236 576
237 183
237 305
237 340
237 488
237 525
237 562
237 579
238 139
238 438
238 450
238 511
238 538
238 582
238 591
239 74
239 90
239 163
239 445
239 452
239 455
239 515
240 243
240 272
240 384
240 404
240 465
240 469
240 496
241 229
241 401
241 477
241 519
241 550
241 581
241 592
242 211
242 272
242 342
242 394
242 404
242 469
242 496
243 128
243 155
243 212
243 240
243 448
243 480
243 482
244 66
244 254
244 354
244 386
244 390
244 540
244 598
245 295
245 488
245 525
245 547
245 562
245 563
245 579
246 112
246 167
246 280
246 448
246 453
246 480
246 482
247 109
247 199
247 223
247 366
247 467
247 490
247 512
248 423
248 446
248 510
248 548
248 568
248 570
248 589
249 265
249 352
249 370
249 433
249 510
249 536
249 568
250 9
250 159
250 420
250 449
250 458
250 478
250 561
251 296
251 481
251 564
251 583
251 586
251 594
251 597
252 48
252 82
252 101
252 116
252 194
252 386
252 540
253 369
253 458
253 513
253 541
253 545
253 560
253 584
254 66
254 90
254 225
254 244
254 354
254 386
254 540
255 384
255 394
255 432
255 464
255 465
255 496
255 507
256 389
256 484
256 495
256 516
256 521
256 542
256 547
257 130
257 341
257 351
257 395
257 434
257 551
257 569
258 20
258 296
258 523
258 565
258 567
258 573
258 595
259 383
259 410
259 470
259 500
259 530
259 544
259 558
260 179
260 183
260 261
260 340
260 414
260 562
260 579
261 260
261 371
261 405
261 411
261 473
261 504
261 506
262 157
262 301
262 335
262 350
262 353
262 439
262 440
263 205
263 288
263 321
263 349
263 423
263 555
263 556
264 372
264 456
264 460
264 485
264 528
264 588
264 590
265 249
265 430
265 531
265 536
265 548
265 568
265 582
266 393
266 426
266 447
266 465
266 474
266 489
266 524
267 200
267 481
267 564
267 583
267 586
267 594
267 597
268 303
268 344
268 357
268 403
268 501
268 563
268 578
269 196
269 278
269 419
269 488
269 491
269 509
269 576
270 136
270 198
270 235
270 302
270 355
270 381
270 413
271 79
271 81
271 500
271 530
271 532
271 544
271 558
272 204
272 240
272 242
272 342
272 432
272 464
272 496
273 356
273 396
273 484
273 495
273 516
273 521
273 542
274 138
274 325
274 357
274 497
274 543
274 547
274 578
275 134
275 394
275 404
275 436
275 464
275 496
275 599
276 73
276 277
276 325
276 459
276 498
276 563
276 578
277 276
277 278
277 306
277 315
277 318
277 509
277 576
278 54
278 269
278 277
278 318
278 419
278 509
278 543
279 71
279 87
279 338
279 424
279 426
279 518
279 588
279 590
280 4
280 155
280 212
280 225
280 246
280 448
280 480
280 535
281 40
281 232
281 282
281 301
281 335
281 350
281 353
281 439
282 281
282 287
282 291
282 477
282 493
282 581
282 592
282 596
283 60
283 183
283 361
283 367
283 400
283 525
283 534
283 562
284 121
284 286
284 321
284 408
284 423
284 537
284 555
284 556
285 23
285 151
285 374
285 384
285 436
285 469
285 496
285 507
286 133
286 136
286 284
286 321
286 364
286 537
286 555
286 556
287 230
287 282
287 291
287 401
287 550
287 557
287 592
287 596
288 190
288 263
288 305
288 437
288 470
288 483
288 517
288 555
289 376
289 481
289 512
289 564
289 583
289 586
289 594
289 597
290 325
290 417
290 443
290 529
290 551
290 552
290 563
290 586
291 29
291 69
291 227
291 282
291 287
291 401
291 550
291 596
292 127
292 494
292 511
292 538
292 572
292 575
292 582
292 591
293 25
293 158
293 207
293 366
293 380
293 467
293 490
293 512
294 123
294 131
294 377
294 434
294 514
294 526
294 553
294 579
295 161
295 210
295 245
295 330
295 368
295 403
295 459
295 497
296 251
296 258
296 429
296 461
296 486
296 522
296 565
296 567
297 67
297 85
297 162
297 392
297 508
297 566
297 577
297 599
298 371
298 411
298 468
298 473
298 504
298 506
298 524
298 527
299 457
299 476
299 537
299 564
299 583
299 586
299 594
299 597
300 122
300 328
300 430
300 446
300 531
300 536
300 568
300 570
301 106
301 262
301 281
301 335
301 350
301 353
301 439
301 580
302 11
302 30
302 136
302 235
302 270
302 317
302 381
302 413
303 268
303 357
303 360
303 403
303 466
303 543
303 552
303 578
304 21
304 122
304 217
304 308
304 373
304 531
304 568
304 589
305 237
305 288
305 340
305 361
305 414
305 488
305 562
305 579
306 277
306 315
306 407
306 491
306 503
306 515
306 568
306 576
307 331
307 351
307 425
307 471
307 551
307 569
307 585
307 598
308 68
308 304
308 347
308 370
308 373
308 430
308 433
308 548
309 362
309 405
309 435
309 473
309 504
309 506
309 527
309 572
310 1
310 39
310 204
310 337
310 416
310 536
310 554
310 577
311 120
311 189
311 312
311 343
311 348
311 441
311 463
311 588
312 189
312 311
312 343
312 348
312 387
312 442
312 463
312 485
313 40
313 62
313 416
313 508
313 554
313 566
313 577
313 587
314 135
314 339
314 383
314 532
314 539
314 544
314 558
314 565
315 61
315 139
315 236
315 277
315 306
315 318
315 509
315 576
316 41
316 131
316 334
316 365
316 427
316 514
316 526
316 553
317 165
317 198
317 235
317 302
317 355
317 381
317 404
317 413
318 7
318 277
318 278
318 315
318 407
318 432
318 491
318 503
319 143
319 174
319 410
319 466
319 532
319 539
319 544
319 558
319 598
320 114
320 216
320 378
320 522
320 551
320 559
320 569
320 571
320 593
321 188
321 263
321 284
321 286
321 364
321 423
321 483
321 517
321 537
322 45
322 95
322 105
322 191
322 420
322 529
322 541
322 546
322 561
323 454
323 475
323 479
323 511
323 572
323 574
323 575
323 580
323 582
324 181
324 382
324 399
324 418
324 481
324 493
324 550
324 557
324 592
325 147
325 274
325 276
325 290
325 368
325 426
325 459
325 543
325 578
326 227
326 230
326 234
326 479
326 483
326 501
326 550
326 557
326 581
327 1
327 88
327 184
327 337
327 412
327 508
327 566
327 587
327 599
328 300
328 334
328 375
328 377
328 434
328 472
328 514
328 526
328 553
329 186
329 421
329 432
329 475
329 538
329 565
329 572
329 574
329 582
330 73
330 138
330 295
330 426
330 459
330 543
330 544
330 552
330 578
331 217
331 307
331 347
331 352
331 370
331 446
331 510
331 531
331 568
332 133
332 190
332 205
332 408
332 423
332 477
332 483
332 555
332 556
333 10
333 393
333 426
333 447
333 449
333 474
333 489
333 524
333 592
334 160
334 170
334 316
334 328
334 375
334 377
334 434
334 526
334 553
335 157
335 180
335 203
335 262
335 281
335 301
335 350
335 353
335 439
336 43
336 163
336 175
336 220
336 445
336 452
336 455
336 515
336 589
337 111
337 149
337 215
337 310
337 327
337 412
337 422
337 554
337 577
338 71
338 78
338 98
338 279
338 385
338 485
338 487
338 518
338 528
339 314
339 383
339 466
339 530
339 532
339 539
339 544
339 558
339 584
340 179
340 237
340 260
340 305
340 367
340 400
340 488
340 562
340 579
341 49
341 257
341 342
341 391
341 409
341 502
341 534
341 551
341 598
342 107
342 242
342 272
342 341
342 374
342 436
342 441
342 464
342 496
343 75
343 149
343 189
343 192
343 311
343 312
343 387
343 442
343 463
344 65
344 72
344 147
344 268
344 357
344 403
344 543
344 552
344 563
345 47
345 103
345 221
345 486
345 533
345 565
345 567
345 573
345 595
346 146
346 181
346 347
346 494
346 519
346 550
346 574
346 580
346 596
347 187
347 308
347 331
347 346
347 352
347 531
347 536
347 570
347 589
348 75
348 120
348 192
348 311
348 312
348 349
348 387
348 442
348 463
349 27
349 153
349 263
349 348
349 364
349 408
349 517
349 537
349 556
350 40
350 106
350 157
350 203
350 262
350 281
350 301
350 335
350 439
351 117
351 257
351 307
351 459
351 534
351 569
351 571
351 585
351 598
352 58
352 249
352 331
352 347
352 370
352 510
352 568
352 570
352 580
353 40
353 106
353 157
353 203
353 262
353 281
353 301
353 335
353 439
354 48
354 82
354 116
354 194
354 244
354 254
354 386
354 410
354 540
355 30
355 136
355 198
355 235
355 270
355 317
355 360
355 381
355 413
356 208
356 273
356 415
356 440
356 492
356 495
356 516
356 521
356 542
357 161
357 268
357 274
357 303
357 344
357 497
357 498
357 547
357 552
358 17
358 359
358 444
358 522
358 533
358 565
358 573
358 589
358 595
359 135
359 143
359 358
359 410
359 500
359 532
359 539
359 544
359 558
360 154
360 160
360 303
360 355
360 403
360 498
360 543
360 563
360 578
361 97
361 283
361 305
361 390
361 400
361 488
361 555
361 562
361 579
362 5
362 187
362 309
362 405
362 411
362 468
362 504
362 506
362 527
363 22
363 29
363 407
363 501
363 554
363 566
363 587
363 592
363 596
364 127
364 205
364 286
364 321
364 349
364 437
364 443
364 537
364 555
365 86
365 123
365 170
365 316
365 375
365 472
365 514
365 526
365 553
366 25
366 110
366 152
366 207
366 247
366 293
366 380
366 490
366 512
367 57
367 102
367 283
367 340
367 390
367 414
367 488
367 525
367 579
368 38
368 72
368 161
368 295
368 325
368 536
368 547
368 552
368 578
369 9
369 129
369 142
369 253
369 417
369 471
369 529
369 549
369 561
369 584
370 130
370 249
370 308
370 331
370 352
370 531
370 536
370 548
370 568
370 570
371 63
371 261
371 298
371 405
371 411
371 468
371 473
371 504
371 506
371 527
372 93
372 145
372 264
372 373
372 424
372 487
372 518
372 528
372 588
372 590
373 304
373 308
373 372
373 430
373 433
373 510
373 536
373 548
373 570
373 589
374 134
374 285
374 342
374 384
374 436
374 464
374 465
374 469
374 507
374 590
375 70
375 328
375 334
375 365
375 427
375 434
375 472
375 514
375 526
375 553
376 289
376 469
376 505
376 520
376 535
376 564
376 583
376 586
376 594
376 597
377 31
377 41
377 294
377 328
377 334
377 427
377 434
377 462
377 514
377 553
378 16
378 117
378 130
378 320
378 395
378 397
378 487
378 534
378 593
378 598
379 213
379 229
379 401
379 418
379 501
379 504
379 519
379 550
379 557
379 592
380 115
380 152
380 182
380 199
380 207
380 293
380 366
380 467
380 490
380 512
381 30
381 51
381 165
381 198
381 235
381 270
381 302
381 317
381 355
381 413
382 22
382 324
382 383
382 401
382 479
382 493
382 519
382 557
382 592
382 596
383 103
383 259
383 314
383 339
383 382
383 410
383 500
383 530
383 544
383 558
384 23
384 240
384 255
384 285
384 374
384 423
384 430
384 436
384 441
384 496
385 71
385 82
385 145
385 168
385 338
385 424
385 487
385 528
385 588
385 590
386 48
386 64
386 66
386 90
386 101
386 116
386 244
386 252
386 254
386 354
387 120
387 189
387 192
387 312
387 343
387 348
387 388
387 441
387 442
387 463
388 135
388 143
388 387
388 410
388 466
388 500
388 530
388 532
388 539
388 558
389 208
389 236
389 256
389 396
389 440
389 484
389 495
389 516
389 521
389 542
390 57
390 102
390 244
390 361
390 367
390 414
390 488
390 525
390 562
390 579
391 26
391 117
391 119
391 341
391 409
391 499
391 534
391 569
391 573
391 585
392 85
392 156
392 197
392 226
392 297
392 412
392 508
392 554
392 587
392 599
393 10
393 89
393 180
393 266
393 333
393 417
393 447
393 474
393 489
393 524
394 23
394 46
394 107
394 134
394 242
394 255
394 275
394 441
394 496
394 500
395 26
395 177
395 257
395 378
395 428
395 499
395 571
395 591
395 593
395 598
396 273
396 389
396 415
396 440
396 484
396 492
396 516
396 521
396 542
396 593
397 209
397 232
397 378
397 482
397 502
397 534
397 569
397 571
397 585
397 598
398 218
398 231
398 476
398 520
398 535
398 583
398 586
398 594
398 597
398 599
399 37
399 92
399 233
399 324
399 403
399 477
399 493
399 557
399 581
399 596
400 57
400 283
400 340
400 361
400 414
400 488
400 525
400 532
400 562
400 579
401 241
401 287
401 291
401 379
401 382
401 418
401 467
401 501
401 550
401 581
402 24
402 184
402 197
402 416
402 554
402 566
402 577
402 587
402 595
402 599
403 77
403 160
403 268
403 295
403 303
403 344
403 360
403 399
403 498
403 552
404 134
404 240
404 242
404 275
404 317
404 432
404 464
404 465
404 496
404 507
405 28
405 261
405 309
405 362
405 371
405 435
405 468
405 473
405 506
405 527
406 50
406 83
406 196
406 236
406 407
406 491
406 503
406 515
406 576
406 583
407 7
407 61
407 196
407 306
407 318
407 363
407 406
407 491
407 509
407 576
408 127
408 148
408 190
408 231
408 284
408 332
408 349
408 470
408 483
408 556
409 216
409 341
409 391
409 471
409 534
409 551
409 557
409 559
409 585
409 593
410 143
410 259
410 319
410 354
410 359
410 383
410 388
410 466
410 532
410 544
410 558
411 44
411 261
411 298
411 362
411 371
411 435
411 468
411 473
411 504
411 509
411 527
412 108
412 149
412 215
412 327
412 337
412 392
412 422
412 512
412 577
412 587
412 599
413 30
413 136
413 165
413 198
413 235
413 270
413 302
413 317
413 355
413 381
413 542
414 53
414 60
414 99
414 260
414 305
414 367
414 390
414 400
414 525
414 562
414 579
415 8
415 202
415 356
415 396
415 440
415 484
415 492
415 495
415 516
415 521
415 542
416 1
416 156
416 184
416 310
416 313
416 402
416 451
416 554
416 581
416 587
416 599
417 18
417 124
417 290
417 369
417 393
417 443
417 462
417 545
417 549
417 560
417 584
418 51
418 169
418 233
418 234
418 324
418 379
418 401
418 442
418 550
418 581
418 592
419 7
419 83
419 139
419 236
419 269
419 278
419 420
419 491
419 503
419 509
419 576
420 142
420 158
420 250
420 322
420 419
420 513
420 541
420 545
420 546
420 549
420 551
421 16
421 104
421 329
421 475
421 511
421 538
421 574
421 575
421 580
421 582
421 591
422 1
422 24
422 86
422 337
422 412
422 508
422 554
422 563
422 566
422 587
422 599
423 113
423 133
423 248
423 263
423 284
423 321
423 332
423 384
423 470
423 517
423 537
424 168
424 279
424 372
424 385
424 425
424 485
424 487
424 528
424 540
424 588
424 590
425 49
425 132
425 172
425 307
425 424
425 471
425 499
425 502
425 534
425 569
425 571
426 266
426 279
426 325
426 330
426 333
426 474
426 489
426 524
426 552
426 563
426 578
427 31
427 170
427 176
427 316
427 375
427 377
427 472
427 514
427 526
427 545
427 553
428 177
428 209
428 232
428 395
428 429
428 499
428 502
428 559
428 585
428 593
428 598
429 17
429 296
429 428
429 461
429 486
429 522
429 565
429 567
429 573
429 589
429 595
430 265
430 300
430 308
430 373
430 384
430 457
430 510
430 536
430 548
430 568
430 589
431 211
431 231
431 456
431 505
431 520
431 535
431 564
431 583
431 586
431 594
431 597
432 255
432 272
432 318
432 329
432 404
432 465
432 475
432 507
432 538
432 574
432 580
433 18
433 21
433 144
433 187
433 249
433 308
433 373
433 446
433 510
433 531
433 570
434 131
434 170
434 257
434 294
434 328
434 334
434 375
434 377
434 472
434 526
434 553
435 5
435 91
435 309
435 405
435 411
435 468
435 473
435 504
435 506
435 527
435 559
436 107
436 211
436 275
436 285
436 342
436 374
436 384
436 464
436 469
436 507
436 581
437 6
437 81
437 113
437 148
437 288
437 364
437 447
437 470
437 483
437 555
437 556
438 185
438 238
438 450
438 454
438 494
438 538
438 561
438 572
438 580
438 582
438 591
439 40
439 106
439 157
439 203
439 262
439 281
439 301
439 335
439 350
439 353
439 478
440 165
440 262
440 356
440 389
440 396
440 415
440 484
440 492
440 495
440 521
440 542
441 192
441 311
441 342
441 384
441 387
441 394
441 442
441 463
441 465
441 503
441 507
442 75
442 120
442 189
442 192
442 312
442 343
442 348
442 387
442 418
442 441
442 463
443 2
443 158
443 159
443 219
443 290
443 364
443 417
443 513
443 546
443 560
443 561
444 88
444 101
444 105
444 166
444 358
444 461
444 486
444 522
444 523
444 533
444 565
444 595
445 15
445 43
445 74
445 148
445 163
445 175
445 220
445 239
445 336
445 452
445 455
445 515
446 2
446 6
446 58
446 144
446 217
446 248
446 300
446 331
446 433
446 536
446 568
446 570
447 42
447 52
447 181
447 206
447 266
447 333
447 393
447 437
447 449
447 474
447 489
447 524
448 12
448 76
448 200
448 212
448 225
448 243
448 246
448 280
448 451
448 453
448 480
448 482
449 10
449 42
449 52
449 180
449 206
449 250
449 333
449 447
449 474
449 489
449 523
449 524
450 126
450 238
450 438
450 454
450 457
450 494
450 511
450 527
450 538
450 575
450 580
450 591
451 62
451 156
451 416
451 448
451 479
451 557
451 566
451 577
451 581
451 592
451 596
451 599
452 15
452 43
452 74
452 163
452 175
452 220
452 239
452 336
452 445
452 455
452 515
452 535
453 4
453 12
453 76
453 112
453 128
453 132
453 155
453 167
453 246
453 448
453 480
453 482
454 118
454 206
454 224
454 323
454 438
454 450
454 475
454 511
454 572
454 575
454 582
454 591
455 15
455 43
455 74
455 163
455 175
455 220
455 239
455 336
455 445
455 452
455 472
455 515
456 226
456 264
456 431
456 457
456 505
456 520
456 535
456 564
456 583
456 586
456 594
456 597
457 299
457 430
457 450
457 456
457 476
457 481
457 505
457 535
457 583
457 586
457 594
457 597
458 9
458 13
458 28
458 94
458 95
458 171
458 191
458 250
458 253
458 510
458 560
458 584
459 3
459 111
459 276
459 295
459 325
459 330
459 351
459 497
459 543
459 547
459 552
459 569
460 63
460 100
460 264
460 461
460 475
460 518
460 540
460 572
460 575
460 588
460 590
460 591
461 96
461 166
461 296
461 429
461 444
461 460
461 523
461 533
461 567
461 573
461 589
461 595
462 45
462 137
462 219
462 377
462 417
462 529
462 541
462 545
462 546
462 549
462 560
462 584
463 75
463 120
463 189
463 192
463 229
463 311
463 312
463 343
463 348
463 387
463 441
463 442
464 46
464 211
464 255
464 272
464 275
464 342
464 374
464 404
464 436
464 465
464 496
464 533
465 211
465 240
465 255
465 266
465 374
465 404
465 432
465 441
465 464
465 469
465 496
465 507
466 135
466 150
466 174
466 303
466 319
466 339
466 388
466 410
466 500
466 532
466 539
466 544
466 558
467 25
467 109
467 115
467 199
467 207
467 223
467 247
467 293
467 380
467 401
467 490
467 512
467 586
468 14
468 44
468 91
468 161
468 298
468 362
468 371
468 405
468 411
468 435
468 504
468 506
468 527
469 23
469 46
469 134
469 211
469 240
469 242
469 285
469 374
469 376
469 436
469 465
469 507
469 584
470 53
470 127
470 153
470 188
470 259
470 288
470 408
470 423
470 437
470 483
470 517
470 537
470 556
471 0
471 49
471 64
471 80
471 114
471 307
471 369
471 409
471 425
471 559
471 571
471 593
471 598
472 31
472 41
472 123
472 176
472 328
472 365
472 375
472 427
472 434
472 455
472 514
472 526
472 553
473 5
473 14
473 44
473 261
473 298
473 309
473 371
473 405
473 411
473 435
473 506
473 527
473 582
474 52
474 89
474 138
474 180
474 206
474 266
474 333
474 393
474 426
474 447
474 449
474 489
474 524
475 33
475 104
475 125
475 186
475 323
475 329
475 421
475 432
475 454
475 460
475 572
475 575
475 582
476 299
476 398
476 457
476 481
476 505
476 520
476 535
476 538
476 564
476 583
476 586
476 594
476 597
477 222
477 230
477 234
477 241
477 282
477 332
477 399
477 479
477 493
477 519
477 522
477 592
477 596
478 95
478 124
478 158
478 159
478 164
478 178
478 250
478 439
478 545
478 546
478 549
478 560
478 584
479 227
479 229
479 323
479 326
479 382
479 451
479 477
479 493
479 550
479 557
479 581
479 592
479 596
480 4
480 76
480 155
480 167
480 200
480 219
480 225
480 243
480 246
480 280
480 448
480 453
480 482
481 251
481 267
481 289
481 324
481 457
481 476
481 505
481 535
481 564
481 583
481 586
481 594
481 597
482 12
482 76
482 112
482 200
482 212
482 215
482 225
482 243
482 246
482 397
482 448
482 453
482 480
483 127
483 153
483 205
483 288
483 321
483 326
483 332
483 408
483 437
483 470
483 517
483 537
483 555
483 556
484 193
484 256
484 273
484 389
484 396
484 415
484 440
484 492
484 495
484 516
484 521
484 542
484 553
484 585
485 11
485 63
485 87
485 93
485 145
485 264
485 312
485 338
485 424
485 518
485 528
485 540
485 588
485 590
486 105
486 166
486 296
486 345
486 429
486 444
486 523
486 529
486 533
486 565
486 567
486 573
486 589
486 595
487 19
487 78
487 145
487 168
487 182
487 338
487 372
487 378
487 385
487 424
487 518
487 528
487 588
487 590
488 97
488 179
488 237
488 245
488 269
488 305
488 340
488 361
488 367
488 390
488 400
488 525
488 562
488 579
489 10
489 42
489 89
489 159
489 206
489 266
489 333
489 393
489 426
489 447
489 449
489 474
489 524
489 552
490 25
490 109
490 115
490 152
490 199
490 207
490 223
490 247
490 293
490 366
490 380
490 467
490 512
490 596
491 8
491 50
491 54
491 61
491 269
491 306
491 318
491 406
491 407
491 419
491 503
491 509
491 576
491 592
492 55
492 193
492 202
492 356
492 396
492 415
492 440
492 484
492 494
492 495
492 506
492 516
492 521
492 542
493 169
493 222
493 230
493 234
493 282
493 324
493 382
493 399
493 477
493 479
493 501
493 508
493 557
493 581
494 36
494 146
494 224
494 292
494 346
494 438
494 450
494 492
494 538
494 574
494 575
494 578
494 580
494 582
495 55
495 71
495 193
495 256
495 273
495 356
495 389
495 415
495 440
495 484
495 492
495 516
495 521
495 542
496 107
496 240
496 242
496 255
496 272
496 275
496 285
496 342
496 384
496 394
496 404
496 464
496 465
496 497
497 72
497 138
497 147
497 154
497 210
497 274
497 295
497 357
497 459
497 496
497 498
497 543
497 547
497 563
498 2
498 3
498 65
498 73
498 210
498 214
498 276
498 357
498 360
498 403
498 497
498 517
498 547
498 552
499 16
499 132
499 177
499 195
499 222
499 391
499 395
499 425
499 428
499 502
499 559
499 569
499 571
499 585
500 84
500 174
500 259
500 271
500 359
500 383
500 388
500 394
500 466
500 530
500 532
500 541
500 544
500 558
501 37
501 51
501 213
501 268
501 326
501 363
501 379
501 401
501 493
501 519
501 550
501 581
501 592
501 596
502 56
502 130
502 232
502 341
502 397
502 425
502 428
502 499
502 534
502 569
502 571
502 573
502 593
502 598
503 27
503 50
503 83
503 139
503 236
503 306
503 318
503 406
503 419
503 441
503 491
503 509
503 515
503 576
504 5
504 14
504 261
504 298
504 309
504 362
504 371
504 379
504 411
504 435
504 468
504 506
504 527
504 577
505 376
505 431
505 456
505 457
505 476
505 481
505 520
505 530
505 535
505 554
505 564
505 586
505 594
505 597
506 14
506 91
506 261
506 298
506 309
506 362
506 371
506 405
506 435
506 468
506 473
506 492
506 504
506 527
506 556
507 23
507 46
507 107
507 211
507 255
507 285
507 374
507 404
507 432
507 436
507 441
507 465
507 469
507 555
507 595
508 1
508 39
508 62
508 86
508 215
508 297
508 313
508 327
508 392
508 422
508 493
508 554
508 566
508 577
508 599
509 50
509 61
509 83
509 139
509 269
509 277
509 278
509 315
509 407
509 411
509 419
509 491
509 503
509 549
509 576
510 6
510 62
510 122
510 248
510 249
510 331
510 352
510 373
510 430
510 433
510 458
510 531
510 536
510 548
510 589
511 100
511 104
511 146
511 203
511 238
511 292
511 323
511 421
511 450
511 454
511 572
511 575
511 580
511 582
511 591
512 109
512 110
512 115
512 152
512 199
512 207
512 223
512 247
512 289
512 293
512 366
512 380
512 412
512 467
512 490
513 18
513 32
513 94
513 95
513 137
513 191
513 201
513 253
513 420
513 443
513 529
513 541
513 545
513 562
513 584
514 41
514 123
514 131
514 176
514 294
514 316
514 328
514 365
514 375
514 377
514 427
514 472
514 526
514 540
514 553
515 54
515 80
515 175
515 196
515 220
515 236
515 239
515 306
515 336
515 406
515 445
515 452
515 455
515 503
515 576
516 44
516 55
516 202
516 208
516 256
516 273
516 356
516 389
516 396
516 415
516 484
516 492
516 495
516 521
516 542
517 81
517 121
517 148
517 188
517 288
517 321
517 349
517 423
517 470
517 483
517 498
517 520
517 537
517 555
517 556
518 19
518 35
518 69
518 87
518 151
518 182
518 279
518 338
518 372
518 460
518 485
518 487
518 528
518 588
518 590
519 22
519 69
519 92
519 169
519 195
519 222
519 230
519 234
519 241
519 346
519 379
519 382
519 477
519 501
519 596
520 150
520 218
520 376
520 398
520 431
520 456
520 476
520 505
520 517
520 535
520 564
520 583
520 586
520 594
520 597
521 55
521 193
521 202
521 208
521 256
521 273
521 356
521 389
521 396
521 415
521 440
521 484
521 492
521 495
521 516
521 542
522 47
522 59
522 98
522 296
522 320
522 358
522 429
522 444
522 477
522 523
522 533
522 565
522 567
522 573
522 589
522 595
523 26
523 59
523 96
523 221
523 258
523 444
523 449
523 461
523 486
523 522
523 533
523 565
523 567
523 573
523 589
523 595
524 10
524 42
524 52
524 89
524 180
524 206
524 266
524 298
524 333
524 393
524 426
524 447
524 449
524 474
524 489
524 528
525 60
525 99
525 102
525 179
525 183
525 237
525 245
525 283
525 367
525 390
525 400
525 414
525 488
525 526
525 562
525 579
526 31
526 41
526 123
526 131
526 294
526 316
526 328
526 334
526 365
526 375
526 427
526 434
526 472
526 514
526 525
526 553
527 5
527 14
527 44
527 91
527 298
527 309
527 362
527 371
527 405
527 411
527 435
527 450
527 468
527 473
527 504
527 506
528 11
528 93
528 118
528 151
528 168
528 264
528 338
528 372
528 385
528 424
528 485
528 487
528 518
528 524
528 540
528 590
529 28
529 137
529 158
529 164
529 202
529 290
529 322
529 369
529 462
529 486
529 513
529 541
529 549
529 560
529 561
529 584
530 79
530 103
530 150
530 173
530 174
530 259
530 271
530 339
530 383
530 388
530 500
530 505
530 531
530 539
530 544
530 558
531 21
531 58
531 68
531 265
531 300
531 304
531 331
531 347
531 370
531 433
531 510
531 530
531 548
531 563
531 568
531 570
531 589
532 79
532 84
532 150
532 271
532 314
532 319
532 339
532 359
532 388
532 400
532 410
532 466
532 500
532 539
532 544
532 558
532 569
533 34
533 98
533 213
533 345
533 358
533 444
533 461
533 464
533 486
533 522
533 523
533 564
533 565
533 567
533 573
533 589
533 595
534 177
534 209
534 216
534 283
534 341
534 351
534 378
534 391
534 397
534 409
534 425
534 502
534 551
534 569
534 571
534 585
534 593
535 125
535 280
535 376
535 398
535 431
535 452
535 456
535 457
535 476
535 481
535 505
535 520
535 564
535 583
535 586
535 594
535 597
536 140
536 144
536 217
536 249
536 265
536 300
536 310
536 347
536 368
536 370
536 373
536 430
536 446
536 510
536 548
536 568
536 589
537 27
537 81
537 148
537 153
537 284
537 286
537 299
537 321
537 349
537 364
537 423
537 470
537 483
537 517
537 555
537 556
537 558
538 126
538 186
538 238
538 292
538 329
538 421
538 432
538 438
538 450
538 476
538 494
538 572
538 574
538 575
538 580
538 582
538 591
539 103
539 135
539 143
539 173
539 174
539 314
539 319
539 339
539 359
539 388
539 466
539 530
539 532
539 544
539 554
539 558
539 587
540 28
540 35
540 48
540 78
540 82
540 194
540 244
540 252
540 254
540 354
540 424
540 460
540 485
540 514
540 528
540 585
540 588
541 9
541 70
541 164
541 219
541 228
541 253
541 322
541 420
541 462
541 500
541 513
541 529
541 545
541 546
541 551
541 560
541 587
542 55
542 193
542 202
542 208
542 256
542 273
542 356
542 389
542 396
542 413
542 415
542 440
542 484
542 492
542 495
542 516
542 521
542 597
543 38
543 72
543 160
543 214
543 274
543 278
543 303
543 325
543 330
543 344
543 360
543 459
543 497
543 544
543 547
543 552
543 563
543 578
544 103
544 150
544 173
544 259
544 271
544 314
544 319
544 330
544 339
544 359
544 383
544 410
544 466
544 500
544 530
544 532
544 539
544 543
545 45
545 129
545 142
545 164
545 171
545 201
545 253
545 417
545 420
545 427
545 462
545 478
545 513
545 541
545 546
545 549
545 552
545 561
546 45
546 153
546 158
546 171
546 178
546 219
546 228
546 322
546 420
546 443
546 462
546 478
546 541
546 545
546 548
546 560
546 561
546 584
547 73
547 147
547 154
547 161
547 210
547 214
547 245
547 256
547 274
547 357
547 368
547 459
547 497
547 498
547 543
547 548
547 563
547 578
548 58
548 122
548 140
548 144
548 187
548 217
548 248
548 265
548 308
548 370
548 373
548 430
548 510
548 531
548 536
548 546
548 547
548 568
548 570
549 18
549 19
549 70
549 124
549 142
549 164
549 201
549 219
549 228
549 369
549 417
549 420
549 462
549 478
549 509
549 529
549 545
549 551
549 560
550 37
550 59
550 212
550 222
550 233
550 241
550 287
550 291
550 324
550 326
550 346
550 379
550 401
550 418
550 479
550 501
550 581
550 592
550 596
551 141
551 171
551 178
551 223
551 228
551 257
551 290
551 307
551 320
551 341
551 409
551 420
551 534
551 541
551 549
551 559
551 560
551 561
551 598
552 3
552 65
552 72
552 77
552 161
552 290
552 303
552 330
552 344
552 357
552 368
552 403
552 426
552 459
552 489
552 498
552 543
552 545
552 563
553 31
553 123
553 131
553 170
553 176
553 294
553 316
553 328
553 334
553 365
553 375
553 377
553 427
553 434
553 472
553 484
553 514
553 526
553 557
554 29
554 67
554 108
554 156
554 162
554 184
554 204
554 310
554 313
554 337
554 363
554 392
554 402
554 416
554 422
554 505
554 508
554 539
554 577
555 27
555 53
555 113
555 121
555 133
555 190
555 205
555 263
555 284
555 286
555 288
555 332
555 361
555 364
555 437
555 483
555 507
555 517
555 537
556 27
556 81
556 127
556 133
556 148
556 188
556 205
556 263
556 284
556 286
556 332
556 349
556 408
556 437
556 470
556 483
556 506
556 517
556 537
556 575
557 22
557 37
557 51
557 92
557 181
557 222
557 233
557 287
557 324
557 326
557 379
557 382
557 399
557 409
557 451
557 479
557 493
557 553
557 581
557 596
558 68
558 79
558 84
558 173
558 174
558 259
558 271
558 314
558 319
558 339
558 359
558 383
558 388
558 410
558 466
558 500
558 530
558 532
558 537
558 539
559 16
559 64
559 74
559 80
559 119
559 132
559 172
559 177
559 195
559 209
559 320
559 409
559 428
559 435
559 471
559 499
559 551
559 585
559 593
559 598
560 94
560 113
560 128
560 129
560 178
560 226
560 228
560 253
560 417
560 443
560 458
560 462
560 478
560 529
560 541
560 546
560 549
560 551
560 561
560 584
561 32
561 70
561 94
561 124
561 129
561 201
561 226
561 228
561 250
561 322
561 369
561 438
561 443
561 529
561 545
561 546
561 551
561 560
561 584
561 585
562 97
562 99
562 102
562 179
562 183
562 201
562 237
562 245
562 260
562 283
562 305
562 340
562 361
562 390
562 400
562 414
562 488
562 513
562 525
562 579
563 38
563 77
563 138
563 154
563 210
563 214
563 245
563 268
563 276
563 290
563 344
563 360
563 422
563 426
563 497
563 531
563 543
563 547
563 552
563 578
564 125
564 218
564 226
564 251
564 267
564 289
564 299
564 376
564 431
564 456
564 476
564 481
564 505
564 520
564 533
564 535
564 566
564 583
564 586
564 594
564 597
565 17
565 47
565 96
565 105
565 166
565 221
565 258
565 296
565 314
565 329
565 345
565 358
565 429
565 444
565 486
565 522
565 523
565 533
565 567
565 573
565 595
566 24
566 29
566 67
566 85
566 88
566 108
566 112
566 197
566 215
566 297
566 313
566 327
566 363
566 402
566 422
566 451
566 508
566 564
566 577
566 587
566 599
567 59
567 96
567 101
567 142
567 166
567 213
567 221
567 258
567 296
567 345
567 429
567 461
567 486
567 522
567 523
567 533
567 565
567 568
567 573
567 589
567 595
568 6
568 68
568 140
568 187
568 248
568 249
568 265
568 300
568 304
568 306
568 331
568 352
568 370
568 430
568 446
568 531
568 536
568 548
568 567
568 570
568 589
569 56
569 117
569 195
569 216
569 232
569 257
569 307
569 320
569 351
569 391
569 397
569 425
569 459
569 499
569 502
569 532
569 534
569 571
569 585
569 593
569 598
570 21
570 58
570 68
570 122
570 140
570 144
570 187
570 217
570 248
570 300
570 347
570 352
570 370
570 373
570 433
570 446
570 531
570 548
570 568
570 571
570 593
571 0
571 49
571 56
571 64
571 132
571 209
571 320
571 351
571 395
571 397
571 425
571 471
571 499
571 502
571 534
571 569
571 570
571 574
571 585
571 593
571 598
572 36
572 100
572 118
572 146
572 186
572 227
572 292
572 309
572 323
572 329
572 438
572 454
572 460
572 475
572 511
572 538
572 574
572 577
572 580
572 582
572 591
573 17
573 34
573 47
573 59
573 98
573 258
573 345
573 358
573 391
573 429
573 461
573 486
573 502
573 522
573 523
573 533
573 565
573 567
573 589
573 594
573 595
574 36
574 84
574 104
574 118
574 126
574 141
574 185
574 224
574 323
574 329
574 346
574 421
574 432
574 494
574 538
574 571
574 572
574 575
574 580
574 582
574 591
575 33
575 118
575 126
575 141
575 224
575 292
575 323
575 421
575 450
575 454
575 460
575 475
575 494
575 511
575 538
575 556
575 574
575 576
575 580
575 582
575 591
576 7
576 8
576 50
576 54
576 61
576 83
576 139
576 196
576 216
576 236
576 269
576 277
576 306
576 315
576 406
576 407
576 419
576 491
576 503
576 509
576 515
576 575
577 29
577 39
577 67
577 156
577 162
577 197
577 204
577 227
577 297
577 310
577 313
577 337
577 402
577 412
577 451
577 504
577 508
577 554
577 566
577 572
577 587
577 599
578 2
578 65
578 111
578 147
578 154
578 160
578 210
578 214
578 268
578 274
578 276
578 303
578 325
578 330
578 360
578 368
578 426
578 494
578 543
578 547
578 563
578 583
579 57
579 60
579 97
579 99
579 102
579 121
579 179
579 183
579 237
579 245
579 260
579 294
579 305
579 340
579 361
579 367
579 390
579 400
579 414
579 488
579 525
579 562
580 33
580 36
580 39
580 104
580 185
580 224
580 301
580 323
580 346
580 352
580 421
580 432
580 438
580 450
580 494
580 511
580 538
580 572
580 574
580 575
580 582
580 591
581 22
581 181
581 208
581 213
581 229
581 230
581 241
581 282
581 326
581 399
581 401
581 416
581 418
581 436
581 451
581 479
581 493
581 501
581 550
581 557
581 592
581 596
582 33
582 66
582 141
582 185
582 186
582 238
582 265
582 292
582 323
582 329
582 421
582 438
582 454
582 473
582 475
582 494
582 511
582 538
582 572
582 574
582 575
582 580
583 125
583 218
583 231
583 251
583 267
583 289
583 299
583 376
583 398
583 406
583 431
583 456
583 457
583 476
583 481
583 520
583 535
583 564
583 578
583 586
583 594
583 597
584 2
584 13
584 18
584 95
584 159
584 178
584 201
584 219
584 226
584 253
584 339
584 369
584 417
584 458
584 462
584 469
584 478
584 513
584 529
584 546
584 560
584 561
585 80
585 119
585 130
585 172
585 209
585 232
585 307
585 351
585 391
585 397
585 409
585 428
585 484
585 499
585 534
585 540
585 559
585 561
585 569
585 571
585 593
585 598
586 218
586 231
586 251
586 267
586 289
586 290
586 299
586 376
586 398
586 431
586 456
586 457
586 467
586 476
586 481
586 505
586 520
586 535
586 564
586 583
586 594
586 597
587 20
587 24
587 67
587 86
587 108
587 149
587 156
587 184
587 197
587 215
587 313
587 327
587 363
587 392
587 402
587 412
587 416
587 422
587 539
587 541
587 566
587 577
587 599
588 11
588 19
588 28
588 35
588 63
588 78
588 87
588 133
588 151
588 168
588 182
588 264
588 279
588 311
588 372
588 385
588 424
588 460
588 485
588 487
588 518
588 540
588 590
589 21
589 98
589 122
589 248
589 304
589 336
589 347
589 358
589 373
589 429
589 430
589 461
589 486
589 510
589 522
589 523
589 531
589 533
589 536
589 567
589 568
589 573
589 593
590 19
590 35
590 71
590 78
590 87
590 93
590 145
590 151
590 168
590 182
590 264
590 279
590 372
590 374
590 385
590 424
590 460
590 485
590 487
590 518
590 528
590 588
590 591
591 33
591 100
591 126
591 141
591 185
591 186
591 224
591 238
591 292
591 395
591 421
591 438
591 450
591 454
591 460
591 511
591 538
591 572
591 574
591 575
591 580
591 590
591 598
592 8
592 51
592 69
592 181
592 229
592 233
592 241
592 282
592 287
592 324
592 333
592 363
592 379
592 382
592 418
592 451
592 477
592 479
592 491
592 501
592 550
592 581
592 596
593 26
593 49
593 56
593 64
593 114
593 119
593 195
593 320
593 378
593 395
593 396
593 409
593 428
593 471
593 502
593 534
593 559
593 569
593 570
593 571
593 585
593 589
593 598
594 75
594 125
594 218
594 231
594 251
594 267
594 289
594 299
594 376
594 398
594 431
594 456
594 457
594 476
594 481
594 505
594 520
594 535
594 564
594 573
594 583
594 586
594 597
595 17
595 34
595 47
595 96
595 101
595 105
595 166
595 213
595 221
595 258
595 345
595 358
595 402
595 429
595 444
595 461
595 486
595 507
595 522
595 523
595 533
595 565
595 567
595 573
596 8
596 37
596 42
596 92
596 169
596 222
596 234
596 282
596 287
596 291
596 346
596 363
596 382
596 399
596 451
596 477
596 479
596 490
596 501
596 519
596 550
596 557
596 581
596 592
597 125
597 171
597 218
597 226
597 231
597 251
597 267
597 289
597 299
597 376
597 398
597 431
597 456
597 457
597 476
597 481
597 505
597 520
597 535
597 542
597 564
597 583
597 586
597 594
598 56
598 117
598 130
598 132
598 195
598 216
598 232
598 244
598 307
598 319
598 341
598 351
598 378
598 395
598 397
598 428
598 471
598 502
598 551
598 559
598 569
598 571
598 585
598 591
598 593
599 20
599 39
599 62
599 86
599 88
599 108
599 149
599 162
599 197
599 204
599 215
599 275
599 297
599 327
599 392
599 398
599 402
599 412
599 416
599 422
599 451
599 508
599 566
599 577
599 587
