362 575
517 543
374 588
433 459
117 159
33 381
134 368
183 499
216 508
413 543
143 512
56 494
91 519
395 439
374 454
177 528
362 540
51 585
331 433
259 459
69 116
88 483
374 402
47 143
489 544
73 91
204 404
442 485
133 373
5 214
277 519
46 519
2 183
235 375
277 511
353 540
364 540
540 575
69 588
214 250
315 428
233 235
204 586
277 512
47 490
227 508
433 484
247 345
43 80
165 585
457 494
402 548
428 548
395 494
345 534
422 517
467 511
235 534
402 593
20 233
45 499
266 480
155 457
511 512
117 216
368 395
407 453
403 519
147 442
143 511
395 406
1 51
94 548
184 543
227 586
259 490
548 593
102 544
396 453
368 428
69 489
362 490
259 586
314 374
491 585
406 548
404 540
137 414
227 540
83 544
314 336
403 480
133 183
525 543
184 413
88 485
480 551
381 534
126 593
525 586
63 353
453 491
454 491
263 315
406 588
88 528
442 483
45 485
263 434
5 534
63 586
274 485
237 508
94 415
347 483
148 407
36 540
3 396
200 429
221 499
56 593
154 439
519 551
373 528
51 64
274 296
5 289
137 422
133 483
490 586
100 434
512 519
47 540
314 517
218 414
46 480
403 512
69 100
88 499
324 585
277 480
80 100
121 402
172 484
428 459
177 442
278 575
216 586
56 415
402 459
36 508
47 227
331 457
453 487
22 551
137 433
155 459
278 413
353 586
143 467
221 442
396 585
64 544
404 469
235 381
5 148
214 381
381 388
396 489
330 543
256 470
375 414
126 469
362 586
406 593
20 148
296 373
428 593
105 484
183 485
415 517
172 422
46 512
368 410
64 324
237 575
433 494
353 543
256 512
364 575
105 459
99 454
454 489
293 490
487 544
404 575
216 336
289 388
1 3
314 494
324 489
297 469
467 551
118 250
256 519
483 499
71 331
105 121
204 278
336 593
345 381
99 118
56 410
118 585
467 480
259 293
20 534
511 519
43 517
403 470
134 410
154 402
374 410
454 544
250 585
470 519
144 250
165 544
439 588
442 499
66 177
223 551
331 459
554 588
183 494
177 483
172 593
71 410
46 467
396 491
434 469
116 593
470 511
2 528
134 457
484 554
293 586
33 375
22 388
247 388
331 439
99 585
117 575
422 593
470 575
159 543
259 364
165 453
277 551
142 221
294 494
433 434
543 586
484 517
102 407
410 548
266 512
324 491
404 525
540 543
263 469
439 554
99 491
428 434
155 593
172 368
223 511
375 388
18 453
200 544
233 534
410 517
142 442
294 368
439 517
154 218
216 540
413 575
91 551
347 593
294 439
1 585
132 534
373 586
73 551
296 483
314 315
395 484
336 415
277 470
256 467
214 233
374 434
489 491
218 593
429 489
289 375
83 487
403 551
381 588
133 528
484 499
373 483
2 483
457 548
73 511
64 585
315 406
487 585
453 585
459 554
395 457
489 585
467 470
51 544
483 528
525 575
137 172
487 489
266 511
266 519
293 525
406 528
4 374
224 489
442 528
315 457
63 575
233 345
73 480
94 297
414 433
263 517
374 422
364 586
297 422
142 296
3 544
100 433
204 575
414 548
200 324
439 548
223 467
43 105
235 508
484 593
126 459
224 454
218 554
126 548
132 289
470 512
159 586
480 512
80 484
47 404
402 484
414 459
274 528
1 102
22 480
324 544
66 274
165 491
45 528
485 499
134 315
155 415
296 485
63 490
336 588
480 519
429 487
353 508
159 508
66 528
413 540
422 434
289 534
454 585
278 525
517 593
415 494
4 548
256 263
511 534
118 200
294 428
71 406
483 485
330 575
214 375
121 548
396 487
490 525
413 586
429 454
259 543
184 525
250 433
144 487
404 406
4 517
250 544
508 540
266 403
263 548
404 508
204 508
362 508
353 575
259 330
165 487
121 422
512 551
224 491
364 543
278 586
429 544
80 457
18 454
4 406
250 396
147 373
94 347
36 586
494 593
227 525
362 525
362 364
200 489
297 336
414 554
143 551
434 489
116 484
373 499
2 499
148 534
142 485
56 442
519 543
293 413
336 434
543 575
237 278
347 439
144 491
83 585
147 499
345 388
402 588
511 551
375 534
517 588
224 429
33 132
20 381
20 540
407 454
237 330
410 469
91 403
414 415
470 551
314 593
224 585
223 480
69 297
147 274
368 457
297 406
132 469
364 490
18 331
177 485
403 511
148 345
487 512
485 528
33 247
499 528
22 467
216 525
483 487
159 540
331 517
467 519
247 534
256 551
18 585
218 368
330 508
490 575
373 442
18 487
117 543
413 525
3 453
395 593
45 66
43 395
413 489
223 470
428 433
330 404
83 429
36 543
490 540
575 586
154 434
508 575
429 585
331 588
144 396
116 548
414 494
415 484
294 554
184 293
266 470
237 586
102 453
184 404
33 560
43 597
45 361
46 391
51 532
63 597
71 385
80 598
99 595
105 582
121 560
132 532
142 365
155 481
155 444
159 564
165 443
177 569
200 411
214 532
221 580
169 223
235 369
151 237
247 249
247 344
82 263
289 532
294 477
294 458
324 495
190 330
232 345
322 345
353 580
309 362
60 364
368 598
374 582
85 375
85 388
388 532
19 396
229 402
403 598
407 431
232 414
151 422
428 546
428 458
96 434
125 439
181 442
457 569
459 493
459 556
440 467
469 556
469 474
469 493
469 582
431 483
484 599
369 487
494 598
385 494
511 568
295 519
164 528
532 534
85 534
384 540
425 544
385 548
548 594
423 551
13 551
356 554
284 554
554 555
530 575
538 585
546 585
361 585
391 586
231 588
219 588
538 593
