400 426
55 412
346 359
270 578
464 583
298 514
229 556
20 542
172 594
499 525
301 542
570 594
239 507
400 549
416 536
464 514
406 423
281 564
13 502
428 475
25 280
273 533
28 570
249 297
186 297
507 583
267 536
91 265
189 379
495 556
297 507
306 406
426 574
266 586
13 495
397 453
277 550
482 536
314 563
22 564
502 578
353 453
177 502
273 345
134 297
439 549
379 533
527 594
188 550
36 192
239 443
428 578
359 536
227 287
265 574
273 439
151 443
91 504
191 485
514 542
40 137
482 505
171 178
442 527
495 507
499 594
533 538
453 549
326 441
220 334
452 578
314 559
61 306
143 514
352 563
178 494
40 533
271 412
527 563
397 549
137 574
262 507
355 485
265 314
145 563
443 494
99 426
3 532
298 533
191 525
452 505
229 507
426 520
13 564
346 494
100 550
257 559
143 210
172 267
464 504
273 550
196 243
426 499
134 277
423 586
23 315
254 536
442 536
181 564
331 574
270 563
40 412
104 491
452 495
270 333
59 583
95 507
97 416
243 538
372 586
215 494
265 331
227 346
160 525
172 505
346 355
549 559
218 497
173 243
262 270
20 538
52 556
150 173
334 594
406 570
177 532
188 583
331 556
19 178
257 536
160 271
287 485
549 583
359 505
345 520
107 497
189 542
345 441
372 416
556 574
20 527
120 287
527 570
61 536
214 353
482 570
297 520
107 502
272 556
23 532
442 550
502 564
51 218
397 559
333 570
97 196
494 525
150 499
143 265
97 353
287 428
315 542
556 586
36 550
495 574
107 220
574 586
214 583
482 495
314 439
564 578
196 497
280 452
192 306
495 583
249 495
99 379
239 249
62 355
227 416
150 538
298 413
475 578
491 556
326 334
257 378
281 485
491 578
378 578
61 578
218 266
473 514
3 452
50 171
120 400
276 491
502 563
359 549
464 533
51 491
145 578
280 504
525 563
442 570
333 441
276 586
271 520
441 532
257 426
532 559
442 594
346 564
189 520
215 520
538 542
51 301
186 586
271 443
58 533
413 594
331 406
372 491
55 160
174 527
426 564
144 485
50 76
442 482
172 586
406 574
174 586
416 570
482 594
44 378
266 473
439 559
151 570
58 298
215 378
262 475
62 525
215 473
11 359
491 520
160 536
277 428
189 538
527 536
28 99
497 504
333 594
441 559
25 137
297 473
315 355
412 504
19 191
281 345
326 578
570 574
171 475
72 507
352 413
76 104
22 301
70 586
416 594
52 574
220 578
173 423
11 473
400 497
331 423
88 505
181 574
239 594
145 525
151 550
3 507
536 594
359 570
31 400
100 464
137 542
10 276
50 533
61 594
112 254
188 426
416 549
301 499
100 191
23 88
301 397
355 525
59 527
504 505
72 520
331 452
334 549
59 594
243 497
272 443
267 505
210 352
229 452
442 564
31 563
3 586
473 485
475 563
359 594
31 497
249 556
413 520
3 494
218 441
533 564
416 527
144 227
346 502
277 578
276 574
333 359
505 532
151 379
44 475
177 266
76 536
23 254
150 441
485 497
536 549
10 538
334 532
112 423
464 550
428 564
249 574
186 372
563 578
475 502
353 578
491 586
315 532
378 570
174 583
441 443
497 538
494 564
192 416
314 578
494 507
95 254
192 491
104 186
22 355
266 453
120 549
400 413
453 532
25 379
70 229
134 563
218 559
52 355
13 379
345 570
412 532
482 527
525 564
277 281
40 556
423 583
495 586
536 570
112 502
210 594
10 303
10 513
11 529
14 19
20 401
20 546
23 568
25 204
25 466
28 242
28 512
36 531
40 384
44 568
50 451
51 571
52 590
55 593
55 139
58 592
58 486
37 59
61 537
62 87
70 472
70 579
72 589
72 595
88 568
88 512
91 381
95 182
95 325
97 551
99 449
100 541
100 324
107 577
107 299
112 165
120 540
120 418
134 139
134 575
143 512
143 539
143 234
4 144
144 567
145 328
150 477
151 503
151 165
160 589
171 396
171 590
171 322
173 382
173 523
174 541
177 233
177 560
177 364
175 178
178 480
111 181
67 181
181 429
186 449
188 595
188 584
189 398
81 189
191 598
191 429
192 501
192 582
12 196
196 486
196 588
210 387
210 449
159 214
214 588
214 328
215 305
215 599
217 218
220 458
220 540
227 418
229 537
229 540
239 599
239 585
243 374
243 588
89 249
199 249
254 364
257 319
257 599
262 512
262 329
266 567
267 595
267 282
267 313
24 270
270 366
271 447
271 588
46 271
272 388
272 356
272 554
273 589
231 273
276 325
276 573
277 509
277 381
48 280
280 558
280 581
281 393
281 341
281 366
35 287
287 510
287 320
297 347
297 320
298 356
298 581
298 588
301 568
305 306
306 590
314 560
314 466
315 591
315 537
326 458
326 537
326 327
197 331
85 333
333 565
334 386
345 577
71 345
302 346
352 361
352 484
352 521
258 353
18 353
353 470
355 492
355 555
372 509
121 372
372 554
372 415
378 576
258 378
294 378
349 379
379 506
379 598
397 590
397 587
198 400
253 406
406 579
406 558
412 588
412 540
412 431
412 590
404 413
413 484
325 413
225 413
392 416
325 423
408 423
423 510
426 511
426 599
354 428
428 445
399 428
439 587
439 539
439 566
122 439
439 493
307 439
73 441
294 441
21 442
341 442
443 568
430 443
14 452
452 540
119 452
452 579
453 558
238 453
453 541
155 453
366 453
464 517
263 464
383 464
347 464
473 567
233 473
291 473
462 473
473 580
427 475
317 475
475 541
60 475
56 482
96 482
399 482
408 482
482 515
81 482
418 485
429 485
485 565
485 537
467 491
246 491
447 491
494 558
425 494
489 494
344 495
495 509
43 495
16 495
487 497
338 497
499 598
499 535
499 531
377 499
185 499
364 499
302 502
502 589
502 531
242 502
350 502
238 502
349 504
391 504
415 504
504 581
504 595
360 505
474 505
505 592
343 505
349 505
54 507
507 529
383 507
507 579
480 514
445 514
514 558
514 517
141 514
514 521
431 520
520 595
488 525
501 525
278 525
525 587
317 527
386 532
106 532
410 532
60 532
532 539
195 532
357 533
415 533
342 533
536 554
225 536
219 538
4 538
102 538
538 591
542 567
90 542
455 542
108 542
489 542
511 542
403 549
29 549
467 549
440 549
549 579
175 550
529 550
489 550
182 550
234 550
517 550
399 556
197 556
437 556
556 579
425 556
551 559
403 559
559 582
465 559
537 559
154 559
563 566
131 563
404 563
42 563
78 564
472 564
304 564
564 587
221 564
451 570
117 570
506 570
570 579
430 570
515 570
551 574
29 574
16 574
474 574
578 588
566 578
470 578
135 578
338 578
571 583
291 583
332 583
278 583
122 583
541 583
357 583
489 583
430 583
535 586
449 586
448 586
586 595
586 593
586 599
587 594
365 594
466 594
324 594
577 594
