566 567
184 506
492 529
131 187
64 535
195 590
415 455
451 493
81 384
26 135
64 126
60 327
111 581
366 483
238 356
187 588
24 523
567 568
385 415
447 523
506 535
24 486
198 394
308 382
381 469
106 366
411 418
46 541
182 483
463 568
17 510
388 506
382 593
116 198
78 585
12 366
398 493
466 541
147 259
386 565
425 523
165 362
63 260
300 588
347 486
43 282
560 593
225 565
347 535
377 388
409 415
308 362
565 581
588 592
259 581
16 486
204 225
233 577
286 593
139 155
12 284
48 560
447 509
540 555
221 362
381 480
106 565
465 506
85 492
251 259
565 590
409 560
221 577
39 592
26 593
24 577
242 411
535 567
448 592
203 590
109 201
238 319
18 34
365 377
555 566
155 455
463 466
344 396
233 300
409 581
1 465
329 425
57 201
253 593
41 577
377 415
492 506
209 535
493 555
18 483
386 425
344 593
327 486
64 455
213 260
284 590
139 142
317 451
209 366
455 512
225 593
284 463
342 385
159 565
368 465
409 523
235 418
115 420
60 469
327 356
351 555
448 566
581 592
155 565
85 195
300 581
17 590
284 537
109 480
46 409
429 486
465 565
245 590
431 492
493 567
317 469
43 64
159 396
221 429
274 386
396 480
369 509
0 517
493 560
109 295
235 341
225 523
327 535
430 541
165 588
41 566
167 467
300 593
0 540
242 362
199 512
78 537
492 537
57 590
235 431
63 469
232 282
328 463
418 593
282 590
41 509
364 535
18 131
510 590
245 246
300 391
14 466
256 344
126 555
420 506
465 483
308 328
394 506
329 577
0 391
317 480
510 540
384 555
167 529
369 398
155 483
269 566
465 529
560 588
74 126
368 517
284 510
238 537
394 463
115 431
529 565
131 327
295 469
203 510
347 466
365 388
418 429
344 469
256 342
106 235
351 585
187 568
480 492
142 187
74 341
286 382
398 567
115 540
269 590
577 590
201 203
251 483
256 384
517 523
300 364
48 568
12 201
253 384
295 592
81 588
74 221
347 425
116 368
420 585
430 466
319 342
209 592
411 585
377 420
232 523
198 510
431 483
480 593
54 466
467 567
111 269
384 463
74 592
394 409
142 319
1 560
1 251
204 588
198 256
368 541
451 469
469 592
41 517
16 467
362 510
245 384
418 565
48 204
492 512
245 510
187 455
184 195
466 509
12 510
256 356
232 369
167 555
341 568
382 431
517 581
451 480
364 506
396 593
199 447
142 509
431 529
147 319
39 286
537 590
368 506
199 362
369 517
396 463
54 535
14 382
34 510
64 295
131 466
308 581
201 480
467 560
581 593
382 386
420 593
37 529
81 116
344 568
394 448
430 585
54 512
486 560
85 590
555 560
523 540
39 447
182 253
388 568
418 568
537 566
592 593
356 394
509 585
232 509
242 540
213 555
187 448
300 430
541 585
429 506
167 242
0 592
560 565
246 447
365 384
328 567
486 509
291 535
365 529
455 469
142 260
286 568
274 451
581 588
259 577
388 492
391 540
198 463
398 465
365 429
368 567
116 585
221 366
26 245
233 251
394 455
232 256
269 455
125 430
57 540
37 420
203 369
369 585
111 238
523 588
351 577
512 577
385 409
493 566
109 588
48 425
347 467
209 351
246 590
295 560
37 256
260 448
259 365
46 147
523 581
448 585
398 566
60 381
135 391
43 342
34 568
483 492
125 381
238 368
469 567
420 565
63 480
291 420
213 467
159 585
251 274
535 541
116 329
467 483
381 451
142 342
291 568
391 512
203 517
568 593
182 529
384 465
204 253
385 577
14 437
46 576
126 598
165 595
286 468
385 534
132 386
394 599
465 520
493 551
