460 577
546 564
466 529
516 567
100 566
135 572
155 351
178 232
333 383
76 201
347 393
2 560
179 476
231 506
501 507
76 538
333 345
267 525
301 568
1 474
31 132
1 337
12 69
100 502
241 538
238 564
108 195
383 459
14 561
478 511
32 511
255 455
147 560
206 531
32 531
96 423
200 511
481 594
301 561
232 594
507 511
174 383
471 511
507 564
566 571
168 459
333 506
301 445
108 208
337 480
60 476
228 502
231 566
430 456
282 430
240 293
423 480
568 571
460 467
358 564
254 287
501 549
105 568
371 481
423 567
358 526
331 497
190 430
24 549
460 568
120 460
155 165
229 467
303 491
59 529
445 568
445 497
147 178
61 382
257 571
281 460
232 382
52 516
96 477
331 460
351 458
567 594
229 498
325 572
17 507
477 538
401 529
501 525
168 206
445 561
287 477
382 566
24 525
187 491
3 526
262 526
471 478
507 525
267 480
549 564
32 471
216 529
287 474
434 497
477 525
216 567
248 480
213 565
113 135
205 281
187 293
338 466
240 498
109 577
301 460
351 516
291 567
325 333
526 571
295 549
9 351
371 471
393 549
262 501
3 501
383 566
507 549
358 507
287 382
12 502
455 564
477 481
310 594
476 480
72 337
295 546
267 458
145 423
430 531
347 594
87 258
478 531
303 467
476 594
459 566
257 498
423 516
347 516
165 565
460 561
491 565
231 502
145 594
39 594
200 371
303 498
208 466
35 526
206 566
81 211
248 594
481 567
171 456
281 568
466 516
81 546
546 549
174 354
238 546
195 571
354 506
208 529
455 501
525 546
9 481
401 476
69 206
14 577
265 560
69 506
240 467
463 546
393 546
96 401
480 560
345 502
105 460
163 549
238 549
506 538
179 423
235 393
561 577
463 525
208 291
216 538
445 577
229 303
2 3
310 338
96 287
445 571
371 511
393 525
325 383
39 480
497 577
258 566
338 594
529 538
345 572
240 491
281 497
135 506
229 491
529 572
43 480
44 498
228 354
430 471
371 478
170 258
347 477
12 258
467 565
17 262
43 232
1 338
477 567
190 371
100 572
382 506
458 560
44 467
109 561
281 577
147 481
240 594
135 393
430 478
511 531
293 467
61 258
231 351
232 474
455 526
434 460
211 262
81 235
145 567
337 463
430 511
113 572
241 455
293 498
163 267
35 255
497 568
526 564
201 531
61 572
538 566
276 491
94 572
94 113
190 478
69 566
265 295
205 577
371 531
481 538
171 511
480 526
459 572
2 566
79 445
232 560
497 561
471 594
79 561
265 501
293 303
190 511
72 401
276 498
254 257
571 577
171 478
187 467
81 564
458 466
516 560
108 497
345 366
458 567
195 561
467 491
366 572
213 303
187 276
458 529
200 531
229 565
476 538
295 564
287 466
393 564
476 560
187 498
310 474
471 566
108 466
59 393
456 471
434 568
525 549
347 423
44 491
337 516
267 455
476 529
205 568
235 255
195 257
52 458
238 501
13 565
287 481
371 501
301 577
100 103
276 565
282 471
170 345
466 538
456 478
231 354
35 463
265 564
501 502
371 430
94 502
205 561
561 568
179 567
257 445
291 538
434 577
60 529
480 564
147 516
506 572
456 511
278 366
345 506
282 478
276 467
168 572
278 459
507 546
72 538
310 480
560 594
401 594
477 594
105 577
291 310
331 577
254 568
138 393
39 291
474 481
338 538
228 333
235 501
60 179
52 208
100 561
163 564
138 526
135 502
170 383
241 594
228 366
351 529
354 566
240 565
568 577
37 229
337 423
481 560
94 566
24 526
231 278
491 498
24 564
9 14
17 455
293 491
178 248
103 529
9 594
190 531
347 351
497 571
498 565
463 507
278 506
35 564
238 507
516 538
459 506
200 456
331 568
502 572
310 501
163 546
43 145
333 366
434 561
282 511
382 459
103 560
459 571
371 564
366 566
3 546
108 577
1 594
109 434
241 567
474 560
291 474
526 546
331 561
393 526
132 561
347 401
358 525
170 572
267 358
338 458
337 594
460 571
477 480
255 546
174 572
43 529
526 549
14 434
79 577
138 507
132 568
401 567
254 434
145 466
168 345
257 568
471 531
216 594
303 565
197 567
113 516
138 265
174 459
351 477
103 538
205 571
301 497
358 549
278 382
171 516
248 476
310 529
282 456
383 502
455 549
262 525
13 459
295 501
458 516
560 567
254 331
228 566
241 474
474 567
39 248
135 531
382 572
2 502
254 281
171 531
455 546
132 445
466 560
456 531
258 354
525 564
178 567
206 382
525 526
109 132
61 566
458 481
538 560
282 531
1 533
2 513
0 3
9 582
12 402
12 28
13 569
13 532
13 554
14 514
17 318
17 283
24 387
31 569
31 437
31 312
31 479
32 364
32 570
35 224
37 522
37 532
37 416
37 554
39 307
43 359
44 327
44 559
52 426
52 406
59 593
59 583
59 492
60 559
60 326
61 557
69 522
72 384
72 484
76 399
76 411
76 304
79 552
79 260
81 484
87 555
87 544
87 102
87 514
94 578
96 523
103 198
105 593
105 556
109 589
113 543
120 553
120 133
120 503
120 575
132 540
138 309
138 146
145 563
147 304
147 505
155 311
155 541
155 181
155 545
162 163
163 453
165 379
165 495
161 165
165 582
168 313
168 400
170 597
170 435
171 392
174 504
174 495
178 409
178 588
179 259
179 446
187 253
89 190
195 300
195 485
197 558
197 461
197 519
197 486
197 415
200 437
68 200
201 271
201 368
201 500
201 513
205 363
206 500
208 548
211 530
211 462
211 533
211 588
213 450
213 554
82 213
209 213
5 216
216 562
146 228
228 442
229 268
231 588
232 530
235 494
235 253
235 448
225 238
238 361
240 290
241 418
22 241
141 248
248 418
254 553
255 585
255 390
97 255
257 405
258 570
262 277
262 410
265 336
40 265
186 267
276 536
276 508
192 278
278 574
281 591
281 583
282 574
282 305
287 530
291 317
291 436
293 464
293 392
295 468
295 563
295 486
139 301
153 301
0 303
134 310
325 352
325 357
325 487
325 597
324 325
331 397
331 349
333 388
333 490
333 427
299 337
337 512
338 589
338 341
338 378
269 345
345 550
36 347
347 443
351 547
222 354
354 390
354 357
358 570
340 358
6 358
366 421
366 510
360 366
382 385
383 437
383 468
8 383
401 558
369 401
401 429
242 423
390 423
423 475
166 430
412 430
430 542
169 434
431 434
433 434
326 445
445 490
445 552
455 495
104 455
386 455
456 520
456 489
456 544
173 458
408 458
459 575
350 459
77 460
460 599
46 463
463 495
463 522
450 463
95 463
463 470
348 463
322 463
180 466
466 592
111 466
467 494
376 467
467 581
471 530
256 471
471 475
23 474
302 474
452 474
48 474
270 476
58 476
476 569
470 476
227 477
386 477
283 477
478 486
478 489
478 540
429 478
374 480
481 555
373 481
481 495
491 528
491 588
446 491
408 491
497 589
493 497
497 544
431 497
411 498
356 498
498 541
498 504
93 501
454 502
407 502
502 583
49 506
119 506
506 544
506 533
505 507
507 582
336 507
507 562
509 511
479 511
308 511
511 522
41 516
516 517
45 516
311 525
521 525
234 525
364 525
306 526
40 526
279 526
529 543
36 529
529 533
274 531
375 531
112 531
300 538
538 542
400 546
251 546
546 552
284 546
546 579
519 549
180 549
549 550
549 593
475 549
549 591
413 560
372 560
207 560
292 560
226 560
361 561
323 561
184 561
321 561
561 592
150 564
444 564
494 564
26 564
532 565
500 565
492 565
442 565
441 565
565 595
565 582
565 584
496 565
30 565
196 565
152 566
150 566
566 580
64 566
142 567
239 567
321 567
448 567
305 567
363 568
230 568
289 568
323 568
177 568
544 568
420 571
51 571
212 571
521 571
548 571
180 571
247 571
571 598
571 588
86 571
125 571
528 572
428 572
527 572
505 572
522 572
215 572
492 577
342 577
573 577
508 577
268 577
385 577
517 594
148 594
320 594
545 594
594 596
456 570
