0 271
0 467
0 511
0 522
0 537
1 137
1 167
1 178
1 374
1 423
2 236
2 358
2 551
2 581
2 585
3 19
3 305
3 308
3 345
3 586
4 138
4 186
4 368
4 452
4 496
5 141
5 187
5 346
5 540
5 573
6 58
6 148
6 365
6 462
6 547
7 16
7 23
7 396
7 453
7 559
8 267
8 272
8 404
8 428
8 452
9 136
9 472
9 525
9 533
9 535
10 169
10 298
10 429
10 504
10 566
11 56
11 172
11 280
11 538
11 541
12 105
12 342
12 396
12 493
12 521
13 50
13 243
13 352
13 550
13 571
14 233
14 372
14 528
14 584
14 586
15 273
15 289
15 529
15 588
15 598
16 7
16 102
16 178
16 366
16 400
17 135
17 157
17 405
17 466
17 568
18 368
18 460
18 567
18 591
18 598
19 3
19 180
19 380
19 437
19 487
20 229
20 413
20 497
20 579
20 599
21 119
21 264
21 286
21 480
21 513
22 162
22 185
22 300
22 328
22 474
23 7
23 161
23 214
23 464
23 530
24 337
24 393
24 545
24 580
24 589
25 285
25 382
25 431
25 440
25 540
26 111
26 320
26 413
26 545
26 584
27 43
27 70
27 301
27 331
27 551
28 164
28 515
28 570
28 574
28 577
29 221
29 290
29 400
29 577
29 583
30 498
30 518
30 524
30 545
30 592
31 200
31 260
31 441
31 533
31 555
32 274
32 471
32 534
32 543
32 592
33 83
33 225
33 534
33 542
33 569
34 46
34 100
34 343
34 454
34 547
35 490
35 503
35 571
35 586
35 595
36 135
36 202
36 306
36 538
36 556
37 106
37 155
37 548
37 560
37 593
38 178
38 229
38 257
38 530
38 563
39 40
39 308
39 464
39 542
39 573
40 39
40 392
40 469
40 516
40 546
41 375
41 410
41 430
41 530
41 584
42 238
42 370
42 460
42 525
42 552
43 27
43 149
43 168
43 268
43 417
44 405
44 461
44 522
44 582
44 596
45 68
45 313
45 446
45 537
45 570
46 34
46 255
46 302
46 573
46 585
47 367
47 390
47 413
47 469
47 541
48 305
48 336
48 438
48 512
48 548
49 263
49 438
49 520
49 525
49 591
50 13
50 426
50 432
50 449
50 572
51 533
51 535
51 550
51 561
51 587
52 370
52 541
52 560
52 564
52 599
53 411
53 514
53 557
53 577
53 588
54 409
54 421
54 440
54 514
54 519
55 250
55 404
55 489
55 575
55 594
56 11
56 385
56 442
56 488
56 539
57 273
57 367
57 486
57 532
57 546
58 6
58 366
58 410
58 452
58 581
59 94
59 186
59 428
59 526
59 585
60 95
60 143
60 179
60 437
60 591
61 342
61 373
61 535
61 554
61 594
62 124
62 500
62 510
62 569
62 596
63 342
63 413
63 430
63 443
63 457
64 80
64 330
64 466
64 519
64 568
65 198
65 280
65 310
65 521
65 587
66 322
66 425
66 542
66 580
66 592
67 116
67 120
67 281
67 437
67 460
68 45
68 72
68 471
68 587
68 597
69 75
69 312
69 473
69 502
69 541
70 27
70 316
70 326
70 570
70 574
71 89
71 387
71 518
71 539
71 554
72 68
72 344
72 358
72 430
72 454
73 410
73 474
73 496
73 571
73 586
74 471
74 483
74 534
74 555
74 585
75 69
75 112
75 558
75 570
75 574
76 392
76 404
76 517
76 548
76 587
77 78
77 174
77 206
77 348
77 589
78 77
78 375
78 413
78 493
78 593
79 395
79 454
79 557
79 570
79 593
80 64
80 193
80 229
80 457
80 507
81 245
81 377
81 426
81 433
81 456
82 130
82 355
82 467
82 572
82 574
83 33
83 195
83 345
83 357
83 439
84 118
84 504
84 539
84 595
84 598
85 189
85 210
85 504
85 566
85 567
86 166
86 245
86 357
86 457
86 583
87 306
87 427
87 511
87 544
87 580
88 151
88 423
88 425
88 504
88 566
89 71
89 326
89 432
89 438
89 445
90 391
90 554
90 577
90 595
90 598
91 138
91 331
91 368
91 399
91 526
92 234
92 524
92 554
92 578
92 583
93 137
93 207
93 388
93 408
93 488
94 59
94 103
94 194
94 264
94 476
95 60
95 448
95 482
95 581
95 589
96 133
96 294
96 489
96 541
96 564
97 311
97 486
97 496
97 520
97 565
98 296
98 315
98 505
98 518
98 599
99 307
99 310
99 416
99 420
99 486
100 34
100 216
100 262
100 510
100 575
101 144
101 436
101 441
101 498
101 523
102 16
102 279
102 339
102 479
102 565
103 94
103 325
103 416
103 455
103 565
104 189
104 326
104 454
104 581
104 594
105 12
105 386
105 396
105 516
105 564
106 37
106 375
106 430
106 563
106 598
107 269
107 454
107 510
107 590
107 592
108 379
108 474
108 495
108 557
108 598
109 217
109 380
109 445
109 536
109 572
110 114
110 120
110 382
110 423
110 555
111 26
111 359
111 433
111 487
111 545
112 75
112 486
112 531
112 580
112 594
113 161
113 182
113 557
113 569
113 579
114 110
114 291
114 312
114 453
114 487
115 146
115 386
115 498
115 520
115 599
116 67
116 152
116 335
116 344
116 436
117 410
117 456
117 522
117 540
117 589
118 84
118 167
118 242
118 322
118 491
119 21
119 249
119 460
119 586
119 596
120 67
120 110
120 462
120 480
120 596
121 295
121 369
121 485
121 576
121 578
122 233
122 295
122 483
122 489
122 598
123 183
123 289
123 400
123 496
123 548
124 62
124 153
124 194
124 550
124 593
125 137
125 390
125 488
125 544
125 582
126 376
126 390
126 487
126 542
126 577
127 296
127 437
127 521
127 536
127 567
128 372
128 461
128 496
128 538
128 580
129 191
129 245
129 282
129 430
129 509
130 82
130 169
130 341
130 506
130 518
130 570
131 171
131 197
131 327
131 507
131 537
131 568
132 349
132 370
132 413
132 497
132 549
132 563
133 96
133 141
133 192
133 316
133 379
133 403
134 393
134 407
134 423
134 511
134 545
134 582
135 17
135 36
135 271
135 335
135 394
135 401
136 9
136 168
136 491
136 538
136 556
136 597
137 1
137 93
137 125
137 147
137 269
137 439
138 4
138 91
138 329
138 560
138 571
138 578
139 222
139 360
139 429
139 504
139 513
139 566
140 414
140 502
140 505
140 540
140 595
140 599
141 5
141 133
141 537
141 557
141 594
141 595
142 148
142 291
142 344
142 397
142 464
142 518
143 60
143 371
143 381
143 514
143 535
143 585
144 101
144 233
144 495
144 523
144 580
144 592
145 148
145 398
145 449
145 453
145 506
145 515
146 115
146 473
146 549
146 560
146 575
146 590
147 137
147 224
147 276
147 479
147 565
147 587
148 6
148 142
148 145
148 330
148 572
148 578
149 43
149 287
149 518
149 547
149 549
149 551
150 311
150 423
150 548
150 579
150 590
150 598
151 88
151 228
151 302
151 491
151 503
151 521
152 116
152 391
152 409
152 526
152 554
152 578
153 124
153 381
153 415
153 497
153 548
153 557
154 380
154 457
154 466
154 479
154 546
154 576
155 37
155 251
155 342
155 420
155 447
155 533
156 242
156 307
156 397
156 428
156 544
156 587
157 17
157 249
157 438
157 472
157 584
157 595
158 187
158 282
158 421
158 429
158 479
158 566
159 259
159 463
159 495
159 515
159 527
159 551
160 234
160 356
160 359
160 372
160 498
160 569
161 23
161 113
161 220
161 302
161 422
161 475
162 22
162 500
162 502
162 510
162 575
162 586
163 185
163 377
163 461
163 490
163 561
163 584
164 28
164 419
164 424
164 481
164 515
164 516
165 329
165 377
165 434
165 451
165 500
165 593
166 86
166 168
166 344
166 357
166 494
166 545
167 1
167 118
167 278
167 322
167 380
167 463
168 43
168 136
168 166
168 287
168 347
168 472
169 10
169 130
169 407
169 449
169 508
169 523
170 351
170 371
170 460
170 480
170 563
170 599
171 131
171 219
171 265
171 396
171 505
171 528
172 11
172 215
172 349
172 504
172 535
172 599
173 189
173 363
173 519
173 544
173 546
173 577
174 77
174 352
174 392
174 485
174 525
174 587
175 364
175 440
175 452
175 545
175 560
175 598
176 198
176 223
176 394
176 435
176 442
176 482
177 180
177 328
177 332
177 462
177 482
177 598
178 1
178 16
178 38
178 477
178 590
178 599
179 60
179 247
179 375
179 497
179 531
179 593
180 19
180 177
180 288
180 345
180 458
180 573
181 465
181 471
181 505
181 535
181 543
181 570
182 113
182 475
182 522
182 556
182 569
182 573
183 123
183 261
183 353
183 459
183 513
183 588
184 203
184 206
184 230
184 238
184 503
184 576
185 22
185 163
185 421
185 428
185 435
185 516
186 4
186 59
186 406
186 490
186 561
186 593
187 5
187 158
187 484
187 508
187 588
187 597
188 359
188 400
188 435
188 475
188 517
188 561
189 85
189 104
189 173
189 578
189 585
189 594
190 285
190 318
190 400
190 405
190 453
190 559
191 129
191 379
191 433
191 469
191 488
191 513
192 133
192 427
192 431
192 559
192 568
192 586
193 80
193 432
193 527
193 529
193 552
193 598
194 94
194 124
194 258
194 532
194 559
194 584
195 83
195 434
195 435
195 468
195 489
195 573
196 216
196 327
196 383
196 492
196 524
196 537
197 131
197 411
197 586
197 594
197 595
197 597
198 65
198 176
198 509
198 553
198 560
198 565
199 204
199 391
199 407
199 457
199 462
199 510
200 31
200 361
200 433
200 492
200 533
200 575
201 261
201 473
201 554
201 560
201 579
201 589
202 36
202 223
202 352
202 448
202 475
202 531
203 184
203 214
203 226
203 408
203 439
203 484
204 199
204 206
204 299
204 446
204 479
204 572
205 257
205 313
205 382
205 460
205 550
205 557
206 77
206 184
206 204
206 507
206 520
206 576
207 93
207 210
207 283
207 521
207 559
207 572
208 209
208 397
208 440
208 527
208 531
208 570
209 208
209 331
209 515
209 528
209 568
209 570
210 85
210 207
210 499
210 513
210 542
210 562
211 338
211 454
211 482
211 530
211 545
211 566
212 371
212 411
212 413
212 441
212 588
212 597
213 251
213 443
213 538
213 539
213 547
213 555
214 23
214 203
214 408
214 517
214 580
214 597
215 172
215 254
215 262
215 361
215 467
215 494
216 100
216 196
216 268
216 388
216 495
216 500
217 109
217 222
217 298
217 353
217 455
217 506
218 431
218 476
218 526
218 552
218 568
218 585
219 171
219 263
219 323
219 402
219 588
219 598
220 161
220 311
220 334
220 417
220 427
220 576
221 29
221 267
221 273
221 532
221 540
221 580
222 139
222 217
222 259
222 296
222 511
222 517
222 536
223 176
223 202
223 239
223 308
223 555
223 570
223 579
224 147
224 396
224 436
224 493
224 526
224 568
224 575
225 33
225 284
225 308
225 467
225 494
225 530
225 531
226 203
226 227
226 297
226 341
226 386
226 480
226 555
227 226
227 485
227 533
227 538
227 555
227 574
227 598
228 151
228 415
228 457
228 463
228 479
228 557
228 588
229 20
229 38
229 80
229 260
229 340
229 382
229 591
230 184
230 451
230 512
230 522
230 580
230 589
230 594
231 249
231 410
231 412
231 448
231 487
231 528
231 531
232 233
232 243
232 459
232 567
232 570
232 577
232 586
233 14
233 122
233 144
233 232
233 399
233 574
233 588
234 92
234 160
234 317
234 318
234 385
234 496
234 562
235 303
235 311
235 444
235 508
235 546
235 550
235 558
236 2
236 294
236 406
236 441
236 478
236 501
236 519
237 276
237 470
237 478
237 536
237 551
237 555
237 583
238 42
238 184
238 374
238 462
238 499
238 556
238 576
239 223
239 279
239 332
239 466
239 508
239 560
239 595
240 246
240 380
240 416
240 426
240 526
240 543
240 556
241 336
241 400
241 403
241 412
241 468
241 582
241 583
242 118
242 156
242 278
242 302
242 453
242 544
242 569
243 13
243 232
243 327
243 501
243 525
243 558
243 564
244 347
244 418
244 523
244 528
244 567
244 570
244 576
245 81
245 86
245 129
245 247
245 405
245 526
245 553
246 240
246 339
246 391
246 422
246 576
246 586
246 598
247 179
247 245
247 388
247 424
247 457
247 488
247 570
248 286
248 367
248 502
248 546
248 587
248 590
248 594
249 119
249 157
249 231
249 345
249 500
249 538
249 591
250 55
250 344
250 351
250 500
250 510
250 552
250 575
251 155
251 213
251 297
251 361
251 408
251 411
251 594
252 279
252 297
252 504
252 527
252 529
252 572
252 579
253 256
253 350
253 498
253 550
253 575
253 586
253 596
254 215
254 280
254 396
254 521
254 525
254 554
254 561
255 46
255 334
255 422
255 444
255 459
255 558
255 594
256 253
256 343
256 406
256 504
256 529
256 550
256 593
257 38
257 205
257 507
257 563
257 569
257 587
257 596
258 194
258 309
258 418
258 436
258 519
258 587
258 594
259 159
259 222
259 412
259 431
259 459
259 559
259 584
260 31
260 229
260 324
260 399
260 458
260 509
260 528
261 183
261 201
261 366
261 465
261 478
261 520
261 559
262 100
262 215
262 280
262 363
262 467
262 551
262 593
263 49
263 219
263 346
263 360
263 439
263 561
263 590
264 21
264 94
264 378
264 412
264 524
264 529
264 531
265 171
265 387
265 399
265 427
265 450
265 463
265 597
266 301
266 417
266 426
266 481
266 567
266 573
266 581
267 8
267 221
267 501
267 530
267 558
267 567
267 587
268 43
268 216
268 456
268 510
268 575
268 580
268 596
269 107
269 137
269 396
269 403
269 434
269 517
269 569
270 314
270 355
270 375
270 378
270 540
270 550
270 558
271 0
271 135
271 323
271 366
271 393
271 534
271 591
272 8
272 393
272 425
272 459
272 523
272 545
272 592
273 15
273 57
273 221
273 319
273 424
273 451
273 468
274 32
274 289
274 432
274 461
274 505
274 573
274 585
275 317
275 342
275 443
275 475
275 555
275 565
275 586
276 147
276 237
276 371
276 491
276 492
276 556
276 583
277 437
277 470
277 493
277 527
277 529
277 553
277 598
278 167
278 242
278 288
278 307
278 492
278 580
278 581
279 102
279 239
279 252
279 427
279 529
279 563
279 598
280 11
280 65
280 254
280 262
280 495
280 536
280 574
281 67
281 332
281 390
281 418
281 447
281 450
281 581
282 129
282 158
282 325
282 429
282 435
282 566
282 593
283 207
283 332
283 490
283 528
283 531
283 572
283 593
284 225
284 409
284 444
284 569
284 571
284 574
284 593
285 25
285 190
285 467
285 486
285 512
285 559
285 572
286 21
286 248
286 478
286 509
286 520
286 525
286 558
287 149
287 168
287 449
287 555
287 576
287 585
287 598
288 180
288 278
288 307
288 322
288 397
288 506
288 589
289 15
289 123
289 274
289 322
289 440
289 571
289 575
290 29
290 314
290 337
290 432
290 470
290 540
290 589
291 114
291 142
291 410
291 510
291 542
291 543
291 560
292 405
292 455
292 461
292 505
292 511
292 566
292 573
293 367
293 465
293 466
293 476
293 521
293 546
293 586
294 96
294 236
294 422
294 472
294 552
294 555
294 591
295 121
295 122
295 399
295 472
295 512
295 567
295 570
295 592
296 98
296 127
296 222
296 319
296 341
296 383
296 404
296 536
297 226
297 251
297 252
297 480
297 521
297 533
297 554
297 559
298 10
298 217
298 369
298 370
298 398
298 454
298 569
298 592
299 204
299 314
299 360
299 484
299 505
299 514
299 516
299 599
300 22
300 357
300 373
300 456
300 536
300 548
300 564
300 590
301 27
301 266
301 364
301 368
301 431
301 472
301 493
301 528
302 46
302 151
302 161
302 242
302 389
302 470
302 499
302 553
303 235
303 327
303 414
303 473
303 477
303 534
303 543
303 592
304 333
304 386
304 474
304 495
304 510
304 515
304 578
304 596
305 3
305 48
305 321
305 393
305 401
305 408
305 489
305 590
306 36
306 87
306 343
306 438
306 446
306 531
306 538
306 579
307 99
307 156
307 278
307 288
307 397
307 506
307 548
307 563
308 3
308 39
308 223
308 225
308 505
308 529
308 548
308 579
309 258
309 414
309 417
309 462
309 492
309 508
309 556
309 597
310 65
310 99
310 378
310 475
310 494
310 495
310 531
310 590
311 97
311 150
311 220
311 235
311 363
311 587
311 596
311 597
312 69
312 114
312 330
312 417
312 506
312 555
312 572
312 588
313 45
313 205
313 315
313 449
313 492
313 508
313 538
313 556
314 270
314 290
314 299
314 424
314 441
314 486
314 581
314 585
315 98
315 313
315 349
315 424
315 482
315 504
315 515
315 581
316 70
316 133
316 340
316 473
316 525
316 535
316 543
316 587
317 234
317 275
317 362
317 375
317 410
317 450
317 502
317 562
318 190
318 234
318 338
318 425
318 523
318 524
318 545
318 595
319 273
319 296
319 370
319 413
319 440
319 489
319 491
319 599
320 26
320 328
320 351
320 433
320 434
320 439
320 505
320 552
321 305
321 340
321 378
321 503
321 508
321 553
321 554
321 579
322 66
322 118
322 167
322 288
322 289
322 397
322 511
322 591
323 219
323 271
323 390
323 444
323 517
323 533
323 582
323 591
324 260
324 371
324 457
324 481
324 498
324 507
324 515
324 563
325 103
325 282
325 326
325 345
325 370
325 374
325 504
325 566
326 70
326 89
326 104
326 325
326 429
326 466
326 504
326 566
327 131
327 196
327 243
327 303
327 456
327 465
327 468
327 543
328 22
328 177
328 320
328 442
328 445
328 484
328 514
328 517
329 138
329 165
329 475
329 500
329 519
329 550
329 568
329 593
330 64
330 148
330 312
330 365
330 506
330 536
330 555
330 592
331 27
331 91
331 209
331 332
331 384
331 530
331 539
331 552
332 177
332 239
332 281
332 283
332 331
332 445
332 481
332 505
333 304
333 362
333 388
333 462
333 487
333 495
333 547
333 578
334 220
334 255
334 407
334 458
334 508
334 520
334 556
334 599
335 116
335 135
335 354
335 405
335 477
335 571
335 576
335 584
336 48
336 241
336 391
336 429
336 532
336 547
336 591
336 599
337 24
337 290
337 429
337 498
337 540
337 544
337 556
337 582
338 211
338 318
338 369
338 375
338 497
338 523
338 525
338 584
339 102
339 246
339 341
339 426
339 503
339 585
339 586
339 596
340 229
340 316
340 321
340 344
340 371
340 436
340 527
340 589
341 130
341 226
341 296
341 339
341 453
341 492
341 505
341 572
342 12
342 61
342 63
342 155
342 275
342 361
342 425
342 555
343 34
343 256
343 306
343 446
343 493
343 500
343 509
343 538
344 72
344 116
344 142
344 166
344 250
344 340
344 563
344 593
345 3
345 83
345 180
345 249
345 325
345 360
345 400
345 554
346 5
346 263
346 372
346 407
346 446
346 495
346 556
346 595
347 168
347 244
347 403
347 452
347 486
347 535
347 583
347 599
348 77
348 419
348 447
348 504
348 511
348 542
348 580
348 584
349 132
349 172
349 315
349 433
349 467
349 536
349 541
349 599
350 253
350 448
350 468
350 500
350 529
350 571
350 575
350 596
351 170
351 250
351 320
351 364
351 383
351 488
351 574
351 587
352 13
352 174
352 202
352 406
352 509
352 547
352 550
352 562
353 183
353 217
353 406
353 447
353 451
353 501
353 549
353 564
354 335
354 394
354 416
354 476
354 530
354 569
354 586
354 588
354 596
355 82
355 270
355 371
355 457
355 460
355 507
355 561
355 563
355 586
356 160
356 377
356 435
356 517
356 541
356 549
356 553
356 569
356 599
357 83
357 86
357 166
357 300
357 386
357 460
357 507
357 563
357 583
358 2
358 72
358 361
358 393
358 430
358 476
358 479
358 493
358 589
359 111
359 160
359 188
359 389
359 491
359 517
359 546
359 549
359 596
360 139
360 263
360 299
360 345
360 366
360 468
360 511
360 520
360 559
361 200
361 215
361 251
361 342
361 358
361 443
361 465
361 533
361 588
362 317
362 333
362 363
362 448
362 488
362 555
362 588
362 591
362 594
363 173
363 262
363 311
363 362
363 387
363 516
363 536
363 557
363 597
364 175
364 301
364 351
364 385
364 387
364 418
364 493
364 512
364 567
365 6
365 330
365 469
365 491
365 497
365 502
365 582
365 595
365 599
366 16
366 58
366 261
366 271
366 360
366 411
366 561
366 591
366 594
367 47
367 57
367 248
367 293
367 379
367 493
367 509
367 521
367 564
368 4
368 18
368 91
368 301
368 389
368 457
368 512
368 565
368 582
369 121
369 298
369 338
369 454
369 462
369 510
369 545
369 558
369 592
370 42
370 52
370 132
370 298
370 319
370 325
370 491
370 540
370 551
371 143
371 170
371 212
371 276
371 324
371 340
371 355
371 439
371 507
372 14
372 128
372 160
372 346
372 417
372 434
372 510
372 547
372 590
373 61
373 300
373 421
373 438
373 459
373 466
373 503
373 558
373 590
374 1
374 238
374 325
374 384
374 427
374 432
374 453
374 528
374 577
375 41
375 78
375 106
375 179
375 270
375 317
375 338
375 531
375 571
376 126
376 404
376 445
376 497
376 509
376 512
376 547
376 577
376 592
377 81
377 163
377 165
377 356
377 379
377 418
377 475
377 531
377 532
378 264
378 270
378 310
378 321
378 380
378 388
378 400
378 490
378 530
379 108
379 133
379 191
379 367
379 377
379 436
379 537
379 561
379 590
380 19
380 109
380 154
380 167
380 240
380 378
380 428
380 447
380 455
381 143
381 153
381 421
381 464
381 492
381 497
381 518
381 529
381 539
382 25
382 110
382 205
382 229
382 412
382 457
382 460
382 587
382 589
383 196
383 296
383 351
383 384
383 385
383 432
383 488
383 506
383 574
384 331
384 374
384 383
384 402
384 512
384 528
384 561
384 576
384 599
385 56
385 234
385 364
385 383
385 513
385 528
385 539
385 562
385 584
386 105
386 115
386 226
386 304
386 357
386 486
386 507
386 533
386 549
386 561
387 71
387 265
387 363
387 364
387 395
387 463
387 568
387 572
387 588
387 589
388 93
388 216
388 247
388 333
388 378
388 392
388 470
388 489
388 506
388 583
389 302
389 359
389 368
389 442
389 480
389 527
389 531
389 557
389 571
389 595
390 47
390 125
390 126
390 281
390 323
390 393
390 401
390 541
390 577
390 584
391 90
391 152
391 199
391 246
391 336
391 433
391 456
391 479
391 565
391 568
392 40
392 76
392 174
392 388
392 475
392 546
392 547
392 550
392 552
392 598
393 24
393 134
393 271
393 272
393 305
393 358
393 390
393 523
393 556
393 584
394 135
394 176
394 354
394 397
394 416
394 428
394 489
394 554
394 568
394 586
395 79
395 387
395 402
395 482
395 514
395 534
395 537
395 540
395 569
395 588
396 7
396 12
396 105
396 171
396 224
396 254
396 269
396 453
396 521
396 572
397 142
397 156
397 208
397 288
397 307
397 322
397 394
397 420
397 488
397 555
398 145
398 298
398 425
398 439
398 454
398 460
398 462
398 498
398 545
398 563
399 91
399 233
399 260
399 265
399 295
399 407
399 426
399 494
399 587
399 589
400 16
400 29
400 123
400 188
400 190
400 241
400 345
400 378
400 476
400 591
401 135
401 305
401 390
401 434
401 450
401 532
401 549
401 552
401 567
401 584
402 219
402 384
402 395
402 415
402 516
402 537
402 539
402 557
402 572
402 597
403 133
403 241
403 269
403 347
403 459
403 469
403 526
403 549
403 575
403 590
404 8
404 55
404 76
404 296
404 376
404 409
404 474
404 519
404 552
404 587
405 17
405 44
405 190
405 245
405 292
405 335
405 477
405 532
405 547
405 562
406 186
406 236
406 256
406 352
406 353
406 455
406 494
406 514
406 550
406 597
407 134
407 169
407 199
407 334
407 346
407 399
407 478
407 502
407 547
407 599
408 93
408 203
408 214
408 251
408 305
408 434
408 517
408 540
408 575
408 577
409 54
409 152
409 284
409 404
409 422
409 490
409 521
409 524
409 584
409 596
410 41
410 58
410 73
410 117
410 231
410 291
410 317
410 484
410 497
410 536
411 53
411 197
411 212
411 251
411 366
411 446
411 537
411 549
411 557
411 578
412 231
412 241
412 259
412 264
412 382
412 426
412 448
412 469
412 509
412 582
413 20
413 26
413 47
413 63
413 78
413 132
413 212
413 319
413 529
413 595
414 140
414 303
414 309
414 436
414 441
414 512
414 534
414 543
414 576
414 578
415 153
415 228
415 402
415 484
415 496
415 513
415 556
415 562
415 563
415 564
416 99
416 103
416 240
416 354
416 394
416 427
416 447
416 505
416 534
416 551
417 43
417 220
417 266
417 309
417 312
417 372
417 473
417 514
417 574
417 576
418 244
418 258
418 281
418 364
418 377
418 464
418 488
418 567
418 570
418 593
419 164
419 348
419 468
419 483
419 522
419 526
419 540
419 561
419 580
419 589
420 99
420 155
420 397
420 459
420 515
420 535
420 549
420 559
420 564
420 588
421 54
421 158
421 185
421 373
421 381
421 424
421 435
421 468
421 530
421 580
422 161
422 246
422 255
422 294
422 409
422 470
422 476
422 519
422 546
422 587
422 594
423 1
423 88
423 110
423 134
423 150
423 453
423 487
423 532
423 582
423 583
423 591
424 164
424 247
424 273
424 314
424 315
424 421
424 453
424 455
424 476
424 579
424 585
425 66
425 88
425 272
425 318
425 342
425 398
425 446
425 485
425 498
425 590
425 592
426 50
426 81
426 240
426 266
426 339
426 399
426 412
426 495
426 523
426 574
426 577
427 87
427 192
427 220
427 265
427 279
427 374
427 416
427 431
427 526
427 568
427 586
428 8
428 59
428 156
428 185
428 380
428 394
428 493
428 523
428 553
428 558
428 586
429 10
429 139
429 158
429 282
429 326
429 336
429 337
429 478
429 551
429 566
429 578
430 41
430 63
430 72
430 106
430 129
430 358
430 447
430 544
430 565
430 592
430 596
431 25
431 192
431 218
431 259
431 301
431 427
431 511
431 517
431 544
431 580
431 589
432 50
432 89
432 193
432 274
432 290
432 374
432 383
432 433
432 436
432 439
432 574
433 81
433 111
433 191
433 200
433 320
433 349
433 391
433 432
433 440
433 445
433 574
434 165
434 195
434 269
434 320
434 372
434 401
434 408
434 435
434 532
434 562
434 579
435 176
435 185
435 188
435 195
435 282
435 356
435 421
435 434
435 517
435 527
435 590
436 101
436 116
436 224
436 258
436 340
436 379
436 414
436 432
436 443
436 460
436 507
437 19
437 60
437 67
437 127
437 277
437 455
437 482
437 514
437 548
437 573
437 574
438 48
438 49
438 89
438 157
438 306
438 373
438 482
438 487
438 490
438 577
438 584
439 83
439 137
439 203
439 263
439 320
439 371
439 398
439 432
439 458
439 532
439 569
440 25
440 54
440 175
440 208
440 289
440 319
440 433
440 515
440 521
440 571
440 579
441 31
441 101
441 212
441 236
441 314
441 414
441 456
441 465
441 483
441 534
441 543
442 56
442 176
442 328
442 389
442 470
442 499
442 500
442 548
442 571
442 574
442 579
443 63
443 213
443 275
443 361
443 436
443 475
443 481
443 487
443 543
443 563
443 566
444 235
444 255
444 284
444 323
444 449
444 501
444 503
444 553
444 558
444 568
444 587
445 89
445 109
445 328
445 332
445 376
445 433
445 529
445 541
445 559
445 584
445 589
446 45
446 204
446 306
446 343
446 346
446 411
446 425
446 462
446 507
446 542
446 576
447 155
447 281
447 348
447 353
447 380
447 416
447 430
447 453
447 466
447 586
447 597
448 95
448 202
448 231
448 350
448 362
448 412
448 458
448 463
448 477
448 558
448 591
449 50
449 145
449 169
449 287
449 313
449 444
449 482
449 495
449 500
449 508
449 547
450 265
450 281
450 317
450 401
450 464
450 477
450 484
450 513
450 516
450 562
450 564
451 165
451 230
451 273
451 353
451 452
451 459
451 503
451 510
451 554
451 561
451 567
452 4
452 8
452 58
452 175
452 347
452 451
452 459
452 468
452 474
452 481
452 597
453 7
453 114
453 145
453 190
453 242
453 341
453 374
453 396
453 423
453 424
453 447
453 572
454 34
454 72
454 79
454 104
454 107
454 211
454 298
454 369
454 398
454 516
454 585
454 592
455 103
455 217
455 292
455 380
455 406
455 424
455 437
455 481
455 535
455 581
455 585
455 595
456 81
456 117
456 268
456 300
456 327
456 391
456 441
456 465
456 471
456 534
456 543
456 550
457 63
457 80
457 86
457 154
457 199
457 228
457 247
457 324
457 355
457 368
457 382
457 575
458 180
458 260
458 334
458 439
458 448
458 459
458 477
458 499
458 541
458 582
458 584
458 591
459 183
459 232
459 255
459 259
459 272
459 373
459 403
459 420
459 451
459 452
459 458
459 593
460 18
460 42
460 67
460 119
460 170
460 205
460 355
460 357
460 382
460 398
460 436
460 465
461 44
461 128
461 163
461 274
461 292
461 479
461 516
461 519
461 570
461 573
461 581
461 585
462 6
462 120
462 177
462 199
462 238
462 309
462 333
462 369
462 398
462 446
462 534
462 556
463 159
463 167
463 228
463 265
463 387
463 448
463 499
463 538
463 557
463 579
463 588
463 597
464 23
464 39
464 142
464 381
464 418
464 450
464 469
464 518
464 539
464 553
464 566
464 591
465 181
465 261
465 293
465 327
465 361
465 441
465 456
465 460
465 471
465 481
465 534
465 539
466 17
466 64
466 154
466 239
466 293
466 326
466 373
466 447
466 473
466 527
466 530
466 586
467 0
467 82
467 215
467 225
467 262
467 285
467 349
467 482
467 486
467 521
467 572
467 573
468 195
468 241
468 273
468 327
468 350
468 360
468 419
468 421
468 452
468 549
468 561
468 570
469 40
469 47
469 191
469 365
469 403
469 412
469 464
469 491
469 502
469 517
469 541
469 599
470 237
470 277
470 290
470 302
470 388
470 422
470 442
470 480
470 485
470 495
470 524
470 578
471 32
471 68
471 74
471 181
471 456
471 465
471 479
471 502
471 534
471 543
471 560
471 579
472 9
472 157
472 168
472 294
472 295
472 301
472 473
472 486
472 519
472 558
472 559
472 594
473 69
473 146
473 201
473 303
473 316
473 417
473 466
473 472
473 478
473 546
473 549
473 594
474 22
474 73
474 108
474 304
474 404
474 452
474 478
474 486
474 493
474 518
474 522
474 537
474 590
475 161
475 182
475 188
475 202
475 275
475 310
475 329
475 377
475 392
475 443
475 486
475 507
475 530
476 94
476 218
476 293
476 354
476 358
476 400
476 422
476 424
476 503
476 565
476 566
476 579
476 581
477 178
477 303
477 335
477 405
477 448
477 450
477 458
477 511
477 529
477 532
477 564
477 567
477 591
478 236
478 237
478 261
478 286
478 407
478 429
478 473
478 474
478 519
478 535
478 541
478 552
478 596
479 102
479 147
479 154
479 158
479 204
479 228
479 358
479 391
479 461
479 471
479 565
479 568
479 592
480 21
480 120
480 170
480 226
480 297
480 389
480 470
480 503
480 524
480 533
480 552
480 555
480 571
481 164
481 266
481 324
481 332
481 443
481 452
481 455
481 465
481 501
481 505
481 516
481 519
481 585
482 95
482 176
482 177
482 211
482 315
482 395
482 437
482 438
482 449
482 467
482 514
482 573
482 577
483 74
483 122
483 419
483 441
483 485
483 488
483 489
483 490
483 492
483 495
483 515
483 534
483 551
483 597
484 187
484 203
484 299
484 328
484 410
484 415
484 450
484 492
484 497
484 518
484 529
484 542
484 562
484 585
485 121
485 174
485 227
485 425
485 470
485 483
485 492
485 496
485 515
485 537
485 551
485 559
485 583
485 591
486 57
486 97
486 99
486 112
486 285
486 314
486 347
486 386
486 467
486 472
486 474
486 475
486 562
486 590
487 19
487 111
487 114
487 126
487 231
487 333
487 423
487 438
487 443
487 527
487 532
487 573
487 582
487 591
488 56
488 93
488 125
488 191
488 247
488 351
488 362
488 383
488 397
488 418
488 483
488 570
488 574
488 598
489 55
489 96
489 122
489 195
489 305
489 319
489 388
489 394
489 483
489 494
489 515
489 524
489 551
489 583
490 35
490 163
490 186
490 283
490 378
490 409
490 438
490 483
490 494
490 514
490 530
490 559
490 563
490 594
491 118
491 136
491 151
491 276
491 319
491 359
491 365
491 370
491 469
491 502
491 522
491 541
491 595
491 599
492 196
492 200
492 276
492 278
492 309
492 313
492 341
492 381
492 483
492 484
492 485
492 551
492 578
492 583
493 12
493 78
493 224
493 277
493 301
493 343
493 358
493 364
493 367
493 428
493 474
493 514
493 533
493 564
494 166
494 215
494 225
494 310
494 399
494 406
494 489
494 490
494 498
494 540
494 550
494 569
494 590
494 593
495 108
495 144
495 159
495 216
495 280
495 304
495 310
495 333
495 346
495 426
495 449
495 470
495 483
495 578
496 4
496 73
496 97
496 123
496 128
496 234
496 415
496 485
496 497
496 513
496 525
496 542
496 562
496 587
497 20
497 132
497 153
497 179
497 338
497 365
497 376
497 381
497 410
497 484
497 496
497 517
497 542
497 562
498 30
498 101
498 115
498 160
498 253
498 324
498 337
498 398
498 425
498 494
498 523
498 545
498 557
498 592
499 210
499 238
499 302
499 442
499 458
499 463
499 503
499 548
499 553
499 560
499 574
499 579
499 584
499 593
500 62
500 162
500 165
500 216
500 249
500 250
500 329
500 343
500 350
500 442
500 449
500 510
500 535
500 575
500 596
501 236
501 243
501 267
501 353
501 444
501 481
501 509
501 517
501 518
501 525
501 534
501 552
501 558
501 565
501 567
502 69
502 140
502 162
502 248
502 317
502 365
502 407
502 469
502 471
502 491
502 512
502 541
502 575
502 595
502 599
503 35
503 151
503 184
503 321
503 339
503 373
503 444
503 451
503 476
503 480
503 499
503 527
503 537
503 554
503 571
504 10
504 84
504 85
504 88
504 139
504 172
504 252
504 256
504 315
504 325
504 326
504 348
504 566
504 577
504 596
505 98
505 140
505 171
505 181
505 274
505 292
505 299
505 308
505 320
505 332
505 341
505 416
505 481
505 516
505 573
506 130
506 145
506 217
506 288
506 307
506 312
506 330
506 383
506 388
506 508
506 524
506 536
506 541
506 559
506 576
507 80
507 131
507 206
507 257
507 324
507 355
507 357
507 371
507 386
507 436
507 446
507 475
507 508
507 543
507 544
508 169
508 187
508 235
508 239
508 309
508 313
508 321
508 334
508 449
508 506
508 507
508 547
508 576
508 592
508 595
509 129
509 198
509 260
509 286
509 343
509 352
509 367
509 376
509 412
509 501
509 512
509 538
509 567
509 574
509 577
510 62
510 100
510 107
510 162
510 199
510 250
510 268
510 291
510 304
510 369
510 372
510 451
510 500
510 575
510 597
511 0
511 87
511 134
511 222
511 292
511 322
511 348
511 360
511 431
511 477
511 522
511 544
511 580
511 589
511 596
512 48
512 230
512 285
512 295
512 364
512 368
512 376
512 384
512 414
512 502
512 509
512 567
512 568
512 583
512 585
513 21
513 139
513 183
513 191
513 210
513 385
513 415
513 450
513 496
513 518
513 539
513 548
513 573
513 592
513 595
514 53
514 54
514 143
514 299
514 328
514 395
514 406
514 417
514 437
514 482
514 490
514 493
514 566
514 581
514 585
515 28
515 145
515 159
515 164
515 209
515 304
515 315
515 324
515 420
515 440
515 483
515 485
515 489
515 524
515 578
515 583
516 40
516 105
516 164
516 185
516 299
516 363
516 402
516 450
516 454
516 461
516 481
516 505
516 528
516 573
516 583
516 585
517 76
517 188
517 214
517 222
517 269
517 323
517 328
517 356
517 359
517 408
517 431
517 435
517 469
517 497
517 501
517 519
518 30
518 71
518 98
518 130
518 142
518 149
518 381
518 464
518 474
518 484
518 501
518 513
518 539
518 542
518 581
518 591
519 54
519 64
519 173
519 236
519 258
519 329
519 404
519 422
519 461
519 472
519 478
519 481
519 517
519 522
519 557
519 587
520 49
520 97
520 115
520 206
520 261
520 286
520 334
520 360
520 522
520 528
520 535
520 542
520 562
520 564
520 590
520 596
521 12
521 65
521 127
521 151
521 207
521 254
521 293
521 297
521 367
521 396
521 409
521 440
521 467
521 527
521 536
521 538
522 0
522 44
522 117
522 182
522 230
522 419
522 474
522 491
522 511
522 519
522 520
522 525
522 540
522 542
522 544
522 580
523 101
523 144
523 169
523 244
523 272
523 318
523 338
523 393
523 426
523 428
523 498
523 527
523 545
523 577
523 582
523 592
524 30
524 92
524 196
524 264
524 318
524 409
524 470
524 480
524 489
524 506
524 515
524 551
524 552
524 578
524 583
524 595
525 9
525 42
525 49
525 174
525 243
525 254
525 286
525 316
525 338
525 496
525 501
525 522
525 556
525 564
525 578
525 594
526 59
526 91
526 152
526 218
526 224
526 240
526 245
526 403
526 419
526 427
526 531
526 532
526 540
526 565
526 575
526 596
527 159
527 193
527 208
527 252
527 277
527 340
527 389
527 435
527 466
527 487
527 503
527 521
527 523
527 554
527 560
527 599
528 14
528 171
528 209
528 231
528 244
528 260
528 283
528 301
528 374
528 384
528 385
528 516
528 520
528 562
528 566
528 577
529 15
529 193
529 252
529 256
529 264
529 277
529 279
529 308
529 350
529 381
529 413
529 445
529 477
529 484
529 556
529 598
530 23
530 38
530 41
530 211
530 225
530 267
530 331
530 354
530 378
530 421
530 466
530 475
530 490
530 564
530 582
530 593
531 112
531 179
531 202
531 208
531 225
531 231
531 264
531 283
531 306
531 310
531 375
531 377
531 389
531 526
531 588
531 593
532 57
532 194
532 221
532 336
532 377
532 401
532 405
532 423
532 434
532 439
532 477
532 487
532 526
532 568
532 581
532 582
533 9
533 31
533 51
533 155
533 200
533 227
533 297
533 323
533 361
533 386
533 480
533 493
533 555
533 558
533 565
533 570
534 32
534 33
534 74
534 271
534 303
534 395
534 414
534 416
534 441
534 456
534 462
534 465
534 471
534 483
534 501
534 543
534 578
535 9
535 51
535 61
535 143
535 172
535 181
535 316
535 347
535 420
535 455
535 478
535 500
535 520
535 536
535 552
535 581
535 584
536 109
536 127
536 222
536 237
536 280
536 296
536 300
536 330
536 349
536 363
536 410
536 506
536 521
536 535
536 539
536 546
536 559
537 0
537 45
537 131
537 141
537 196
537 379
537 395
537 402
537 411
537 474
537 485
537 503
537 557
537 565
537 588
537 595
537 597
538 11
538 36
538 128
538 136
538 213
538 227
538 249
538 306
538 313
538 343
538 463
538 509
538 521
538 546
538 547
538 569
538 576
539 56
539 71
539 84
539 213
539 331
539 381
539 385
539 402
539 464
539 465
539 513
539 518
539 536
539 542
539 562
539 576
539 582
540 5
540 25
540 117
540 140
540 221
540 270
540 290
540 337
540 370
540 395
540 408
540 419
540 494
540 522
540 526
540 544
540 589
541 11
541 47
541 52
541 69
541 96
541 349
541 356
541 390
541 445
541 458
541 469
541 478
541 491
541 502
541 506
541 565
541 599
542 33
542 39
542 66
542 126
542 210
542 291
542 348
542 446
542 484
542 496
542 497
542 518
542 520
542 522
542 539
542 548
542 572
543 32
543 181
543 240
543 291
543 303
543 316
543 327
543 414
543 441
543 443
543 456
543 471
543 507
543 534
543 553
543 568
543 591
544 87
544 125
544 156
544 173
544 242
544 337
544 430
544 431
544 507
544 511
544 522
544 540
544 564
544 572
544 580
544 589
544 590
545 24
545 26
545 30
545 111
545 134
545 166
545 175
545 211
545 272
545 318
545 369
545 398
545 498
545 523
545 546
545 552
545 584
545 592
546 40
546 57
546 154
546 173
546 235
546 248
546 293
546 359
546 392
546 422
546 473
546 536
546 538
546 545
546 552
546 563
546 574
546 594
547 6
547 34
547 149
547 213
547 333
547 336
547 352
547 372
547 376
547 392
547 405
547 407
547 449
547 508
547 538
547 550
547 563
547 576
548 37
548 48
548 76
548 123
548 150
548 153
548 300
548 307
548 308
548 437
548 442
548 499
548 513
548 542
548 554
548 557
548 595
548 598
549 132
549 146
549 149
549 353
549 356
549 359
549 386
549 401
549 403
549 411
549 420
549 468
549 473
549 551
549 561
549 564
549 571
549 590
550 13
550 51
550 124
550 205
550 235
550 253
550 256
550 270
550 329
550 352
550 392
550 406
550 456
550 494
550 547
550 560
550 568
550 569
551 2
551 27
551 149
551 159
551 237
551 262
551 370
551 416
551 429
551 483
551 485
551 489
551 492
551 524
551 549
551 553
551 578
551 583
552 42
552 193
552 218
552 250
552 294
552 320
552 331
552 392
552 401
552 404
552 478
552 480
552 501
552 524
552 535
552 545
552 546
552 587
553 198
553 245
553 277
553 302
553 321
553 356
553 428
553 444
553 464
553 499
553 543
553 551
553 554
553 558
553 559
553 571
553 579
553 598
554 61
554 71
554 90
554 92
554 152
554 201
554 254
554 297
554 321
554 345
554 394
554 451
554 503
554 527
554 548
554 553
554 560
554 565
554 571
555 31
555 74
555 110
555 213
555 223
555 226
555 227
555 237
555 275
555 287
555 294
555 312
555 330
555 342
555 362
555 397
555 480
555 533
555 596
556 36
556 136
556 182
556 238
556 240
556 276
556 309
556 313
556 334
556 337
556 346
556 393
556 415
556 462
556 525
556 529
556 561
556 576
556 595
557 53
557 79
557 108
557 113
557 141
557 153
557 205
557 228
557 363
557 389
557 402
557 411
557 463
557 498
557 519
557 537
557 548
557 561
557 597
558 75
558 235
558 243
558 255
558 267
558 270
558 286
558 369
558 373
558 428
558 444
558 448
558 472
558 501
558 533
558 553
558 567
558 572
558 581
559 7
559 190
559 192
559 194
559 207
559 259
559 261
559 285
559 297
559 360
559 420
559 445
559 472
559 485
559 490
559 506
559 536
559 553
559 584
560 37
560 52
560 138
560 146
560 175
560 198
560 201
560 239
560 291
560 471
560 499
560 527
560 550
560 554
560 575
560 582
560 589
560 593
560 598
561 51
561 163
561 186
561 188
561 254
561 263
561 355
561 366
561 379
561 384
561 386
561 419
561 451
561 468
561 549
561 556
561 557
561 582
561 590
562 210
562 234
562 317
562 352
562 385
562 405
562 415
562 434
562 450
562 484
562 486
562 496
562 497
562 520
562 528
562 539
562 575
562 582
562 598
563 38
563 106
563 132
563 170
563 257
563 279
563 307
563 324
563 344
563 355
563 357
563 398
563 415
563 443
563 490
563 546
563 547
563 569
563 588
564 52
564 96
564 105
564 243
564 300
564 353
564 367
564 415
564 420
564 450
564 477
564 493
564 520
564 525
564 530
564 544
564 549
564 566
564 578
564 590
565 97
565 102
565 103
565 147
565 198
565 275
565 368
565 391
565 430
565 476
565 479
565 501
565 526
565 533
565 537
565 541
565 554
565 568
565 582
565 586
566 10
566 85
566 88
566 139
566 158
566 211
566 282
566 292
566 325
566 326
566 429
566 443
566 464
566 476
566 504
566 514
566 528
566 564
566 587
566 588
567 18
567 85
567 127
567 232
567 244
567 266
567 267
567 295
567 364
567 401
567 418
567 451
567 477
567 501
567 509
567 512
567 558
567 570
567 577
567 580
568 17
568 64
568 131
568 192
568 209
568 218
568 224
568 329
568 387
568 391
568 394
568 427
568 444
568 479
568 512
568 532
568 543
568 550
568 565
568 593
569 33
569 62
569 113
569 160
569 182
569 242
569 257
569 269
569 284
569 298
569 354
569 356
569 395
569 439
569 494
569 538
569 550
569 563
569 581
569 595
570 28
570 45
570 70
570 75
570 79
570 130
570 181
570 208
570 209
570 223
570 232
570 244
570 247
570 295
570 418
570 461
570 468
570 488
570 533
570 567
571 13
571 35
571 73
571 138
571 284
571 289
571 335
571 350
571 375
571 389
571 440
571 442
571 480
571 503
571 549
571 553
571 554
571 579
571 593
571 597
572 50
572 82
572 109
572 148
572 204
572 207
572 252
572 283
572 285
572 312
572 341
572 387
572 396
572 402
572 453
572 467
572 542
572 544
572 558
572 573
573 5
573 39
573 46
573 180
573 182
573 195
573 266
573 274
573 292
573 437
573 461
573 467
573 482
573 487
573 505
573 513
573 516
573 572
573 581
573 594
574 28
574 70
574 75
574 82
574 227
574 233
574 280
574 284
574 351
574 383
574 417
574 426
574 432
574 433
574 437
574 442
574 488
574 499
574 509
574 546
574 577
575 55
575 100
575 146
575 162
575 200
575 224
575 250
575 253
575 268
575 289
575 350
575 403
575 408
575 457
575 500
575 502
575 510
575 526
575 560
575 562
575 596
576 121
576 154
576 184
576 206
576 220
576 238
576 244
576 246
576 287
576 335
576 384
576 414
576 417
576 446
576 506
576 508
576 538
576 539
576 547
576 556
576 594
577 28
577 29
577 53
577 90
577 126
577 173
577 232
577 374
577 376
577 390
577 408
577 426
577 438
577 482
577 504
577 509
577 523
577 528
577 567
577 574
577 583
578 92
578 121
578 138
578 148
578 152
578 189
578 304
578 333
578 411
578 414
578 429
578 470
578 492
578 495
578 515
578 524
578 525
578 534
578 551
578 564
578 583
579 20
579 113
579 150
579 201
579 223
579 252
579 306
579 308
579 321
579 424
579 434
579 440
579 442
579 463
579 471
579 476
579 499
579 553
579 571
579 586
579 589
580 24
580 66
580 87
580 112
580 128
580 144
580 214
580 221
580 230
580 268
580 278
580 348
580 419
580 421
580 431
580 511
580 522
580 544
580 567
580 589
580 593
581 2
581 58
581 95
581 104
581 266
581 278
581 281
581 314
581 315
581 455
581 461
581 476
581 514
581 518
581 532
581 535
581 558
581 569
581 573
581 583
581 588
582 44
582 125
582 134
582 241
582 323
582 337
582 365
582 368
582 412
582 423
582 458
582 487
582 523
582 530
582 532
582 539
582 560
582 561
582 562
582 565
582 583
582 591
583 29
583 86
583 92
583 237
583 241
583 276
583 347
583 357
583 388
583 423
583 485
583 489
583 492
583 512
583 515
583 516
583 524
583 551
583 577
583 578
583 581
583 582
584 14
584 26
584 41
584 157
584 163
584 194
584 259
584 335
584 338
584 348
584 385
584 390
584 393
584 401
584 409
584 438
584 445
584 458
584 499
584 535
584 545
584 559
585 2
585 46
585 59
585 74
585 143
585 189
585 218
585 274
585 287
585 314
585 339
585 424
585 454
585 455
585 461
585 481
585 484
585 512
585 514
585 516
585 589
585 594
586 3
586 14
586 35
586 73
586 119
586 162
586 192
586 197
586 232
586 246
586 253
586 275
586 293
586 339
586 354
586 355
586 394
586 427
586 428
586 447
586 466
586 565
586 579
587 51
587 65
587 68
587 76
587 147
587 156
587 174
587 248
587 257
587 258
587 267
587 311
587 316
587 351
587 382
587 399
587 404
587 422
587 444
587 496
587 519
587 552
587 566
588 15
588 53
588 183
588 187
588 212
588 219
588 228
588 233
588 312
588 354
588 361
588 362
588 387
588 395
588 420
588 463
588 531
588 537
588 563
588 566
588 581
588 592
588 597
589 24
589 77
589 95
589 117
589 201
589 230
589 288
589 290
589 340
589 358
589 382
589 387
589 399
589 419
589 431
589 445
589 511
589 540
589 544
589 560
589 579
589 580
589 585
590 107
590 146
590 150
590 178
590 248
590 263
590 300
590 305
590 310
590 372
590 373
590 379
590 403
590 425
590 435
590 474
590 486
590 494
590 520
590 544
590 549
590 561
590 564
590 592
591 18
591 49
591 60
591 229
591 249
591 271
591 294
591 322
591 323
591 336
591 362
591 366
591 400
591 423
591 448
591 458
591 464
591 477
591 485
591 487
591 518
591 543
591 582
591 597
592 30
592 32
592 66
592 107
592 144
592 272
592 295
592 298
592 303
592 330
592 369
592 376
592 425
592 430
592 454
592 479
592 498
592 508
592 513
592 523
592 545
592 588
592 590
592 599
593 37
593 78
593 79
593 124
593 165
593 179
593 186
593 256
593 262
593 282
593 283
593 284
593 329
593 344
593 418
593 459
593 494
593 499
593 530
593 531
593 560
593 568
593 571
593 580
594 55
594 61
594 104
594 112
594 141
594 189
594 197
594 230
594 248
594 251
594 255
594 258
594 362
594 366
594 422
594 472
594 473
594 490
594 525
594 546
594 573
594 576
594 585
594 597
595 35
595 84
595 90
595 140
595 141
595 157
595 197
595 239
595 318
595 346
595 365
595 389
595 413
595 455
595 491
595 502
595 508
595 513
595 524
595 537
595 548
595 556
595 569
595 599
596 44
596 62
596 119
596 120
596 253
596 257
596 268
596 304
596 311
596 339
596 350
596 354
596 359
596 409
596 430
596 478
596 500
596 504
596 511
596 520
596 526
596 555
596 575
596 597
597 68
597 136
597 187
597 197
597 212
597 214
597 265
597 309
597 311
597 363
597 402
597 406
597 447
597 452
597 463
597 483
597 510
597 537
597 557
597 571
597 588
597 591
597 594
597 596
597 598
598 15
598 18
598 84
598 90
598 106
598 108
598 122
598 150
598 175
598 177
598 193
598 219
598 227
598 246
598 277
598 279
598 287
598 392
598 488
598 529
598 548
598 553
598 560
598 562
598 597
599 20
599 52
599 98
599 115
599 140
599 170
599 172
599 178
599 299
599 319
599 334
599 336
599 347
599 349
599 356
599 365
599 384
599 407
599 469
599 491
599 502
599 527
599 541
599 592
599 595
