70 435
398 542
426 598
375 440
42 457
515 598
440 472
268 350
435 547
330 598
149 410
435 592
426 557
484 580
246 464
131 562
150 370
350 592
379 414
508 589
30 409
421 508
356 542
370 419
320 562
346 574
407 597
408 557
452 597
121 597
49 388
275 414
320 417
137 173
160 597
93 542
33 557
527 574
292 452
388 548
592 597
159 407
342 444
192 520
56 330
534 574
131 318
51 485
134 574
207 587
485 595
289 409
294 449
319 557
250 496
117 519
433 484
416 534
336 574
535 587
484 592
136 574
428 548
167 592
41 580
173 535
275 454
260 548
70 597
50 316
346 388
398 587
189 284
296 578
180 515
284 587
292 520
136 598
350 547
407 419
220 417
91 414
275 489
182 440
78 414
80 452
152 284
184 508
408 485
289 433
426 435
406 595
63 534
127 342
268 592
421 534
84 379
386 519
375 464
56 562
319 595
196 591
189 277
336 534
63 589
160 592
84 454
339 515
416 548
149 273
15 421
320 578
397 587
203 464
217 433
433 587
407 520
152 591
397 496
71 548
349 589
221 527
288 417
408 521
449 464
485 562
292 592
542 587
380 449
329 472
316 542
534 589
397 580
78 454
375 597
294 440
160 547
182 394
482 485
184 394
414 589
167 597
74 336
247 489
30 273
277 548
117 421
273 410
56 289
70 592
288 535
356 587
252 548
270 330
121 319
294 380
189 394
53 328
127 406
221 589
78 457
398 464
302 595
29 489
57 422
535 547
250 587
320 485
394 508
15 394
107 598
53 574
406 485
51 259
580 587
328 548
294 329
217 542
207 535
137 591
270 409
435 452
184 408
33 521
33 444
336 589
30 410
93 595
182 464
356 496
203 384
80 597
370 521
379 489
288 386
217 284
33 482
259 408
121 592
419 578
252 508
496 535
482 598
80 302
91 489
134 527
417 419
275 547
485 598
452 587
454 489
252 388
42 454
269 592
296 562
336 527
346 548
375 449
407 435
160 591
370 482
484 591
520 597
457 489
192 422
339 598
452 547
246 449
342 426
426 580
508 574
273 289
409 410
188 288
217 591
50 542
247 408
485 515
137 398
182 375
247 319
269 547
149 289
414 489
296 318
384 464
419 444
137 580
51 339
246 472
177 440
53 260
212 326
428 574
370 562
107 562
268 597
133 580
10 580
484 535
388 534
131 519
57 547
319 426
29 454
159 520
557 578
86 406
247 328
330 409
419 562
302 578
196 542
63 74
101 548
527 589
318 578
370 519
386 515
292 597
212 273
269 597
302 407
484 542
212 410
296 419
349 574
319 515
177 464
520 592
260 449
428 534
433 591
203 578
127 557
386 406
260 534
316 589
339 426
587 595
435 520
342 578
542 591
150 598
84 457
419 595
29 379
515 535
189 472
496 587
71 589
318 598
53 426
375 472
42 489
259 578
173 177
150 562
177 182
270 410
203 472
71 534
433 496
180 598
534 557
349 394
444 482
482 557
134 589
207 580
548 574
117 184
50 535
482 519
449 472
101 394
316 496
269 452
356 580
339 388
49 386
329 464
131 521
180 521
149 409
388 508
375 380
294 384
346 508
160 268
547 597
296 339
398 449
296 515
422 520
133 587
428 589
167 269
104 508
350 452
91 380
173 591
416 422
134 428
386 485
104 548
188 562
388 394
51 91
74 527
316 591
93 578
252 589
260 574
277 527
421 589
519 595
294 472
41 196
160 292
136 592
288 482
484 587
74 578
189 508
428 527
440 444
63 548
268 435
548 589
41 587
101 574
535 542
275 457
192 597
388 421
159 592
212 289
288 557
336 349
220 578
250 542
292 547
136 421
320 598
284 580
15 56
452 520
426 519
57 454
275 379
302 597
330 410
380 384
121 547
117 595
134 349
496 580
184 346
562 595
444 595
417 578
247 595
136 428
273 330
328 329
380 591
217 398
259 595
440 449
86 426
435 597
133 542
80 422
384 449
221 328
10 519
56 326
127 595
107 339
207 591
10 587
302 318
188 521
350 520
329 380
452 592
133 284
380 440
384 472
422 597
535 591
78 489
10 316
454 457
520 547
189 574
137 520
196 484
188 457
482 535
192 592
74 416
414 454
252 515
328 574
284 591
221 346
433 580
406 515
107 519
535 580
136 277
521 598
152 580
375 384
496 591
346 527
220 370
57 592
562 598
380 464
277 534
414 457
444 598
260 589
557 562
407 454
379 457
188 595
408 595
419 557
397 591
50 484
484 496
356 397
177 472
547 592
220 519
326 410
250 595
375 409
422 452
49 519
398 484
349 416
318 406
101 527
482 515
152 535
328 508
527 534
316 548
212 409
91 379
342 482
259 417
203 535
49 408
86 562
252 527
386 598
515 521
104 421
422 592
557 598
350 597
159 435
250 580
29 270
203 440
587 592
515 578
71 597
328 589
407 592
356 591
433 542
444 578
578 598
519 598
30 326
173 587
288 342
70 520
319 521
246 329
93 557
159 547
192 547
379 521
398 535
521 595
250 591
316 587
221 275
84 489
433 535
149 326
167 407
137 397
150 578
104 397
397 398
580 591
409 595
50 595
417 444
53 589
292 573
342 551
410 596
578 586
