73 276
451 566
20 162
262 353
344 357
508 566
270 302
399 403
412 422
281 282
210 563
262 439
155 280
234 493
274 357
508 599
297 599
379 519
180 393
1 508
156 416
241 401
451 581
333 449
333 524
212 225
291 550
88 204
301 350
165 317
270 381
128 225
111 578
160 403
379 550
162 599
324 493
65 552
214 498
399 477
106 439
557 596
181 557
65 578
20 599
412 587
215 337
22 581
276 459
161 357
451 592
149 337
234 418
493 557
392 599
37 596
203 353
86 587
333 447
160 578
402 416
297 577
337 412
451 557
337 554
297 508
363 566
67 297
157 439
276 563
69 291
204 577
198 381
233 399
156 451
10 449
197 577
498 552
497 498
346 596
449 524
24 422
310 337
287 592
147 325
165 381
161 547
230 287
393 489
154 578
447 524
303 552
37 501
235 302
180 335
72 368
214 543
566 577
197 392
198 270
498 547
282 596
197 402
479 592
268 344
282 287
393 447
268 303
92 233
67 587
282 291
262 350
401 418
276 325
10 489
363 592
156 587
30 302
303 543
235 317
206 449
416 581
274 543
88 566
1 416
303 403
333 426
346 550
198 317
210 578
51 592
230 477
67 554
399 596
227 479
281 301
72 552
360 563
382 401
227 326
210 498
355 413
324 382
344 543
154 155
360 578
138 563
357 498
268 403
313 416
295 497
327 337
346 519
392 508
302 413
426 489
344 403
86 599
210 547
10 333
297 566
493 581
268 563
147 344
157 353
327 508
234 477
357 552
136 270
547 578
138 330
156 554
215 587
73 547
355 360
161 552
39 508
73 498
222 557
106 350
229 581
350 439
89 524
3 552
363 501
313 508
22 382
581 592
169 418
155 243
162 577
29 363
235 381
274 497
37 399
136 198
222 493
51 501
330 543
291 596
552 563
206 474
233 550
266 489
268 501
301 353
403 552
72 344
233 418
234 326
474 489
138 274
40 350
206 524
449 489
88 599
22 363
333 393
337 422
381 413
303 578
165 235
426 563
30 413
149 227
212 550
38 77
86 508
550 592
402 577
40 281
317 381
1 422
477 493
108 587
206 489
416 451
474 524
230 519
215 508
229 241
154 547
303 360
89 180
327 587
313 587
399 493
363 587
451 596
451 479
281 353
42 449
229 379
566 587
291 401
497 563
1 310
330 426
222 596
3 459
392 554
147 547
416 554
399 581
501 519
89 489
302 381
169 519
489 524
363 554
281 350
138 497
20 24
282 477
67 577
368 552
203 439
212 243
108 554
324 418
313 566
111 337
330 459
157 350
449 474
128 243
29 566
147 578
416 587
77 403
149 587
108 599
197 599
39 599
229 479
3 138
52 449
181 447
327 599
550 581
136 355
501 596
379 501
459 552
508 554
235 413
73 330
379 592
106 353
197 566
282 592
155 212
274 325
230 234
233 592
360 498
382 592
592 596
203 335
327 566
325 578
184 554
281 439
266 426
422 508
162 554
198 355
363 596
108 566
302 317
313 554
233 557
344 552
181 346
24 402
212 280
230 326
479 581
180 449
89 474
181 324
282 581
287 291
37 550
222 477
92 596
412 577
501 550
382 519
426 578
266 447
268 578
301 439
566 599
69 592
543 563
477 596
287 557
295 459
42 489
330 578
403 498
324 550
276 498
379 418
4 128
38 563
214 578
161 368
297 392
72 543
62 508
77 563
402 587
416 599
197 587
325 459
52 447
42 524
360 543
324 557
154 360
51 418
154 497
262 301
154 563
310 416
270 413
241 519
40 353
412 599
30 381
85 297
360 403
379 401
235 270
281 335
327 412
422 566
230 581
447 449
325 426
234 519
392 587
333 474
497 547
295 368
204 554
108 412
157 335
577 587
241 550
326 550
335 350
69 519
368 578
497 543
29 577
136 413
422 599
10 393
402 554
489 552
337 577
459 547
550 596
156 577
501 581
160 360
402 599
287 550
399 557
459 543
326 479
86 422
418 550
401 550
459 497
67 566
274 578
447 489
477 519
3 498
160 543
392 412
214 547
169 493
225 280
147 497
301 335
554 577
184 587
136 302
65 344
180 524
335 439
353 439
85 566
37 557
557 581
379 557
92 557
326 581
382 493
157 262
402 566
51 381
215 566
451 577
38 85
447 474
268 357
479 493
426 474
204 599
282 493
210 214
149 599
62 599
85 227
157 203
326 557
270 355
39 310
382 557
426 552
30 355
324 399
368 547
169 233
20 587
92 399
479 557
501 592
4 280
355 381
543 547
266 393
42 447
52 524
184 327
577 599
287 401
111 459
310 577
165 413
519 596
52 184
382 596
215 599
401 581
543 552
317 413
357 497
227 577
38 543
210 295
587 599
181 581
547 563
29 291
3 111
418 592
22 557
39 577
169 596
215 412
241 477
266 524
333 592
22 519
161 295
287 596
204 310
206 447
184 402
203 350
325 368
324 592
295 403
493 508
42 596
138 474
477 592
241 581
344 563
162 297
198 413
62 451
479 596
111 147
418 581
52 474
330 552
69 229
106 301
149 412
156 392
234 596
30 165
333 489
303 357
493 501
422 563
479 550
227 291
477 479
563 578
382 479
230 493
317 355
543 578
241 592
310 554
40 313
393 474
325 543
274 547
29 554
426 524
65 498
266 474
184 416
357 547
422 554
85 392
335 353
214 563
313 577
77 552
181 592
72 497
24 566
38 368
222 550
180 474
73 160
40 439
229 592
401 501
295 330
24 587
62 313
92 519
422 587
276 578
10 524
210 497
508 577
1 327
222 519
89 393
451 599
51 557
88 327
235 355
326 501
581 596
262 335
393 524
4 453
212 448
301 580
