185 555
356 521
204 391
277 350
138 472
255 490
32 576
472 541
12 576
386 547
119 495
214 507
329 541
121 521
564 579
203 389
337 469
90 524
350 489
203 521
331 438
356 438
205 213
265 585
213 456
33 271
564 586
179 578
352 592
205 402
457 465
179 181
117 449
187 204
205 454
93 481
176 454
53 372
40 130
212 485
295 406
391 445
109 215
144 576
389 542
53 111
10 100
365 399
280 389
555 585
481 568
121 511
243 477
507 568
19 580
111 511
95 472
346 523
507 542
268 592
31 82
278 524
181 542
97 595
84 454
289 521
384 580
310 417
372 462
286 449
255 425
427 444
523 576
425 445
356 372
427 461
111 347
454 579
579 582
386 568
409 547
90 564
195 205
444 445
445 586
481 586
25 211
1 520
95 365
100 524
352 356
27 520
213 417
175 298
266 449
391 541
108 328
481 579
280 469
427 465
292 582
409 425
12 108
483 511
457 511
477 580
118 350
384 438
12 289
118 215
117 507
255 427
523 578
541 564
42 402
356 511
144 472
347 541
278 547
267 586
107 580
304 585
27 555
511 542
121 579
138 386
386 592
277 507
211 295
74 582
427 439
212 508
169 542
3 595
82 456
84 292
179 582
212 523
19 409
95 130
277 524
280 412
181 520
439 483
84 444
212 507
277 351
425 580
119 472
489 578
337 477
508 521
203 215
438 520
441 463
495 592
477 541
50 485
32 76
38 564
157 585
93 469
126 445
520 542
265 555
42 477
33 564
465 580
444 580
438 461
445 595
84 564
568 580
391 555
462 489
96 412
144 547
490 495
82 489
1 117
169 365
200 406
409 441
286 445
347 555
399 592
409 585
449 564
457 495
477 521
483 586
463 586
1 463
372 576
508 578
203 346
137 555
195 457
185 490
292 412
3 406
31 439
97 157
576 578
391 489
298 365
126 490
271 520
96 547
142 578
214 481
399 462
461 469
74 107
265 417
439 592
19 142
425 586
454 568
157 211
298 330
95 147
578 579
40 347
298 477
495 568
112 289
481 485
351 578
96 356
402 578
32 147
328 585
19 399
243 495
141 520
112 243
27 444
212 386
220 438
200 454
212 580
365 438
255 445
195 246
96 337
10 280
159 246
330 507
331 507
25 266
31 456
417 463
3 351
386 582
109 462
449 582
141 425
109 214
42 461
266 268
576 580
25 351
175 286
267 417
330 564
267 268
117 595
187 469
278 347
456 541
402 585
406 586
27 595
409 579
76 507
350 372
74 568
107 472
365 469
195 485
483 524
541 585
507 524
169 585
137 444
267 483
329 592
169 595
286 295
337 347
406 445
53 582
295 444
187 483
76 456
130 582
481 547
331 542
356 485
266 595
90 220
520 521
111 329
185 463
157 463
328 462
439 520
97 582
90 147
386 580
175 384
159 461
441 508
477 592
169 346
109 119
399 564
40 523
215 310
205 508
469 586
304 555
520 578
456 595
12 521
331 524
25 220
203 586
483 547
181 289
457 521
271 278
292 508
50 389
177 523
179 356
278 399
328 331
592 595
412 595
304 542
121 352
289 417
10 585
454 582
38 330
10 595
441 576
542 592
177 524
576 586
461 489
568 586
27 576
267 465
112 511
265 372
169 541
42 277
176 576
255 310
246 541
412 576
389 578
328 490
177 547
3 445
523 524
50 439
176 485
330 427
304 329
255 465
3 599
74 533
176 577
331 594
347 589
439 577
444 599
495 584
523 598
552 568
573 580
559 592
