424 590
306 515
356 521
277 576
54 278
495 542
75 348
419 491
495 516
95 478
236 515
269 491
462 541
445 455
239 515
318 503
129 369
176 514
75 442
15 445
375 526
178 220
419 420
279 338
472 553
139 509
120 387
396 484
123 553
420 513
356 542
487 590
365 472
123 472
202 521
442 463
462 560
142 549
123 294
15 43
420 546
50 503
208 356
312 348
63 485
164 228
455 472
389 440
74 239
334 553
387 442
129 191
462 529
236 315
202 492
228 560
87 590
192 387
338 385
192 441
385 590
236 389
95 322
334 526
15 452
163 455
178 584
306 491
236 419
269 278
420 541
176 427
452 455
170 365
19 549
201 561
41 472
11 588
2 443
93 528
196 576
389 542
328 472
484 495
375 553
131 553
294 514
369 549
377 427
220 336
560 584
343 387
369 529
253 560
529 561
54 515
419 576
142 420
316 553
415 495
328 553
389 495
526 553
273 484
236 576
420 549
201 584
220 515
485 590
75 343
94 561
83 419
312 343
163 336
396 521
322 529
306 503
63 93
43 452
208 389
8 491
407 509
193 484
175 455
120 311
406 491
279 518
253 541
202 529
168 385
277 509
328 434
31 377
55 492
377 514
168 528
478 545
175 515
396 542
427 472
145 590
277 306
32 129
164 541
389 521
415 521
417 462
513 529
264 372
175 445
338 518
142 159
385 588
41 316
541 546
315 318
151 518
189 463
315 576
71 590
322 541
35 588
83 509
176 553
277 315
503 509
440 495
338 487
417 584
196 406
189 387
311 312
41 377
389 484
503 515
256 521
11 528
546 560
137 462
11 485
164 549
208 516
171 546
529 541
168 487
78 338
343 463
427 526
182 518
191 458
45 546
311 348
377 434
485 588
78 487
545 561
71 338
290 417
7 318
131 434
492 516
219 549
279 588
18 584
159 478
445 515
175 336
495 521
226 561
9 13
561 584
365 375
387 441
201 545
273 521
406 503
375 427
31 526
460 518
32 561
253 545
472 526
491 576
182 487
219 584
71 279
273 356
170 427
19 487
28 458
9 541
396 415
334 375
192 348
316 427
145 487
74 455
151 182
279 424
70 375
137 529
348 442
387 463
19 518
93 372
334 434
396 440
462 545
443 561
256 389
484 492
151 588
256 542
219 541
124 561
396 492
43 445
545 549
239 455
434 553
478 560
509 549
35 590
484 521
71 495
407 491
338 485
31 472
472 514
441 463
415 542
369 584
365 514
516 521
264 460
220 445
389 396
312 485
427 545
70 561
236 406
168 588
45 462
419 503
458 560
318 407
312 442
61 491
189 311
372 518
256 484
228 546
74 445
484 542
43 336
560 561
31 553
277 278
170 176
417 560
441 442
338 528
311 588
236 503
178 478
420 545
516 542
18 417
158 443
171 458
514 553
356 516
460 588
478 546
491 503
279 590
13 458
406 576
336 455
441 503
13 45
549 560
294 377
264 528
228 541
365 526
311 343
159 443
478 549
220 455
163 452
164 478
95 458
545 546
145 485
28 529
61 509
159 584
120 348
277 318
318 491
521 542
440 492
375 472
290 529
253 369
202 516
71 385
129 560
151 590
513 545
7 576
45 322
226 584
356 495
434 472
159 250
15 220
171 545
415 440
250 561
158 478
269 576
55 542
70 137
588 590
193 492
256 495
228 549
145 385
415 492
137 171
13 584
424 528
95 513
328 526
70 541
50 509
94 560
75 463
87 518
164 545
369 561
492 521
168 590
87 485
137 513
123 526
208 542
124 417
269 509
175 452
18 513
131 526
315 509
328 334
427 514
87 279
61 407
78 590
256 516
7 407
541 560
306 407
151 528
460 590
94 458
239 445
250 420
492 542
201 549
518 590
278 419
306 576
41 526
485 518
336 515
228 561
61 576
377 462
487 528
462 546
417 545
32 513
294 434
192 442
328 514
372 487
15 455
131 294
31 427
529 549
95 584
192 463
145 372
407 576
163 445
163 175
124 191
131 514
294 553
462 549
269 419
2 584
35 518
28 588
192 343
7 419
492 495
443 513
8 415
491 509
196 269
93 590
445 452
529 560
322 561
41 514
487 518
120 442
63 588
142 545
312 387
129 545
458 584
264 588
312 463
13 124
19 588
32 191
219 546
375 434
43 455
226 560
336 452
515 576
369 417
385 424
139 315
322 546
528 590
424 485
93 485
9 250
50 576
202 542
78 588
139 503
158 529
168 424
55 495
250 478
343 442
356 415
176 472
290 443
462 584
518 528
163 239
220 452
406 407
11 35
139 419
123 365
63 460
182 590
348 387
478 584
503 576
83 576
83 503
518 588
322 420
278 318
55 516
328 375
278 509
356 440
316 365
452 515
193 542
54 576
273 495
294 526
406 515
440 521
372 588
455 515
424 588
334 377
158 546
427 553
541 545
170 334
356 492
83 406
239 452
273 516
372 528
273 542
120 463
193 495
178 560
196 407
264 485
377 553
94 513
219 443
18 549
253 458
139 576
193 521
311 463
32 196
54 491
250 458
385 487
546 561
124 549
484 553
219 462
487 588
385 528
513 584
189 312
191 513
311 441
389 516
529 584
201 513
485 528
415 516
253 513
316 514
191 322
443 546
514 526
45 545
264 590
546 584
94 137
19 590
189 343
131 316
396 516
273 396
419 509
123 514
189 442
202 415
178 546
434 526
164 529
484 516
375 514
55 521
9 458
440 484
9 369
424 487
87 588
513 541
440 542
142 369
50 406
417 443
509 576
170 434
316 334
196 515
365 553
170 553
74 452
124 478
253 584
208 521
182 588
8 576
336 445
372 424
61 315
328 377
415 484
306 315
129 561
443 560
417 549
348 463
316 526
158 420
50 491
372 590
70 549
2 446
2 498
2 578
7 162
8 596
8 592
11 302
18 433
28 540
28 405
35 540
54 65
63 371
74 559
75 594
78 540
139 238
142 567
145 185
151 285
158 293
159 489
171 597
171 551
173 176
178 551
182 380
97 193
201 562
208 581
219 480
226 456
226 392
226 597
226 564
228 551
90 239
250 449
256 547
264 456
269 488
276 277
278 543
279 426
290 325
290 551
290 552
290 563
290 586
294 579
306 568
318 432
105 322
300 328
160 334
336 589
98 338
149 343
348 349
86 365
369 471
372 373
82 385
387 388
396 593
406 583
363 407
393 417
420 551
424 425
424 540
257 434
165 440
262 440
394 441
384 441
342 441
441 465
418 442
364 443
148 445
452 535
458 510
460 475
460 461
100 460
460 575
460 572
460 540
460 591
229 463
439 478
484 585
485 540
378 487
491 592
492 494
492 506
27 503
411 509
513 562
514 540
80 515
44 516
69 518
525 526
118 528
524 528
486 529
541 587
541 551
500 541
542 597
413 542
545 552
546 548
153 546
549 551
553 557
551 560
113 560
128 560
561 585
438 561
551 561
216 576
575 576
469 584
339 584
133 588
540 588
374 590
590 591
