390 393
16 400
26 320
44 582
125 544
184 206
0 522
230 589
520 562
29 221
0 271
335 405
203 214
114 487
259 584
532 582
336 532
206 520
125 390
24 337
23 214
544 589
214 580
305 408
540 544
320 328
29 400
89 445
230 580
135 335
157 584
77 206
540 589
278 288
183 261
290 540
179 497
415 496
401 532
269 434
544 580
305 401
41 410
390 584
359 517
562 582
434 562
281 450
234 317
188 517
423 532
24 589
1 137
498 523
48 305
242 278
110 423
123 496
222 517
66 580
431 511
20 413
49 438
135 271
496 542
431 517
221 540
408 540
288 589
77 348
97 520
523 545
137 269
48 336
203 484
48 438
559 584
49 591
125 582
348 580
522 580
7 16
231 412
338 584
20 229
382 589
3 345
497 542
178 477
87 544
3 19
177 332
25 540
114 291
3 305
231 448
214 408
60 95
117 410
184 203
123 183
272 523
241 582
110 382
272 545
124 194
450 484
281 390
241 412
17 135
272 393
271 323
160 359
290 589
111 487
16 178
263 439
498 545
24 393
522 542
323 582
582 591
73 410
192 431
134 545
281 332
234 318
348 419
439 532
20 497
167 322
360 559
487 532
242 544
134 393
323 591
153 497
423 591
445 584
19 487
194 532
423 487
160 234
390 401
190 559
87 511
337 582
448 591
26 413
520 522
261 559
29 290
66 322
285 559
448 477
118 322
36 306
1 167
124 153
288 322
328 517
132 413
41 584
97 496
203 439
73 496
366 591
345 360
219 323
38 178
477 511
137 439
335 584
448 458
221 580
115 498
450 562
484 497
336 591
7 23
401 584
487 591
134 582
520 542
126 542
203 408
419 580
434 532
484 542
522 540
431 544
438 487
445 589
19 180
153 415
261 366
111 359
194 559
323 517
328 484
211 338
49 263
419 589
338 497
412 448
332 445
241 336
338 523
306 438
438 584
211 545
317 410
259 559
180 345
405 562
87 580
318 545
190 405
423 582
123 400
318 523
382 412
328 445
180 288
511 544
26 545
393 584
117 522
425 498
44 522
38 229
318 425
17 405
410 484
241 400
458 477
17 157
484 562
7 453
259 412
497 517
36 135
477 532
523 582
192 559
231 410
93 137
487 582
229 382
317 562
117 540
66 542
234 562
190 400
271 393
157 249
134 423
77 589
305 393
415 562
458 582
157 438
0 511
49 520
214 517
180 458
83 345
190 318
16 366
179 375
337 498
114 453
177 180
545 584
335 477
410 497
249 591
83 439
60 179
401 450
229 591
118 167
271 366
291 410
167 278
271 591
320 439
408 434
194 584
132 497
229 340
25 431
78 375
263 360
458 584
348 511
322 511
221 532
423 453
419 540
95 448
340 589
25 285
345 400
222 259
242 453
60 591
360 520
1 423
496 497
337 540
269 517
322 591
412 582
95 589
317 375
24 545
431 580
360 366
439 458
405 477
41 375
580 589
219 263
317 450
93 408
126 487
290 337
25 382
184 230
419 522
160 498
522 544
89 438
431 589
348 542
77 78
272 425
320 434
135 401
318 338
338 375
7 559
337 544
230 522
111 545
348 584
278 580
458 591
190 453
445 559
78 413
261 520
408 517
496 562
511 522
126 390
26 111
24 580
1 178
231 249
188 359
44 405
177 328
511 580
125 137
234 496
249 345
222 511
323 390
400 591
450 477
134 511
405 532
393 523
511 589
117 589
401 434
66 425
231 487
477 591
87 306
115 520
259 431
497 562
188 400
415 484
110 114
190 285
291 542
360 511
26 584
118 242
178 590
192 586
263 561
415 564
487 527
520 596
579 589
