279 307
598 599
7 577
172 512
232 499
61 503
349 528
416 598
54 525
233 404
23 494
476 537
415 551
342 525
127 361
458 589
379 519
458 599
94 440
51 533
518 572
397 422
551 554
453 503
415 518
133 390
415 496
228 368
116 125
404 519
513 572
335 460
154 288
397 532
377 387
396 540
81 166
51 550
54 122
305 478
284 598
45 285
261 315
202 502
448 573
533 589
494 573
516 518
379 533
55 598
166 170
540 566
86 519
242 531
486 599
515 572
54 190
492 532
274 428
311 362
411 518
13 476
479 589
224 516
170 375
342 572
499 518
545 599
315 377
48 405
354 536
322 487
397 503
281 460
228 599
173 554
543 577
127 518
404 566
7 525
404 540
496 533
440 532
229 281
48 283
263 404
124 543
202 400
294 355
496 566
460 516
307 589
375 513
23 551
189 264
134 512
307 537
405 447
57 66
66 315
531 532
400 432
279 432
51 487
448 589
136 543
311 404
173 566
460 537
206 536
361 540
139 279
436 551
486 537
228 377
274 476
487 531
172 432
496 537
36 573
77 502
450 573
397 599
432 545
261 503
163 251
418 486
154 322
166 515
224 428
279 532
436 512
262 432
116 281
355 545
572 577
284 333
516 533
397 554
518 551
89 440
173 415
127 512
253 496
284 432
299 566
322 333
228 532
122 274
264 589
61 543
335 358
13 361
170 349
94 335
45 589
85 598
228 559
550 554
358 432
81 513
428 531
250 479
415 566
11 225
447 598
572 589
375 589
333 513
361 418
233 528
450 589
422 536
496 559
225 554
123 322
154 377
123 440
202 518
125 598
240 416
86 545
28 358
440 447
503 516
349 361
45 231
422 450
440 598
232 379
231 285
253 411
354 486
411 436
148 458
307 354
299 487
405 513
533 572
28 502
387 390
397 499
379 415
540 551
124 550
543 551
133 589
122 354
453 494
156 460
45 55
375 458
61 447
263 476
156 311
251 294
528 540
36 492
460 554
250 422
492 540
502 589
494 589
55 550
525 532
326 499
94 387
172 368
486 598
225 447
566 599
133 453
232 374
448 479
36 479
190 537
240 460
57 536
154 502
354 545
537 559
405 518
163 487
156 396
531 545
479 540
13 515
285 499
124 224
311 554
550 572
436 554
494 577
11 315
411 450
333 396
154 411
163 492
502 525
288 416
519 559
206 478
326 450
487 573
57 554
13 577
559 598
28 374
416 422
173 189
170 515
127 559
123 519
2 515
240 362
77 387
224 404
262 422
225 368
23 573
11 416
262 440
349 559
206 573
478 513
355 361
188 551
136 496
453 478
358 476
156 476
281 492
374 516
458 532
531 599
326 528
307 418
405 516
110 189
81 253
335 512
250 537
242 458
333 342
55 566
532 577
294 428
279 486
492 599
224 375
326 415
494 536
519 531
163 573
478 577
51 572
311 436
342 487
279 513
499 573
123 390
368 453
264 428
89 274
349 436
528 566
543 566
458 513
519 572
390 460
479 577
519 589
7 536
66 494
362 374
537 554
85 533
540 559
536 589
545 550
173 532
233 572
28 116
240 448
400 499
305 554
2 458
478 528
294 397
499 599
139 550
190 251
315 405
134 577
274 283
229 589
136 532
377 577
54 518
283 354
404 503
400 516
261 589
448 486
110 559
379 447
11 396
540 573
519 525
518 543
573 589
305 492
264 397
89 305
326 512
387 533
362 512
512 515
55 551
379 573
537 573
326 572
188 503
390 589
23 428
122 551
354 599
133 377
250 531
139 173
460 532
342 528
496 540
148 554
288 476
2 481
7 490
45 555
48 417
54 568
61 477
66 277
77 427
81 215
81 337
85 144
86 175
89 547
89 372
110 412
125 472
125 126
134 585
136 409
139 578
108 148
154 456
156 511
166 384
170 449
172 586
188 524
188 483
141 189
189 595
190 384
138 190
202 592
206 592
224 568
225 384
181 225
229 521
231 576
32 232
142 240
213 242
242 350
179 250
251 406
253 438
204 261
261 462
262 346
263 438
263 521
264 541
274 441
281 579
281 463
31 283
284 310
284 292
271 285
285 568
288 441
288 585
299 456
299 386
307 417
311 580
311 461
315 446
82 315
322 409
322 472
322 331
326 564
76 335
335 465
335 555
342 507
349 406
349 595
355 579
355 578
358 568
358 465
361 547
362 595
187 362
368 521
243 374
374 402
213 375
220 375
377 547
147 379
310 387
109 390
328 390
390 580
390 578
396 481
396 591
396 438
397 417
38 400
130 400
400 568
337 404
346 404
405 508
200 405
411 462
411 495
415 439
416 595
418 483
330 418
352 428
428 576
402 432
96 432
436 576
97 440
441 447
391 447
448 495
448 585
448 489
438 448
450 457
389 450
141 450
453 483
441 453
453 592
458 469
329 458
159 460
266 460
476 568
138 478
444 478
479 555
479 542
463 479
486 490
461 486
472 487
328 487
137 492
351 492
494 580
494 579
494 511
494 595
93 496
496 578
499 586
502 579
365 502
490 503
176 503
137 503
465 512
512 524
337 512
243 515
33 515
485 515
485 516
295 516
425 518
472 519
268 519
519 576
157 525
525 586
525 579
406 528
246 528
10 528
531 579
483 531
532 582
508 533
536 586
536 595
409 536
82 537
265 537
540 585
543 585
439 543
118 543
545 586
267 545
159 550
550 576
118 550
551 556
507 551
551 582
204 551
295 554
559 578
508 559
449 559
559 580
271 559
462 566
412 566
177 566
214 572
365 572
573 592
490 573
211 573
523 573
107 577
495 577
389 589
289 589
495 598
580 598
427 598
352 599
100 599
595 599
213 599
42 599
