117 598
367 414
48 354
258 567
49 471
371 405
320 571
405 506
49 425
486 573
283 367
130 502
425 499
122 300
213 595
179 488
99 579
569 593
237 579
347 589
59 522
130 598
14 527
395 571
534 551
461 595
569 571
307 471
331 370
567 568
502 593
305 340
5 435
430 589
172 585
260 414
395 428
59 567
390 488
358 444
351 571
362 411
400 562
502 569
358 573
144 548
213 567
351 598
48 90
144 570
429 573
433 570
183 237
345 567
461 567
17 358
117 378
320 559
296 565
300 536
362 504
391 499
216 534
237 340
533 589
96 567
367 525
17 573
533 567
433 510
391 569
331 352
390 579
249 352
378 395
119 559
56 598
140 570
589 593
47 573
304 373
525 562
409 559
183 283
195 593
216 320
510 536
405 473
409 593
341 534
217 536
345 595
425 534
531 570
361 390
510 589
446 570
60 414
187 347
217 548
414 579
258 565
567 573
345 486
367 390
105 486
237 525
195 598
102 390
551 559
244 354
486 533
5 473
351 534
177 534
16 378
26 593
16 499
122 589
265 531
144 433
5 362
249 370
305 414
444 533
122 510
187 548
82 540
471 559
354 386
209 397
101 252
49 571
216 598
195 569
82 354
254 354
433 446
428 499
6 446
56 569
90 254
429 595
21 531
309 435
559 593
34 573
177 499
82 194
102 579
244 540
166 461
68 568
428 559
305 361
130 585
525 579
56 593
105 565
341 598
400 579
444 522
114 593
358 533
371 527
523 565
345 565
26 114
296 429
373 570
296 567
58 570
221 595
361 488
471 598
373 548
435 473
58 548
16 559
308 433
305 562
114 320
533 565
428 429
244 254
0 172
101 595
309 362
444 486
260 261
58 352
249 536
237 305
367 488
567 589
59 573
91 506
249 510
5 504
6 510
97 562
536 548
362 405
116 252
66 386
296 486
446 568
523 589
309 527
309 506
257 569
585 598
352 370
429 486
26 395
428 593
209 428
105 595
428 502
414 525
347 570
486 523
232 585
397 585
114 471
309 473
534 571
504 506
390 414
49 341
248 568
21 589
0 571
172 559
260 562
56 571
540 585
305 579
179 525
80 172
232 598
34 533
522 589
130 257
216 569
68 570
435 504
58 446
502 573
21 433
144 536
308 347
307 551
91 140
48 540
98 522
261 371
435 527
523 567
195 499
331 347
57 367
26 391
341 391
209 559
373 430
91 527
430 548
252 540
371 473
298 468
6 140
221 345
49 593
283 534
569 585
425 571
258 296
91 435
68 308
506 527
44 468
34 595
522 523
96 595
378 598
300 531
245 579
522 533
0 16
499 502
257 395
172 425
331 446
144 446
179 260
66 244
531 548
64 593
248 589
59 523
304 308
99 100
64 386
309 504
257 341
307 351
177 395
371 411
5 527
486 567
378 593
64 471
116 354
411 473
430 536
47 522
499 569
102 367
429 522
98 573
534 569
132 425
461 589
351 585
187 568
248 570
370 548
221 523
397 571
96 523
140 548
26 523
179 579
510 548
522 573
101 567
565 595
57 144
91 468
309 405
130 370
232 428
370 536
47 565
140 536
283 400
409 551
340 488
265 536
435 468
409 585
248 510
217 446
122 570
400 414
132 559
378 534
435 506
568 570
217 570
371 504
593 598
122 548
80 559
60 525
117 391
331 531
523 595
258 573
429 567
232 397
331 510
183 579
370 531
300 446
307 598
283 361
461 523
90 116
166 486
254 540
183 525
260 340
425 569
570 571
504 527
97 488
14 506
221 567
488 562
585 593
308 548
179 340
428 598
567 595
244 390
559 585
391 534
249 265
409 471
34 221
307 425
405 527
209 585
488 525
411 504
565 573
105 444
132 571
47 595
395 499
248 446
305 488
340 579
502 598
80 585
347 536
486 565
523 573
362 468
461 573
194 354
444 461
56 502
183 260
64 571
559 598
48 386
499 571
300 568
216 409
444 565
187 570
194 252
119 593
397 569
98 533
254 386
283 562
296 522
80 471
90 386
117 351
298 411
132 598
320 522
101 444
304 589
177 559
433 531
244 598
429 589
362 527
568 589
371 468
371 506
66 254
522 595
358 565
345 533
245 562
429 565
257 351
391 585
341 409
44 473
411 435
60 579
320 551
260 579
64 559
502 534
373 510
17 565
499 559
298 506
361 562
471 571
397 502
429 461
232 502
249 568
14 504
221 565
261 411
522 567
308 370
548 568
444 595
232 569
488 579
341 502
534 593
400 488
473 506
237 488
570 593
340 367
58 531
569 598
0 471
390 562
194 540
44 411
14 473
361 400
307 569
261 506
82 252
21 304
17 429
551 598
409 534
340 400
102 562
213 533
300 430
425 471
523 533
341 551
461 533
405 468
296 461
68 531
300 570
261 473
571 593
331 568
304 531
391 573
245 525
486 595
17 595
499 585
444 523
468 504
358 522
57 390
347 531
119 585
248 548
252 386
370 570
166 567
97 361
209 534
340 562
352 510
471 593
352 568
99 414
320 593
536 568
237 562
66 194
373 589
571 598
347 352
397 598
354 540
116 386
565 567
283 525
536 589
60 283
257 551
446 536
373 536
345 573
21 570
249 433
258 595
308 373
320 569
367 579
390 525
473 527
209 571
400 525
533 595
358 595
44 527
298 371
533 573
48 252
391 409
298 504
486 589
14 468
195 559
57 400
99 525
245 488
298 527
548 570
522 565
265 548
373 433
57 579
130 378
307 585
132 499
244 386
425 502
298 473
60 213
98 589
534 585
351 569
304 568
308 430
405 435
265 430
573 595
502 571
361 579
258 523
261 504
99 562
573 589
428 585
307 331
397 534
430 510
411 527
96 461
430 568
435 559
358 589
362 506
510 531
122 304
531 589
117 569
179 562
97 579
96 565
217 304
395 593
47 345
187 362
177 428
378 397
468 527
571 585
166 595
468 506
217 331
562 579
320 378
166 444
370 568
166 565
140 568
187 433
261 405
102 525
119 172
265 568
101 386
411 468
352 570
114 216
395 598
531 568
6 568
414 562
119 391
183 562
0 143
6 437
16 421
34 169
59 550
66 582
68 558
100 591
100 572
100 511
116 126
132 453
177 224
77 194
195 519
213 501
213 581
213 379
214 217
25 221
232 281
245 563
245 547
245 295
248 423
225 254
20 258
265 582
251 296
298 524
288 305
309 572
341 342
103 345
346 347
351 459
352 580
354 410
358 359
361 555
395 591
397 482
400 532
409 557
53 414
430 457
384 430
88 444
161 468
473 582
222 499
379 504
504 577
506 556
62 510
477 522
449 523
450 527
530 531
531 563
464 533
533 564
368 536
310 536
528 540
547 548
141 551
223 551
329 565
314 565
459 569
532 569
571 574
573 594
121 579
402 595
507 595
591 598
319 598
