305 359
396 570
443 524
315 581
343 385
140 214
299 518
475 499
90 517
183 298
299 579
67 585
139 372
443 517
266 579
490 552
202 581
283 570
251 443
431 596
227 599
540 599
298 403
343 500
22 233
261 570
65 540
340 552
263 555
97 446
161 596
27 599
400 518
47 493
266 518
436 448
162 599
67 590
129 312
266 596
312 322
156 576
233 556
425 475
308 355
237 239
395 443
261 315
387 573
19 327
396 551
156 552
215 585
88 142
306 518
473 596
540 556
114 586
239 443
369 518
161 473
162 540
315 590
552 586
362 473
140 446
156 505
306 596
376 540
308 446
369 596
34 431
64 488
551 576
585 590
40 385
111 372
227 586
299 415
512 590
38 352
425 585
261 377
317 396
365 596
185 355
110 599
218 499
185 446
552 599
312 518
387 555
556 581
67 543
425 543
36 395
274 490
372 599
183 517
73 404
233 488
193 551
130 443
404 590
488 570
475 590
64 308
377 581
404 573
146 400
518 596
22 193
83 129
505 599
425 512
218 540
570 581
327 404
359 500
314 590
322 403
415 425
219 239
573 585
309 573
513 581
308 327
317 376
500 581
359 424
36 298
40 88
490 586
116 372
436 551
130 524
75 590
46 361
415 573
151 552
314 585
551 581
16 596
309 518
512 585
193 555
22 551
34 473
424 518
309 431
261 581
372 586
385 581
283 305
283 343
116 599
376 402
193 556
111 505
4 274
214 236
198 362
362 596
283 488
21 236
77 299
75 263
327 512
340 505
19 230
396 576
64 249
98 446
198 579
369 579
151 576
305 556
475 573
154 315
218 436
54 493
415 585
251 586
573 590
400 590
261 540
309 493
223 555
343 581
283 376
552 576
312 395
219 438
38 590
23 473
4 586
185 236
387 585
249 355
0 540
543 555
151 490
227 576
156 298
215 573
264 266
183 233
83 579
236 446
499 543
73 590
111 599
424 493
314 352
355 446
154 488
505 576
352 543
499 555
139 586
402 570
26 543
116 586
500 590
298 517
169 500
404 555
210 218
130 517
261 579
68 83
218 385
343 540
540 551
21 308
298 524
264 573
586 599
106 576
551 555
23 365
198 431
402 500
129 524
376 551
362 518
27 586
251 490
125 355
299 365
305 402
202 424
115 585
402 556
77 551
73 543
46 114
343 488
19 376
377 570
513 540
6 556
26 590
372 576
263 499
99 146
215 590
198 493
395 524
340 599
90 219
263 512
264 555
314 573
28 438
227 552
518 579
88 513
251 552
239 517
143 570
183 403
309 596
317 551
581 585
223 585
7 493
90 322
47 518
376 513
237 585
369 493
142 488
402 436
140 249
306 473
312 517
396 581
400 512
500 540
493 596
299 473
40 570
223 512
23 369
65 443
202 556
518 599
312 524
308 387
223 581
448 551
425 555
143 488
77 596
151 499
256 570
161 493
54 400
75 573
46 579
130 431
322 517
68 596
237 512
576 599
129 322
223 573
97 438
73 585
111 586
340 490
317 556
490 599
425 556
139 490
263 590
237 590
488 513
403 443
65 403
365 576
543 573
97 185
256 500
438 443
431 579
352 499
26 387
34 596
154 169
210 314
26 264
298 438
305 424
396 436
202 359
183 395
21 355
162 576
98 236
513 551
306 362
274 599
106 552
396 488
361 596
352 404
47 596
361 431
156 599
490 505
227 251
233 551
239 524
438 524
7 365
377 556
68 365
327 499
99 400
385 448
88 448
140 355
415 590
396 556
219 524
266 431
214 230
387 400
114 599
142 540
239 438
0 570
543 585
283 377
99 264
115 473
579 585
54 573
372 552
27 552
385 551
490 576
38 585
161 579
400 543
499 573
4 599
4 505
377 513
162 505
18 274
215 475
540 570
402 446
424 581
169 448
214 249
7 431
99 543
106 340
230 499
305 581
436 570
65 524
317 488
16 361
473 518
210 570
143 551
19 54
327 555
6 570
274 576
306 369
499 590
90 395
448 581
116 424
65 395
237 415
473 579
210 513
223 264
6 513
436 513
555 573
142 570
146 585
512 543
47 83
274 552
314 499
387 475
237 555
143 556
505 586
219 443
151 586
38 230
139 576
425 573
512 555
425 590
110 505
340 576
183 596
193 581
322 438
377 500
0 22
115 230
385 556
230 555
67 512
404 543
98 308
309 579
210 359
36 438
116 552
151 385
376 436
251 599
140 596
169 315
500 556
16 579
361 579
146 475
256 551
68 579
64 446
352 387
4 425
106 586
115 475
154 540
438 517
576 586
27 576
23 83
233 315
16 266
34 309
517 524
162 586
98 214
475 555
403 438
21 140
46 424
306 493
6 402
73 513
365 579
317 590
448 540
361 493
317 448
403 517
315 359
263 586
77 362
7 121
16 319
18 329
18 472
18 246
19 350
21 485
27 457
28 417
28 562
28 557
47 410
90 587
71 110
110 589
115 557
125 595
125 557
130 580
142 595
154 419
161 472
169 508
185 597
193 527
210 349
214 482
218 592
152 219
223 578
236 246
236 557
237 320
249 582
249 269
256 296
261 422
252 263
41 298
314 419
314 580
315 336
322 597
326 327
343 394
343 527
343 591
355 449
359 406
221 361
318 362
362 534
365 472
372 527
370 372
377 520
395 428
395 580
396 484
370 403
404 421
220 404
330 415
424 521
217 425
428 436
380 436
250 436
438 454
259 443
446 482
356 473
473 541
339 473
159 488
490 519
493 574
414 505
508 512
512 591
487 513
107 513
517 587
406 524
489 524
417 524
515 524
101 543
543 587
416 551
535 552
552 580
414 555
556 598
527 556
435 570
515 573
576 589
534 576
496 579
397 579
247 581
131 581
288 581
586 592
15 586
590 595
127 590
457 596
596 598
117 599
578 599
