176 190
545 548
168 340
414 444
80 571
2 534
156 596
86 481
553 569
33 500
348 434
478 500
79 575
84 478
148 459
129 456
461 543
156 572
69 569
446 490
208 500
283 296
318 434
153 169
339 446
148 500
123 339
490 562
424 476
133 508
376 552
496 522
380 545
224 488
152 596
212 496
402 557
417 508
370 575
128 194
75 528
389 457
241 454
293 330
75 424
30 86
6 557
9 101
237 340
206 572
450 575
2 168
130 552
476 547
113 479
312 580
337 438
296 358
168 571
444 519
457 569
152 434
75 194
168 373
318 488
223 571
228 407
33 575
561 562
5 548
110 575
211 250
310 337
69 248
500 572
93 226
146 459
421 524
434 548
471 524
496 575
241 248
562 575
500 571
296 340
316 436
311 481
419 478
312 419
530 572
69 508
371 424
149 571
376 528
500 552
283 543
371 500
457 461
337 435
524 596
208 223
552 575
264 433
371 395
206 456
402 490
49 207
436 569
152 476
6 459
311 424
296 435
27 293
596 597
176 478
7 580
285 534
528 534
548 596
212 241
433 561
228 395
432 519
200 547
162 296
207 330
312 407
371 438
318 548
545 597
316 522
2 461
358 557
337 571
296 367
156 421
101 330
481 528
27 518
460 561
202 407
164 436
2 432
339 543
152 572
200 534
153 454
226 522
311 596
128 552
330 572
84 528
421 553
162 562
390 597
158 561
488 572
110 264
522 575
164 522
83 358
101 432
38 476
176 407
498 562
248 508
367 424
211 488
456 524
124 290
190 561
279 547
547 562
157 488
226 498
402 518
459 498
283 534
146 460
454 544
419 488
212 530
450 580
5 518
129 370
7 528
376 544
414 530
127 461
380 519
208 518
348 534
528 571
83 490
206 208
128 498
166 500
146 157
500 519
224 471
248 596
310 534
456 545
158 212
421 561
250 444
552 572
226 553
79 436
285 596
407 471
158 170
68 548
446 552
390 407
471 544
348 436
522 526
30 557
236 547
417 450
395 433
373 544
438 553
478 522
123 228
156 224
433 496
434 596
380 522
101 569
528 544
446 543
373 395
419 496
140 436
316 496
158 285
224 508
176 457
33 432
86 528
169 311
481 562
15 459
456 572
571 572
446 518
79 312
375 432
83 390
444 471
5 434
49 417
264 575
290 547
93 461
207 498
434 444
166 528
80 389
211 316
358 562
15 375
490 528
433 478
367 371
459 569
283 380
476 498
279 389
9 597
373 417
190 311
340 371
414 548
424 496
417 545
194 528
241 424
7 224
569 580
389 390
93 436
248 367
312 330
202 389
110 496
508 528
456 534
519 571
9 496
478 496
498 553
130 518
170 414
129 279
459 460
370 596
312 456
496 580
479 548
211 526
547 575
148 488
279 530
310 596
237 524
348 561
7 524
38 446
169 524
250 471
435 496
444 534
402 561
478 575
83 597
264 545
450 479
250 389
236 553
371 597
407 432
419 436
479 524
200 293
149 526
543 552
547 557
545 557
15 202
433 575
264 434
348 519
113 123
133 158
124 162
438 498
69 552
202 479
339 454
390 395
526 580
80 547
476 596
38 534
548 597
402 456
164 575
524 547
478 597
376 569
432 438
557 562
479 596
435 545
337 526
226 337
166 206
170 200
208 454
110 548
316 457
84 522
236 580
285 376
312 339
68 580
162 237
237 434
140 522
228 545
348 421
30 460
149 597
130 543
438 460
318 450
496 508
375 547
68 534
86 124
241 571
476 524
127 459
518 543
481 552
460 553
237 290
461 569
84 596
75 438
414 543
457 488
27 460
450 545
471 545
376 417
149 370
146 375
519 544
390 424
206 293
395 450
528 552
49 478
310 548
223 569
169 498
370 530
530 562
264 375
80 164
152 561
561 572
170 290
2 584
5 453
5 276
6 560
6 173
6 595
7 374
9 576
9 354
15 336
15 335
27 593
27 485
30 387
30 566
33 585
33 136
38 563
38 525
49 356
49 234
68 265
68 98
69 118
75 331
77 79
13 79
80 299
83 219
84 163
86 560
93 382
93 592
99 101
110 591
113 564
113 527
113 576
123 578
123 352
124 235
124 533
127 535
127 301
127 260
128 504
128 485
129 511
129 549
130 574
130 477
133 333
133 504
133 523
140 220
140 324
140 469
140 292
146 205
146 532
148 351
148 462
148 542
149 428
149 475
152 586
153 378
153 520
153 165
153 203
156 327
156 359
157 487
157 269
157 262
157 592
158 581
162 448
162 599
53 164
164 589
57 166
166 415
166 588
168 494
168 451
169 397
169 442
170 573
170 536
176 178
76 176
184 190
190 409
190 564
194 408
194 485
194 587
200 385
174 200
202 550
202 492
206 512
207 550
207 583
174 207
208 581
211 565
211 360
212 487
212 499
223 593
223 554
223 335
223 306
224 365
224 267
226 227
226 397
209 228
228 499
228 484
236 406
236 274
73 236
236 400
237 352
237 595
241 425
241 455
248 467
248 592
18 250
250 405
250 581
264 346
279 574
279 529
279 510
283 539
283 577
283 504
285 587
285 559
285 440
66 290
255 290
290 474
290 334
293 523
82 293
293 516
293 592
144 296
296 563
310 336
254 310
306 310
310 554
311 574
32 311
246 311
312 590
316 442
308 316
316 405
245 318
154 318
115 318
318 520
330 537
330 505
330 495
337 497
266 337
339 533
28 339
309 339
340 542
240 340
340 473
282 340
348 398
348 514
348 480
358 491
358 567
268 358
358 377
358 566
181 367
335 367
367 464
367 584
167 367
342 370
109 370
370 582
370 487
371 533
273 371
373 563
260 373
188 373
373 413
373 521
341 375
375 533
375 550
375 517
231 376
376 565
376 531
380 509
380 546
372 380
213 380
90 380
380 574
251 389
389 493
383 389
385 389
307 390
388 390
144 390
390 406
180 395
395 477
395 503
63 395
402 593
233 402
402 565
402 581
402 428
353 407
22 407
401 407
414 469
414 585
414 541
229 414
31 414
351 414
392 417
417 511
417 520
22 417
417 590
419 493
172 419
419 442
419 598
416 419
88 419
50 421
313 421
421 527
308 421
421 468
409 421
424 504
424 592
394 424
432 455
252 432
51 432
398 432
315 433
433 439
26 433
270 433
433 538
433 506
369 434
396 434
232 434
41 435
435 585
405 435
435 542
362 435
435 443
383 435
411 435
436 566
436 590
150 436
242 436
438 487
438 533
305 438
138 438
438 472
444 594
195 444
97 444
422 444
214 444
379 444
446 568
446 593
108 446
34 446
446 503
446 591
222 450
450 483
450 583
450 589
450 497
454 458
332 454
386 454
454 525
443 454
112 454
141 454
456 592
39 456
272 456
456 577
441 457
306 457
439 457
457 583
443 457
457 512
94 459
413 459
459 555
422 459
459 556
201 460
452 460
422 460
460 559
328 460
261 460
396 461
461 516
394 461
448 461
461 549
58 461
428 461
222 471
471 475
471 489
338 471
471 556
471 525
147 476
476 501
343 476
476 527
263 476
476 577
382 478
180 478
440 478
425 478
430 479
111 479
352 479
411 479
125 479
334 479
259 479
427 479
481 594
481 516
481 491
254 481
323 481
298 481
17 481
481 499
354 481
360 488
488 505
488 599
96 488
326 488
398 490
490 593
482 490
104 490
490 494
167 490
490 567
490 555
490 527
104 496
400 498
464 498
498 555
76 498
498 503
500 511
326 500
445 500
500 542
268 508
52 508
508 599
462 508
19 508
508 520
508 595
62 508
329 518
368 518
72 518
518 555
518 546
463 518
315 518
263 518
31 519
519 521
519 538
204 519
114 519
519 573
137 519
303 519
426 519
92 522
430 522
522 556
8 522
36 522
494 522
524 539
362 524
210 524
272 524
253 524
524 563
410 526
353 526
503 526
526 531
55 526
378 526
351 526
291 526
473 526
11 526
161 526
528 538
397 528
262 530
530 586
396 530
530 598
530 585
257 530
451 530
530 573
530 559
458 530
269 534
534 537
534 581
411 534
477 534
19 543
243 543
341 543
411 543
511 543
377 543
396 543
268 543
382 543
44 543
139 544
445 544
62 544
544 585
544 576
289 544
544 558
463 544
544 586
274 544
95 544
397 544
350 545
545 556
345 545
453 545
342 545
186 545
545 551
547 554
147 547
343 547
547 594
547 585
42 547
11 547
431 548
345 548
548 589
515 548
467 548
350 548
541 548
374 552
552 563
145 552
313 552
464 552
56 552
216 552
400 553
247 553
553 582
553 591
514 553
145 553
487 553
497 553
423 553
553 577
553 598
314 557
199 557
363 557
557 560
44 557
557 566
550 557
91 557
509 557
319 557
557 593
175 557
561 577
447 561
185 561
280 561
36 561
405 561
286 561
561 567
546 561
560 562
465 562
309 562
265 562
332 562
213 562
562 566
172 562
420 562
555 562
239 569
347 569
569 586
70 569
391 569
423 569
412 569
514 569
115 569
294 569
538 571
466 571
527 571
246 571
299 571
303 571
102 571
91 571
301 571
572 589
429 572
510 572
10 572
24 572
559 572
329 572
385 572
551 572
391 572
185 575
92 575
538 575
575 590
559 575
227 575
509 580
445 580
514 580
443 580
317 580
346 580
580 588
328 580
415 580
381 580
363 580
580 594
343 580
154 596
583 596
45 596
596 598
591 596
305 596
573 596
554 596
489 596
184 596
344 596
160 597
59 597
590 597
441 597
141 597
429 597
255 597
431 597
591 597
232 597
507 597
322 597
350 597
570 597
284 597
282 597
