49 146
160 500
366 588
345 480
376 398
88 395
70 484
162 208
68 505
282 538
64 493
56 58
369 505
16 308
199 527
150 493
168 353
120 198
236 429
339 544
426 480
382 423
43 339
80 146
319 383
414 538
538 556
161 500
72 193
196 556
303 538
178 482
34 383
388 517
429 590
37 446
140 143
192 527
218 442
256 560
459 468
164 227
388 414
158 590
153 199
548 560
429 583
44 67
72 590
468 588
556 590
217 319
505 581
5 140
256 529
5 353
424 560
150 527
339 443
216 510
338 480
178 556
343 348
140 167
34 363
480 594
517 594
155 208
58 552
373 594
366 459
373 482
161 548
193 424
382 505
455 552
35 143
143 313
413 534
321 392
373 561
369 414
319 442
9 68
313 468
16 583
140 468
291 419
49 290
158 581
226 548
419 590
149 313
178 480
114 517
353 475
226 500
468 583
73 594
208 484
58 192
226 588
26 529
393 529
318 388
16 435
227 239
429 493
413 426
34 366
160 316
114 534
319 424
245 443
369 482
258 480
392 583
239 527
306 423
191 323
276 388
258 423
9 398
373 480
256 429
398 527
106 320
318 583
343 581
88 208
403 561
321 548
216 217
370 403
167 344
527 544
162 353
468 544
44 560
199 388
431 583
339 370
196 581
313 370
120 581
153 321
316 366
306 552
236 348
43 423
348 484
80 548
5 594
383 560
149 223
393 484
529 538
4 414
538 588
455 588
192 590
424 468
217 480
88 556
360 380
171 594
316 357
193 534
303 583
560 588
484 560
221 556
369 429
344 583
158 306
482 590
291 344
132 590
360 446
218 369
414 435
357 380
155 183
500 510
223 442
290 482
201 370
319 323
381 561
321 343
245 316
8 426
446 552
291 423
381 517
323 398
414 442
320 446
419 446
345 475
160 287
429 534
198 484
419 527
338 431
132 151
162 534
290 590
153 201
561 594
376 510
353 590
291 510
360 382
193 413
363 527
34 318
338 561
413 588
92 308
80 442
239 583
155 392
158 344
198 366
67 320
9 556
258 393
223 581
303 590
245 527
376 413
26 500
64 276
320 544
106 395
414 548
35 199
44 534
380 403
218 306
218 443
16 291
398 538
4 161
26 366
198 370
39 475
164 303
8 510
403 544
168 398
221 583
183 395
68 239
237 583
269 308
382 493
73 527
383 538
216 290
8 380
70 475
529 560
306 588
435 548
47 360
16 500
319 345
373 455
426 552
276 344
256 339
423 548
70 357
197 552
348 388
37 590
151 323
442 581
237 455
56 544
43 70
151 227
49 155
153 183
201 431
423 529
269 500
360 527
8 505
197 581
47 382
287 303
67 510
39 395
344 381
132 561
88 282
191 314
383 561
92 590
171 376
392 484
227 556
171 393
226 534
484 534
171 431
149 588
343 475
58 556
376 517
363 544
353 517
314 455
106 534
167 314
106 560
345 552
323 360
44 383
276 380
403 459
258 529
150 517
193 455
39 534
4 191
321 363
482 538
431 500
287 403
37 588
319 581
395 419
167 381
381 443
269 318
140 193
161 338
258 493
92 468
153 308
237 534
196 426
223 590
73 395
424 552
9 114
4 280
5 137
5 74
9 543
26 399
26 361
34 592
35 189
37 448
39 598
39 294
43 478
44 358
47 440
47 476
49 578
56 592
56 586
58 508
64 576
64 449
67 572
70 330
72 441
72 533
73 520
80 377
88 564
92 346
106 598
114 513
114 577
120 598
120 286
132 516
143 545
146 476
146 454
149 554
149 555
151 582
151 524
153 450
155 427
119 158
158 536
160 585
162 499
162 543
162 478
148 164
164 397
167 490
167 469
168 469
168 543
168 520
178 425
178 454
175 183
183 368
191 299
191 566
192 365
192 512
196 479
197 528
197 499
116 198
199 576
199 200
201 285
201 351
208 585
216 513
216 346
221 592
221 251
223 322
226 374
227 262
227 355
236 299
236 550
236 250
237 585
239 487
245 582
258 598
269 399
269 288
276 541
276 453
85 276
282 547
100 282
282 449
287 304
253 287
287 550
290 374
290 487
268 303
303 550
306 531
268 306
308 400
308 483
308 543
188 313
313 513
314 599
314 490
314 547
316 440
316 592
316 507
318 578
133 318
318 489
319 463
320 528
320 525
246 320
321 479
36 321
323 512
323 362
338 481
338 416
343 579
343 485
343 573
345 595
345 487
261 345
348 481
348 536
348 511
328 353
357 599
357 592
357 540
360 425
360 463
355 363
363 566
363 441
232 366
57 366
366 542
369 469
369 547
369 579
370 418
370 436
370 440
370 589
373 396
376 559
376 441
376 592
376 523
214 380
380 489
354 380
381 545
381 502
331 382
7 382
383 532
383 391
388 453
388 573
392 411
392 447
392 453
379 393
393 586
395 402
395 542
395 503
398 582
66 398
204 403
403 578
413 540
13 414
414 418
419 525
419 595
419 555
419 520
424 523
157 424
231 424
84 424
329 424
426 454
372 426
122 426
264 429
265 429
431 580
431 589
431 566
431 489
31 431
435 579
362 435
435 463
278 435
211 435
442 496
442 554
442 508
443 513
38 443
422 443
48 443
443 572
422 446
409 446
446 598
139 446
455 551
422 455
185 455
384 455
455 481
2 459
459 502
311 459
459 579
428 459
468 555
263 475
304 475
97 475
412 480
220 480
480 508
480 555
38 482
482 499
445 482
482 523
482 577
136 484
462 493
493 502
351 493
147 493
286 493
500 511
418 500
352 500
500 532
111 505
358 505
124 505
505 579
93 505
231 505
503 510
425 510
444 510
263 510
450 510
517 580
405 517
100 517
517 533
232 517
156 517
436 527
175 529
389 529
358 529
492 529
305 529
384 529
387 534
534 598
534 579
534 545
231 534
523 538
532 538
540 544
233 544
315 544
179 544
95 544
11 544
515 544
528 544
548 579
379 548
134 548
465 548
548 592
229 548
548 577
533 548
485 552
32 552
531 552
298 552
349 552
545 556
416 556
163 556
518 556
541 556
215 556
377 560
547 560
560 577
262 560
561 564
551 561
492 561
399 561
142 561
550 561
554 561
462 581
515 581
2 581
581 598
159 581
568 581
485 581
447 581
502 583
465 583
352 583
583 595
428 583
456 583
292 588
295 588
559 588
172 588
511 588
159 588
523 588
265 590
185 590
515 590
406 590
590 599
551 594
550 594
396 594
283 594
299 594
124 594
566 594
528 594
545 594
554 594
