257 290
416 513
464 523
141 578
245 288
394 518
319 400
90 286
492 529
377 596
401 461
23 377
320 571
197 241
300 524
166 355
241 323
523 539
244 419
398 478
40 352
131 244
171 513
398 523
447 523
419 502
197 268
482 513
225 271
321 394
288 542
334 445
79 333
398 447
535 596
290 450
273 378
131 571
349 584
341 584
539 584
464 587
492 571
0 596
332 416
438 539
292 571
62 182
349 566
498 561
226 502
349 450
287 290
161 255
156 273
516 518
76 359
568 571
53 286
197 468
179 587
450 584
14 141
17 351
78 518
460 568
529 568
260 578
321 596
31 476
210 566
292 520
502 529
417 571
460 492
290 468
245 260
450 566
194 516
520 558
241 307
394 516
523 587
198 518
464 478
584 587
131 306
445 524
356 502
197 257
206 578
170 578
478 506
260 401
15 587
377 535
23 516
62 545
197 351
53 352
123 281
447 506
119 271
37 539
520 571
139 332
329 492
246 482
179 348
302 432
321 524
460 558
156 170
174 185
343 502
128 529
518 596
37 290
90 460
306 416
506 584
339 596
257 468
524 596
161 379
74 524
464 482
478 587
40 286
156 578
10 506
343 561
542 596
152 558
179 566
341 523
325 584
234 578
39 244
170 234
90 352
321 334
68 300
445 535
140 253
114 584
321 542
320 568
194 596
17 468
210 246
156 401
268 468
114 450
139 482
377 524
207 225
74 596
182 545
334 535
198 516
321 535
109 206
332 506
130 140
307 323
166 359
268 545
292 561
319 447
206 273
417 419
334 542
74 333
545 561
518 542
78 187
171 539
445 476
561 584
252 561
464 584
492 568
129 352
53 333
377 542
179 199
558 568
306 561
400 566
252 320
207 432
355 539
234 287
313 587
394 542
306 492
208 520
171 566
255 379
529 571
185 432
417 460
222 596
39 152
123 307
78 596
10 566
271 432
174 253
288 596
37 523
356 520
239 352
161 207
287 497
447 478
313 566
28 516
319 584
167 571
400 478
438 464
288 518
208 571
416 587
292 502
273 461
0 445
77 129
7 558
17 262
210 482
417 529
245 542
28 130
516 535
307 468
359 450
332 539
356 498
349 447
226 558
207 379
129 524
325 464
234 461
476 535
513 539
128 498
241 351
273 578
400 539
398 416
198 464
199 482
15 539
300 596
119 432
234 497
39 492
39 571
167 187
182 268
334 518
109 497
482 539
529 558
40 79
343 498
378 379
7 187
62 468
210 325
76 313
355 587
378 578
28 558
287 578
236 252
351 545
262 307
339 476
513 566
325 587
329 520
343 520
320 460
416 523
438 584
0 542
109 260
492 561
152 244
97 419
89 561
170 281
28 596
516 524
329 561
152 492
23 524
349 400
171 359
349 359
97 502
166 587
523 584
225 432
281 461
197 545
464 568
226 571
76 438
166 398
341 398
31 516
78 198
332 587
419 558
130 255
313 325
194 542
306 571
123 262
245 518
313 438
445 518
182 468
160 379
355 482
400 587
10 15
300 516
14 578
139 313
167 520
401 497
174 432
348 478
323 468
17 545
450 523
356 568
123 545
246 450
139 566
281 378
464 566
539 587
68 596
109 578
166 523
161 432
234 333
498 558
288 524
292 460
89 558
199 447
400 506
524 542
498 520
7 502
460 502
476 518
62 262
23 74
377 516
502 561
252 417
286 359
114 587
79 90
257 351
257 545
271 379
14 497
15 566
239 333
332 450
535 542
348 438
321 445
339 535
208 568
416 584
97 417
400 523
356 558
68 245
0 535
198 339
419 492
194 476
222 535
319 482
253 302
89 419
268 323
31 518
114 566
156 497
187 417
89 568
239 286
323 545
128 561
185 302
246 584
329 568
394 445
77 352
130 253
416 539
170 461
262 351
255 271
320 498
394 524
174 379
222 542
257 323
10 587
156 171
161 460
160 174
262 545
478 482
290 545
287 401
130 160
226 236
334 596
128 502
281 401
355 438
255 302
260 461
244 571
199 513
260 497
478 584
187 292
187 520
516 596
394 476
74 222
210 464
343 558
359 587
28 236
319 341
539 566
334 476
461 578
141 461
206 260
131 417
355 513
14 461
79 129
252 419
492 498
497 578
476 596
123 182
161 185
7 529
378 461
524 535
416 438
332 398
97 561
348 482
349 492
185 225
378 401
194 339
513 584
119 160
140 432
281 578
329 498
226 529
339 542
208 561
171 584
498 568
241 545
246 348
286 333
320 343
140 379
77 239
306 529
401 578
447 566
307 545
78 535
167 558
31 68
129 333
77 90
300 476
287 288
561 571
53 239
468 545
302 379
445 545
506 561
438 587
37 513
222 377
271 558
286 352
447 464
348 513
520 529
225 253
319 355
325 513
206 497
40 333
152 561
236 568
329 343
198 596
319 566
460 498
334 341
76 584
7 358
14 117
15 577
17 184
23 480
37 532
53 599
62 364
68 70
76 397
77 470
72 79
89 490
5 97
64 114
119 150
139 527
140 546
137 141
141 347
152 527
160 172
160 543
167 590
1 170
179 577
179 508
194 595
199 501
206 549
207 342
180 207
208 342
208 551
210 358
222 594
3 236
236 554
244 509
126 245
231 252
127 252
181 253
150 253
255 586
150 255
262 511
268 298
271 505
273 544
281 284
287 347
288 315
290 485
302 556
231 302
306 554
313 593
319 440
296 320
321 371
323 531
309 325
277 329
332 527
339 599
12 339
341 410
343 575
349 590
351 443
249 351
352 517
127 355
209 356
356 491
377 486
377 488
378 436
347 378
378 507
375 394
398 515
398 583
363 401
401 444
385 416
417 436
100 417
418 419
419 543
422 432
438 585
388 445
445 548
447 576
460 554
460 499
461 515
476 585
478 595
297 478
295 478
289 482
482 581
415 492
213 497
454 497
498 528
243 498
498 589
342 502
188 506
9 506
506 569
413 506
230 506
13 506
512 513
256 513
515 516
490 516
66 518
49 518
122 520
471 520
520 554
435 523
380 523
147 523
471 524
524 528
314 529
230 529
474 535
134 535
535 595
539 580
354 539
353 542
71 542
58 545
530 558
560 561
554 561
549 566
474 566
127 568
381 568
342 568
554 568
569 571
312 571
347 578
578 581
203 578
540 578
88 584
95 584
584 588
582 587
113 587
365 587
173 587
266 596
228 596
363 596
594 596
