103 291
136 547
186 504
327 579
149 533
479 541
41 591
285 531
101 455
87 346
48 376
462 541
455 591
242 463
387 553
272 570
386 473
29 559
61 591
340 475
201 327
335 473
504 559
503 570
376 405
93 592
270 305
299 424
340 405
48 163
562 591
522 563
328 510
35 455
316 550
449 500
386 570
338 503
29 552
32 531
61 138
149 573
29 504
424 572
168 421
104 547
426 574
193 570
41 579
75 124
108 537
178 430
283 563
382 541
138 565
310 521
426 449
455 573
310 547
340 567
317 563
272 552
346 547
25 301
26 421
311 430
30 479
389 533
366 533
386 559
392 550
138 579
475 567
193 537
158 533
393 521
107 310
475 557
308 522
537 591
267 399
175 526
338 437
54 311
275 531
382 463
25 563
101 537
195 383
50 316
372 563
552 592
557 565
175 305
195 389
465 591
280 316
531 570
240 573
462 504
526 550
175 553
106 456
455 533
41 430
452 563
157 426
136 383
26 360
106 565
279 565
261 533
310 573
146 562
465 567
466 553
275 437
337 466
305 456
265 283
466 579
75 261
157 510
27 146
462 473
479 592
65 563
360 550
570 592
328 421
65 372
93 573
412 592
81 522
6 386
267 280
283 572
163 475
337 591
146 557
21 591
405 579
303 316
335 412
405 557
463 570
84 567
463 504
27 591
392 426
283 424
275 503
383 547
421 574
162 553
383 521
303 574
541 579
366 393
393 455
360 526
389 521
202 574
449 451
92 382
473 541
579 591
466 591
168 392
202 500
191 510
389 573
305 562
392 526
531 541
466 475
103 473
285 503
103 592
110 399
101 573
387 421
201 557
101 420
265 572
201 567
565 579
316 500
92 462
449 510
451 526
437 462
430 465
6 572
500 574
387 510
153 591
191 427
261 521
346 521
124 514
465 565
107 504
108 573
261 573
30 463
462 479
175 579
387 449
335 338
111 559
574 591
195 533
30 192
50 421
168 500
299 317
567 579
65 522
412 570
104 389
386 592
338 386
61 574
504 570
16 303
108 533
455 547
389 420
510 553
372 522
392 510
311 565
366 399
106 162
124 280
178 279
437 473
412 559
158 537
372 452
455 514
35 514
514 573
456 557
462 592
570 573
16 316
308 572
420 537
163 465
103 552
465 562
291 574
550 574
195 393
465 579
48 591
387 550
399 420
328 550
299 563
462 552
84 557
275 592
16 574
299 372
107 242
189 591
301 308
340 430
552 559
168 451
248 563
84 153
135 570
189 553
136 533
112 567
318 557
328 451
387 451
103 193
392 574
382 592
175 562
427 550
104 195
35 264
168 563
337 579
270 591
514 579
110 270
285 570
387 526
327 340
311 574
510 526
500 510
393 420
500 526
437 504
503 531
563 572
110 537
48 193
136 573
335 531
135 552
25 522
81 563
111 503
399 514
376 591
553 567
44 479
201 562
26 550
301 522
430 466
299 572
61 565
242 272
360 574
382 412
108 526
393 533
272 285
456 565
157 427
193 559
338 592
521 573
106 346
547 573
146 565
112 562
270 456
186 338
360 449
424 522
265 522
242 592
65 572
48 153
75 280
32 541
153 553
267 301
328 526
32 437
311 456
162 567
57 193
283 299
382 504
26 526
340 579
50 526
437 541
163 318
376 579
463 541
473 475
265 563
376 553
267 455
318 565
393 573
531 559
420 547
504 567
537 547
420 521
108 366
192 559
248 572
399 537
427 574
503 552
138 562
186 479
261 399
424 452
317 562
316 574
500 504
405 567
272 463
317 452
280 533
337 553
426 550
149 521
50 550
335 541
466 533
308 452
186 531
93 479
372 572
178 562
84 466
44 503
44 552
279 376
412 473
412 503
267 521
267 310
386 503
301 572
61 557
280 514
337 430
533 537
452 572
189 562
456 567
521 547
158 240
157 451
510 574
178 405
337 465
124 420
553 591
92 93
451 500
65 562
107 186
426 526
16 500
449 574
104 537
327 565
338 559
275 570
283 466
541 559
25 572
191 550
291 387
27 562
162 279
192 272
242 479
559 592
562 567
87 158
32 462
392 427
310 346
240 514
158 310
87 547
111 531
270 553
93 559
189 475
135 462
473 592
541 552
6 412
316 426
192 592
248 522
135 386
57 503
285 592
392 451
191 360
376 562
531 592
240 547
553 579
437 552
463 552
75 366
35 573
92 570
6 570
279 466
21 52
52 54
421 550
112 579
565 567
291 427
455 537
346 383
168 574
189 567
456 562
308 563
57 592
248 317
29 541
301 452
202 550
346 387
366 547
452 522
291 451
557 579
383 389
382 552
533 573
424 563
285 463
541 570
21 430
421 510
106 465
107 552
382 479
26 557
317 572
264 514
111 426
202 449
301 563
30 504
136 559
21 153
149 537
202 427
393 514
44 570
275 473
303 328
279 591
240 280
112 557
522 572
189 305
264 547
248 424
157 500
463 479
437 479
57 335
562 565
6 559
405 466
537 573
81 424
265 372
475 565
514 521
41 565
87 573
557 591
27 327
175 550
111 541
514 547
21 327
291 303
81 572
201 553
346 514
261 405
305 465
337 338
426 510
366 383
557 567
405 475
449 526
283 317
16 530
25 188
27 154
29 577
30 512
32 116
35 185
41 571
44 564
50 516
52 529
52 558
52 571
54 589
54 329
54 320
57 477
75 336
81 575
84 258
87 183
92 555
101 407
31 104
110 309
110 560
112 227
124 507
135 495
115 138
146 598
149 502
153 367
102 157
158 578
125 162
162 548
163 468
163 534
4 178
178 293
40 186
191 439
191 324
10 192
119 192
195 367
201 496
202 554
239 240
242 402
248 558
109 261
131 264
264 488
264 495
264 594
265 538
265 448
267 397
270 588
268 270
272 542
275 529
279 525
174 285
291 582
299 597
303 457
303 569
305 529
308 532
308 468
311 568
311 425
292 317
273 318
318 578
318 509
318 350
318 497
282 327
125 327
325 328
328 546
335 394
296 335
337 588
204 340
24 340
360 539
360 587
366 577
366 432
370 372
348 372
376 596
376 380
215 382
383 594
383 593
199 386
389 390
83 389
392 551
393 505
373 399
399 534
190 405
412 453
154 412
218 420
278 420
348 421
421 571
424 433
424 513
426 583
407 427
427 502
144 427
430 586
430 588
430 518
300 437
22 437
449 497
449 450
451 501
451 506
224 452
452 491
220 452
455 564
323 456
456 588
447 456
462 517
118 462
182 463
463 544
225 465
415 465
466 588
446 473
167 473
125 475
36 475
128 475
479 480
385 479
407 500
133 500
304 500
503 527
441 503
2 503
504 549
221 504
257 510
226 510
453 514
521 589
73 521
166 521
522 599
176 522
322 522
307 526
274 531
221 531
476 531
505 531
533 536
300 533
94 537
525 537
491 541
520 541
410 547
547 593
547 566
407 550
211 550
550 586
467 552
0 552
395 552
8 552
553 588
485 553
151 553
145 553
556 557
493 557
400 557
557 588
490 559
241 559
501 559
246 562
562 583
563 566
341 563
560 563
359 565
441 565
418 565
233 565
567 568
411 567
217 567
567 588
438 570
326 570
554 570
274 572
341 572
91 572
429 572
39 573
42 573
212 574
446 574
407 574
330 579
461 579
579 588
588 591
499 591
525 591
519 592
403 592
590 592
429 592
450 592
