162 575
560 598
225 284
284 571
12 342
289 575
279 529
394 586
377 475
409 596
208 440
163 185
193 527
113 182
282 593
15 598
325 326
254 521
202 531
293 466
530 593
504 566
526 596
225 308
275 475
155 420
430 596
84 598
176 394
526 531
185 428
526 565
264 529
223 579
394 416
85 210
353 447
156 428
239 560
102 339
429 566
289 440
548 554
560 593
447 466
182 475
22 300
35 586
252 279
353 564
175 440
442 571
527 554
256 529
88 504
202 475
156 397
308 529
486 590
466 527
308 579
57 486
240 246
300 548
354 569
12 105
468 561
158 429
22 185
310 475
420 549
12 396
396 521
155 342
521 527
397 420
198 565
549 564
225 531
329 593
430 565
88 566
202 223
112 486
380 447
176 223
105 386
356 569
59 94
339 596
245 526
165 329
103 416
403 590
151 521
256 593
310 494
531 593
389 531
264 531
223 308
380 428
373 590
499 553
300 590
321 503
165 593
466 530
155 447
35 503
321 554
105 396
37 106
165 500
416 427
195 435
88 151
186 561
139 504
451 459
61 342
146 560
176 442
198 560
560 575
62 596
451 503
403 526
353 549
106 430
102 279
427 526
175 560
4 138
59 526
350 596
279 598
310 378
61 373
151 503
499 579
302 553
15 273
139 429
329 500
554 560
253 256
373 421
307 397
504 596
394 554
129 282
503 527
420 564
428 553
35 490
223 239
201 554
10 504
282 325
435 527
554 571
549 571
386 561
326 466
302 389
350 468
394 428
273 468
240 416
326 566
325 566
389 571
10 566
499 593
548 598
208 527
442 499
409 521
403 575
99 416
403 549
529 598
356 553
499 560
163 490
61 554
476 566
165 377
503 571
339 586
293 586
421 530
283 490
283 593
440 579
565 586
176 198
329 475
553 598
326 504
240 526
300 373
57 273
253 596
218 476
490 530
428 586
176 435
208 531
561 590
198 553
150 598
63 430
253 575
579 586
350 529
293 476
33 225
447 586
350 571
302 499
356 549
394 397
373 503
451 554
94 264
113 161
162 500
283 531
499 548
549 590
239 466
275 342
193 598
119 586
354 596
150 579
158 282
526 575
239 279
442 548
158 421
62 569
195 468
354 394
277 553
308 548
208 397
54 440
240 380
273 451
246 586
282 435
527 560
430 447
354 530
253 350
152 409
186 490
54 409
84 504
554 565
113 569
252 504
353 451
325 504
246 339
468 549
165 451
59 186
282 566
139 566
476 579
553 554
4 186
245 553
575 596
277 527
440 571
185 435
475 486
15 289
150 590
254 561
373 459
35 571
37 548
163 377
356 377
326 429
85 504
442 500
289 571
152 526
201 560
207 210
112 531
264 378
85 566
193 529
571 579
15 529
275 565
254 396
321 378
252 579
277 529
284 409
99 420
354 476
246 598
310 590
37 155
129 245
37 560
277 598
310 531
564 590
420 459
256 504
378 380
225 530
297 554
254 554
389 527
494 590
106 598
10 429
494 569
161 302
225 494
150 548
354 416
571 593
210 499
99 486
156 307
409 490
105 564
503 554
138 560
146 549
129 430
253 586
102 565
297 521
307 548
65 198
146 575
530 564
175 598
494 593
284 593
37 593
475 530
146 590
553 579
350 575
416 447
207 521
282 429
378 530
440 521
207 283
22 162
218 526
564 566
201 579
138 571
163 561
284 569
553 571
99 310
54 421
354 586
321 553
499 503
386 549
373 466
321 579
500 575
377 531
435 590
476 565
12 521
500 596
252 297
94 476
378 490
252 529
185 421
421 435
252 527
94 103
403 459
182 569
386 486
459 593
158 566
119 596
490 494
389 442
427 586
103 565
65 310
549 561
476 503
442 579
63 342
65 521
186 593
339 503
152 554
293 521
300 564
356 435
350 500
59 428
162 586
113 579
451 561
62 500
279 427
161 475
421 468
99 307
466 586
33 569
151 302
103 325
275 586
138 329
4 496
22 328
33 542
33 83
57 532
62 124
63 413
84 118
84 539
88 423
88 425
94 194
16 102
106 375
112 580
119 249
139 360
139 222
115 146
150 423
156 544
156 242
23 161
163 584
165 434
175 545
182 522
83 195
195 434
201 261
201 589
202 448
36 202
93 207
207 559
210 562
210 542
218 431
239 332
245 405
246 576
253 498
264 412
221 273
275 317
283 332
123 289
289 322
297 559
242 302
278 307
288 307
3 308
321 340
305 321
325 345
89 326
342 425
350 448
183 353
335 354
356 517
160 356
373 438
377 532
378 400
167 380
19 380
115 386
389 595
359 389
135 394
269 396
396 453
7 396
322 397
288 397
269 403
241 403
409 584
420 588
420 559
421 580
192 427
87 427
427 431
428 523
336 429
337 429
430 544
41 430
188 435
435 517
434 435
25 440
328 442
281 447
447 453
348 447
230 451
458 459
259 459
272 459
183 459
17 466
241 468
360 468
419 468
188 475
400 476
97 486
486 562
285 486
490 559
438 490
494 540
494 498
499 584
458 499
500 510
249 500
184 503
348 504
419 526
526 540
526 532
340 527
523 527
413 529
477 529
484 529
445 529
211 530
530 582
41 530
38 530
23 530
231 531
375 531
306 531
179 531
542 548
123 548
48 548
153 548
401 549
359 549
132 549
553 559
345 554
560 589
560 582
291 560
188 561
561 582
366 561
419 561
520 564
477 564
450 564
544 564
97 565
565 582
211 566
439 569
242 569
160 569
269 569
571 597
375 571
73 571
335 571
562 575
408 575
306 579
20 579
434 579
73 586
3 586
544 590
305 590
263 590
520 590
425 590
580 593
179 593
78 593
124 593
359 596
44 596
511 596
177 598
219 598
562 598
