255 422
355 371
585 594
376 509
364 493
258 587
200 361
205 550
267 567
406 550
74 585
512 567
181 570
331 552
516 528
27 331
391 433
39 573
51 533
31 200
514 585
236 294
101 436
355 457
86 166
327 465
28 570
274 461
361 533
404 519
258 418
473 546
533 558
205 257
426 574
535 552
404 587
75 570
200 433
171 505
436 443
243 501
51 550
303 414
301 528
392 550
437 455
316 473
371 507
461 581
424 585
70 570
260 509
224 436
257 507
236 441
42 460
358 479
91 331
294 552
258 436
13 243
286 478
299 505
501 558
295 399
471 534
116 436
27 70
247 570
74 471
456 465
455 585
303 534
143 514
42 525
255 558
437 573
51 587
295 567
436 507
501 525
189 594
251 594
501 567
170 460
40 392
465 534
567 570
51 535
534 543
170 351
361 443
46 255
286 558
181 471
303 543
154 479
267 558
567 577
32 471
174 587
40 546
301 493
294 422
324 563
364 512
501 534
28 577
355 563
255 444
244 570
258 519
546 574
131 171
74 534
352 509
327 456
292 461
392 552
406 514
535 581
478 552
314 585
426 577
357 507
512 585
414 441
255 594
258 594
164 516
80 507
361 465
55 250
235 558
550 568
519 587
257 587
131 507
2 585
324 507
13 550
166 344
248 587
455 535
81 456
432 574
31 441
232 570
50 426
147 479
72 344
301 472
472 519
351 574
164 481
236 501
505 573
248 594
91 399
314 581
173 519
514 581
67 460
18 460
461 570
436 460
512 568
509 577
444 558
270 558
456 550
286 525
171 528
75 574
414 436
433 574
481 516
8 404
67 437
101 441
250 552
424 455
367 493
316 535
18 368
316 525
441 534
55 594
90 577
286 509
70 574
479 568
46 585
355 507
170 371
154 457
351 364
209 570
42 552
250 344
295 570
441 543
70 316
244 418
236 406
376 404
516 573
358 361
164 424
31 260
509 574
357 460
546 552
455 581
376 577
131 327
147 587
166 357
418 567
399 587
558 567
18 567
131 568
573 594
324 371
266 426
86 357
509 567
174 352
46 573
473 478
143 535
437 514
399 426
528 577
422 546
573 581
13 352
68 587
314 441
2 358
28 164
516 585
68 72
443 563
250 351
174 392
574 577
465 481
368 512
525 594
303 327
543 568
235 303
507 543
104 581
391 456
232 567
235 546
461 516
235 444
437 574
209 568
181 543
2 581
418 570
9 525
364 418
533 570
546 594
478 535
32 274
501 552
9 535
55 404
75 558
471 479
456 471
116 344
505 516
374 528
232 243
64 80
13 50
104 594
367 509
391 479
461 573
266 573
292 573
205 460
27 301
173 189
243 525
143 371
351 587
473 594
243 327
260 528
248 546
481 519
181 465
209 528
301 368
352 550
104 189
294 472
406 455
147 224
295 512
274 505
391 568
248 367
247 457
357 563
456 534
236 519
299 514
552 587
68 471
266 481
267 501
404 552
432 436
173 577
232 577
247 424
76 587
546 563
266 301
374 432
314 424
28 574
200 533
295 472
414 534
236 478
32 543
327 543
270 355
324 481
81 433
444 568
422 594
472 594
303 473
9 533
174 525
270 550
257 563
443 481
173 546
267 587
64 519
299 314
292 505
31 533
32 534
292 455
316 543
392 546
81 426
260 324
154 546
481 585
274 585
443 543
461 585
461 479
80 457
274 432
127 567
40 516
181 505
324 457
414 512
209 331
478 519
481 501
8 267
72 358
344 563
299 516
260 399
501 509
509 512
472 473
50 432
461 519
266 567
9 472
441 456
558 581
67 116
374 577
352 406
244 567
266 581
493 514
455 481
368 457
224 568
456 543
2 236
39 40
235 550
76 392
441 465
444 587
64 568
472 558
274 573
244 528
481 505
189 585
243 558
444 501
270 314
90 391
493 533
355 460
91 368
86 457
414 543
251 361
422 587
224 493
460 465
358 493
143 585
465 471
364 567
422 519
471 543
316 587
170 563
127 437
432 433
248 286
301 364
76 404
181 535
376 512
2 551
8 272
8 428
8 452
9 136
13 571
18 598
18 591
27 43
27 551
28 515
31 555
32 592
39 542
39 308
39 464
40 469
42 238
42 370
34 46
46 302
50 572
50 449
51 561
55 575
55 489
64 330
64 466
67 120
67 281
68 597
45 68
70 326
72 454
72 430
74 483
74 555
75 112
69 75
76 548
76 517
80 229
80 193
81 245
81 377
86 583
86 245
90 595
90 598
90 554
91 138
91 526
101 498
101 523
101 144
104 326
104 454
116 152
116 335
127 521
127 296
127 536
131 197
131 537
60 143
143 381
147 276
137 147
147 565
154 576
154 466
154 380
164 515
164 419
166 168
166 545
166 494
170 599
170 480
171 265
171 219
171 396
173 363
173 544
174 485
77 174
85 189
189 578
200 492
200 575
205 313
205 382
205 557
209 515
208 209
224 526
224 396
224 575
232 459
232 233
232 586
235 508
235 311
243 564
244 523
244 347
244 576
179 247
247 388
247 488
245 247
248 590
248 502
250 510
250 575
250 500
251 408
251 411
213 251
155 251
251 297
255 334
255 459
257 596
257 569
38 257
194 258
258 309
229 260
260 458
266 417
221 267
267 530
270 378
270 540
270 375
274 289
21 286
286 520
292 405
292 566
292 511
294 591
294 555
96 294
121 295
295 592
122 295
299 599
204 299
299 360
299 484
301 431
303 592
303 477
290 314
314 486
133 316
316 340
324 498
324 515
196 327
327 468
331 530
331 332
331 384
331 539
340 344
344 593
142 344
320 351
351 488
351 383
352 562
202 352
352 547
355 561
355 586
82 355
357 583
357 386
83 357
300 357
358 393
358 430
358 476
358 589
342 361
361 588
215 361
364 385
364 387
175 364
47 367
367 379
57 367
367 521
293 367
367 564
368 565
4 368
368 389
368 582
276 371
340 371
371 439
212 371
238 374
1 374
374 427
325 374
374 453
374 384
376 497
376 445
376 592
376 547
126 376
152 391
336 391
391 565
246 391
199 391
392 475
392 547
388 392
392 598
399 589
399 494
233 399
399 407
265 399
404 409
296 404
404 474
256 406
186 406
406 597
353 406
406 494
309 414
414 578
140 414
414 576
377 418
418 488
418 593
418 464
281 418
422 476
409 422
422 470
161 422
246 422
424 476
273 424
424 453
421 424
424 579
315 424
339 426
426 523
412 426
426 495
240 426
290 432
193 432
432 439
89 432
383 432
433 440
320 433
191 433
349 433
433 445
111 433
340 436
379 436
437 482
19 437
60 437
277 437
437 548
212 441
441 483
63 443
443 475
443 487
443 566
275 443
213 443
444 503
444 553
284 444
444 449
323 444
380 455
217 455
455 595
103 455
268 456
117 456
300 456
228 457
457 575
63 457
199 457
382 457
382 460
119 460
398 460
163 461
44 461
128 461
261 465
293 465
465 539
471 502
471 579
471 560
157 472
168 472
472 486
472 559
201 473
146 473
69 473
466 473
417 473
473 549
478 596
478 541
407 478
237 478
261 478
429 478
474 478
102 479
204 479
158 479
479 592
228 479
479 565
332 481
452 481
474 493
493 564
78 493
12 493
428 493
343 493
277 493
501 565
501 517
353 501
501 518
341 505
416 505
98 505
320 505
332 505
140 505
308 505
446 507
475 507
386 507
206 507
507 508
507 544
198 509
509 538
129 509
343 509
412 509
502 512
512 583
285 512
230 512
384 512
48 512
395 514
53 514
514 566
482 514
54 514
417 514
328 514
490 514
454 516
105 516
450 516
402 516
363 516
516 583
185 516
519 557
54 519
329 519
517 519
519 522
522 525
254 525
338 525
49 525
525 556
496 525
525 578
525 564
384 528
520 528
528 562
231 528
528 566
385 528
14 528
283 528
533 565
297 533
323 533
386 533
155 533
533 555
480 533
227 533
271 534
395 534
483 534
416 534
462 534
534 578
33 534
347 535
172 535
520 535
535 584
420 535
500 535
535 536
61 535
543 553
291 543
543 591
240 543
57 546
536 546
293 546
545 546
359 546
538 546
256 550
124 550
253 550
329 550
494 550
550 569
550 560
547 550
193 552
320 552
545 552
524 552
480 552
218 552
401 552
448 558
428 558
558 572
373 558
369 558
553 558
132 563
415 563
398 563
307 563
106 563
38 563
279 563
490 563
563 569
563 588
547 563
85 567
451 567
477 567
567 580
401 567
218 568
427 568
394 568
387 568
532 568
17 568
565 568
329 568
192 568
568 593
130 570
488 570
468 570
45 570
223 570
208 570
79 570
467 573
180 573
182 573
513 573
195 573
487 573
482 573
5 573
572 573
417 574
284 574
442 574
280 574
488 574
499 574
82 574
233 574
227 574
383 574
482 577
390 577
504 577
126 577
408 577
577 583
523 577
29 577
53 577
438 577
315 581
518 581
569 581
476 581
95 581
532 581
278 581
58 581
581 583
281 581
581 588
59 585
287 585
484 585
585 589
339 585
454 585
218 585
156 587
311 587
566 587
496 587
382 587
65 587
112 594
366 594
594 597
197 594
230 594
490 594
362 594
61 594
141 594
576 594
