462 593
62 405
539 558
175 222
307 462
357 537
126 465
304 411
334 353
225 427
553 569
48 172
243 584
175 470
286 545
487 559
234 432
550 575
176 514
437 575
532 582
533 593
118 245
153 554
451 537
300 353
374 504
450 563
353 429
280 432
451 575
20 584
412 588
429 554
280 479
25 575
244 504
141 559
522 563
324 432
119 462
226 389
175 453
522 541
164 413
148 321
530 593
62 554
373 583
334 541
479 553
427 575
48 509
186 523
119 588
285 569
453 470
447 469
158 583
427 486
55 92
158 503
373 418
191 194
363 373
392 550
483 494
158 533
450 575
532 545
391 569
462 588
224 453
451 563
172 523
62 537
166 593
420 510
123 470
253 582
332 378
429 495
442 584
271 583
272 559
300 469
378 462
118 536
25 344
280 389
468 554
392 563
8 541
204 427
222 453
494 558
412 492
539 544
172 514
503 575
357 486
536 593
11 483
286 541
123 453
209 311
461 553
584 593
486 563
381 593
172 420
360 550
148 324
271 528
451 539
122 399
209 584
313 324
559 569
95 432
222 470
494 539
495 545
532 541
144 559
225 583
344 503
451 583
528 536
335 495
367 399
290 582
510 544
563 582
58 509
364 486
55 290
353 582
279 399
89 514
441 469
341 536
181 411
272 374
334 335
451 550
194 465
495 532
465 545
381 492
271 381
95 468
332 418
89 523
304 368
442 468
554 583
389 465
286 297
20 532
5 348
363 530
504 575
272 486
186 509
11 539
536 588
243 545
405 509
323 447
112 532
82 392
341 492
157 378
334 439
528 593
439 510
157 541
381 545
532 554
469 550
427 559
503 569
244 344
509 544
194 332
119 461
225 536
279 368
66 523
271 530
442 554
533 583
390 563
307 530
164 582
313 465
191 297
569 575
494 537
199 510
166 418
286 522
243 323
364 575
285 483
332 528
374 392
357 503
465 558
122 367
530 544
5 447
85 378
373 533
204 487
378 381
413 470
5 532
66 89
253 483
300 541
311 429
360 559
242 544
58 539
374 503
48 544
124 487
412 583
157 442
164 224
144 479
536 583
82 559
348 412
234 313
242 509
390 461
462 533
411 447
285 391
186 439
439 523
286 584
280 313
583 593
373 588
128 381
537 553
300 584
483 504
279 304
245 533
204 390
82 550
244 553
522 545
492 528
253 563
222 413
353 584
128 453
368 399
468 584
272 569
442 545
411 588
479 539
92 582
226 432
313 432
389 432
451 461
45 462
479 494
176 224
373 432
311 545
245 588
148 465
363 492
153 522
194 583
437 569
234 324
405 544
461 537
374 558
441 442
487 537
348 353
483 486
363 536
126 504
45 544
209 495
381 530
112 584
157 447
494 504
124 335
503 558
124 539
144 569
271 593
541 582
357 479
307 593
509 523
119 536
172 437
176 453
412 510
194 530
537 550
297 509
514 544
186 510
290 335
285 537
62 199
126 550
172 544
450 469
92 469
390 451
412 533
364 503
85 583
321 447
85 341
253 468
332 588
439 509
321 465
537 559
495 563
494 553
58 280
537 593
164 453
191 593
483 575
8 413
157 290
153 541
225 245
451 492
441 593
311 554
321 432
391 486
176 413
510 514
439 514
374 563
381 588
244 390
360 487
166 378
62 102
447 582
20 469
405 439
363 412
364 550
450 554
243 344
495 550
226 313
420 514
447 522
432 465
399 411
82 569
141 558
285 575
244 487
224 413
441 470
378 569
528 588
11 427
353 569
8 470
176 222
487 539
323 468
492 588
539 575
191 341
447 563
95 112
541 554
297 523
412 536
123 321
128 469
483 537
554 582
461 528
141 539
209 341
335 582
418 588
341 363
226 465
390 558
360 569
181 399
503 523
181 304
286 510
11 536
429 468
492 533
95 584
335 545
405 510
429 582
158 593
509 514
588 593
92 461
413 453
418 583
122 411
307 418
360 392
389 399
85 528
559 563
242 523
364 553
367 411
5 429
243 450
141 563
279 411
112 522
307 583
118 528
242 420
279 367
118 412
226 324
503 537
253 348
412 593
102 360
242 514
418 530
166 191
381 533
25 364
483 550
341 588
437 539
510 523
332 420
441 468
532 584
8 123
360 558
175 439
530 588
537 575
392 427
494 569
311 584
514 523
175 413
451 553
48 559
334 469
391 427
461 479
420 523
483 559
58 389
418 492
297 420
25 559
348 441
483 539
323 334
323 441
487 530
118 494
392 553
357 399
332 593
495 584
363 533
353 554
158 536
378 530
437 494
286 323
66 392
504 550
541 545
124 558
148 389
122 368
530 533
373 536
224 545
290 563
285 553
300 442
334 584
199 297
461 503
126 494
243 541
509 510
45 420
437 503
405 514
300 582
583 588
102 510
176 470
344 461
558 559
11 242
55 582
128 584
479 550
20 441
153 286
461 550
304 367
441 495
348 553
391 504
89 544
368 411
374 553
492 593
405 523
245 536
420 544
224 470
509 583
335 450
344 539
462 583
164 470
545 554
437 537
486 553
199 544
348 522
225 528
204 550
437 479
469 582
373 462
144 427
181 367
45 66
280 307
234 465
558 569
468 545
450 545
297 510
391 575
272 504
539 553
528 530
234 389
344 487
280 465
102 439
378 588
528 583
441 563
324 465
487 504
290 522
20 487
321 584
439 544
204 304
25 220
10 55
55 256
66 289
85 520
92 556
122 586
123 580
42 124
126 379
128 414
33 141
143 144
144 440
148 557
153 154
15 157
158 581
164 585
166 246
175 587
181 585
186 417
191 578
194 299
199 496
199 394
204 521
209 352
225 349
226 585
234 440
243 377
57 244
54 244
245 448
196 245
271 342
272 585
272 340
279 576
279 556
280 404
285 485
285 396
98 290
297 422
307 464
311 402
313 562
324 329
332 448
106 332
334 599
334 493
99 335
335 548
341 517
344 574
344 573
348 422
266 353
357 415
352 357
34 360
364 485
367 518
156 367
110 367
339 368
249 368
368 519
373 548
370 374
365 374
381 403
389 395
389 576
390 416
384 391
188 391
391 416
78 391
399 599
405 579
405 444
413 598
413 596
418 547
84 420
427 574
256 429
143 429
75 432
437 534
439 496
439 547
294 441
182 442
442 595
167 442
447 524
149 447
346 447
450 591
340 450
88 450
451 488
415 451
453 551
453 542
461 573
67 462
80 462
462 590
312 468
330 468
417 469
273 469
433 469
227 470
202 479
421 479
483 574
483 579
403 483
440 486
424 486
320 486
376 487
264 492
306 503
499 503
7 504
133 504
233 504
509 512
409 509
499 510
514 597
63 514
514 598
202 522
522 552
500 522
346 523
377 523
475 523
384 528
355 528
416 528
356 532
444 532
167 532
532 555
532 562
517 533
362 533
457 536
350 536
536 542
428 537
482 537
490 537
387 539
139 539
185 539
359 541
541 543
207 541
75 545
449 545
550 570
416 550
296 550
464 553
215 553
521 553
18 553
277 554
424 554
554 557
302 554
415 558
294 558
524 558
114 558
270 558
547 558
70 558
512 559
408 559
559 586
114 559
398 563
563 596
38 563
198 563
270 569
515 569
569 589
488 575
369 575
505 575
574 575
125 575
369 582
386 582
97 582
583 590
583 598
129 584
534 584
518 584
513 584
562 584
588 591
42 588
86 593
29 593
586 593
