215 580
82 448
365 546
344 527
258 458
229 409
391 581
49 471
369 474
564 580
55 217
312 436
443 471
13 58
173 282
188 431
444 590
243 269
493 597
390 549
431 538
583 590
530 598
440 530
213 507
495 569
458 589
96 269
55 576
354 527
238 564
474 589
24 448
196 549
70 577
549 556
425 598
440 580
220 597
486 564
145 599
180 370
354 472
367 560
212 411
436 560
385 546
555 581
231 251
342 474
231 569
409 583
481 594
164 577
509 581
212 496
276 493
594 599
448 597
361 577
304 495
176 436
190 423
441 582
326 536
72 583
115 555
326 496
215 595
597 598
12 569
549 589
249 583
243 569
282 560
384 488
357 509
365 577
371 530
344 560
113 564
269 496
95 505
509 515
150 576
384 599
205 555
228 509
486 530
38 390
448 564
505 581
217 536
411 594
371 580
122 269
213 474
527 577
173 391
309 555
425 595
229 488
38 423
11 581
418 577
436 555
59 560
357 436
472 555
446 594
190 589
569 599
145 444
322 361
446 488
115 581
113 597
72 488
423 549
418 527
515 560
431 598
477 501
304 599
254 549
444 583
8 549
380 581
9 251
369 582
295 556
34 213
397 580
254 471
120 122
423 589
49 493
390 590
507 556
397 530
367 370
228 309
304 590
269 501
363 486
312 532
254 556
220 580
86 599
12 590
409 446
8 556
282 576
358 577
390 481
411 569
384 594
409 590
238 597
595 598
213 589
169 212
298 496
486 597
564 595
448 580
507 549
254 589
295 589
367 576
9 229
24 598
284 441
95 385
188 594
98 243
408 594
507 589
209 597
19 34
125 151
409 501
145 304
477 569
444 536
384 481
546 560
19 582
391 577
322 532
19 556
304 501
190 441
203 486
408 435
67 493
59 472
96 590
251 536
344 581
443 589
115 505
38 599
477 536
249 599
258 423
196 458
560 577
326 599
284 507
369 471
70 581
249 444
58 590
230 594
164 435
254 555
219 363
169 594
67 196
418 560
515 527
181 527
298 583
436 576
509 577
212 583
55 597
361 581
471 507
326 590
564 598
536 583
384 536
55 418
446 477
367 380
435 527
474 507
431 564
238 409
120 581
173 581
441 556
530 580
536 569
258 441
228 472
431 530
151 251
127 576
397 597
85 532
411 481
212 481
357 505
536 590
496 576
425 580
12 496
440 598
188 536
304 496
12 583
444 599
11 576
34 589
312 515
342 488
211 598
284 443
440 555
390 496
180 205
425 538
350 481
60 555
580 595
238 580
219 530
443 556
354 532
509 589
67 582
425 440
496 583
8 589
370 418
122 477
431 597
42 435
70 576
243 590
228 361
350 488
11 276
181 357
495 583
217 527
443 549
582 589
486 581
164 576
49 549
363 425
180 576
309 560
220 595
181 509
209 564
211 440
371 598
486 538
238 598
595 597
72 269
312 380
481 590
435 581
546 576
370 371
397 564
309 365
86 501
443 507
169 495
58 599
205 367
295 493
357 472
205 486
298 536
211 595
409 594
423 582
580 598
397 595
481 583
369 493
322 581
515 546
203 425
203 598
357 536
505 515
590 599
209 431
477 583
85 251
196 590
350 477
423 441
180 509
418 576
435 546
495 594
232 582
38 229
411 590
60 515
113 598
344 365
471 556
505 546
488 569
86 505
538 597
295 582
82 595
435 555
9 556
440 564
371 425
232 589
371 595
391 527
115 509
493 589
507 582
215 597
354 418
448 598
560 581
370 546
444 496
205 282
34 269
232 549
219 598
276 443
408 446
358 576
298 569
493 582
495 590
471 589
42 546
538 564
367 436
295 443
458 582
38 120
164 472
471 493
474 582
203 595
365 576
501 590
440 595
481 536
477 594
232 556
384 408
217 505
254 369
176 367
496 569
24 597
151 594
211 597
441 458
380 560
384 590
583 594
209 598
122 230
408 448
276 474
363 580
536 594
55 60
501 599
282 546
238 538
284 556
96 599
82 598
532 577
556 582
60 322
220 276
95 515
59 98
530 597
276 507
173 322
164 581
98 501
350 599
196 471
98 536
538 595
363 595
217 380
145 495
564 590
243 594
354 509
176 228
180 472
219 595
72 350
203 564
120 599
9 594
213 423
371 597
358 435
344 435
59 436
580 582
190 276
435 576
19 458
176 472
358 560
486 595
564 597
58 169
444 488
530 538
205 370
322 515
538 580
431 580
371 564
11 176
67 472
42 357
59 577
181 505
448 538
488 599
70 385
409 589
230 569
505 577
583 599
370 577
251 477
397 598
220 530
384 501
312 583
380 527
229 411
408 481
458 471
527 581
440 597
96 594
258 589
418 581
385 555
13 298
42 555
358 391
448 495
365 515
532 555
390 569
358 546
150 231
342 423
95 546
474 549
369 507
344 532
391 576
49 458
326 444
538 598
390 446
209 538
354 581
127 391
342 556
326 481
249 390
24 580
441 443
530 595
98 409
215 486
251 599
486 580
446 495
549 582
448 595
408 495
363 597
431 595
496 595
258 369
86 350
254 582
284 549
120 477
219 597
188 298
472 527
441 474
488 594
380 576
13 599
11 555
408 583
411 501
361 546
436 577
515 532
569 583
397 486
370 509
34 67
82 530
86 230
472 577
409 488
282 344
458 549
173 365
509 555
408 569
258 493
215 538
411 446
8 507
354 357
576 577
196 582
326 501
312 505
408 590
361 555
169 446
481 576
350 583
113 580
211 494
472 544
469 589
593 599
