598 599
551 582
244 554
591 595
303 558
302 546
307 383
154 321
401 487
294 587
305 309
554 599
66 219
121 573
336 554
458 589
180 244
258 288
56 323
175 231
4 35
302 579
343 595
551 554
349 515
258 392
323 587
427 515
335 422
472 598
361 404
154 598
387 404
445 511
175 513
288 422
255 589
138 468
302 437
320 521
65 445
332 458
501 582
92 179
354 360
45 47
121 576
32 554
357 576
292 513
222 440
263 591
401 551
511 591
42 591
121 539
477 546
119 422
470 515
247 405
65 252
230 573
47 513
558 582
77 360
503 513
244 303
403 449
320 349
357 573
141 576
234 261
332 513
288 589
263 292
230 404
470 477
45 598
103 515
354 582
472 477
393 591
324 474
437 551
42 261
102 584
427 546
363 437
154 589
56 255
114 598
268 404
183 458
392 501
503 584
404 573
87 161
449 458
309 591
531 558
179 197
361 573
515 531
470 501
361 410
275 338
193 332
440 589
515 582
108 119
299 304
305 582
299 546
304 477
408 587
403 468
539 579
252 408
138 516
122 349
240 579
589 591
108 403
324 539
321 554
118 410
546 598
103 470
90 161
503 599
546 554
193 582
105 595
205 383
67 354
288 539
8 117
247 584
89 231
122 587
335 338
387 487
96 573
387 576
96 531
244 573
383 503
161 180
292 363
275 521
307 487
114 558
579 584
89 468
103 252
136 582
437 558
217 440
65 357
53 138
445 546
307 513
354 501
305 321
42 449
217 591
292 551
275 401
470 587
323 484
350 582
360 587
573 576
47 584
234 288
32 392
105 582
29 71
102 294
304 361
427 489
468 584
554 598
32 477
205 513
516 521
77 579
405 513
437 587
445 558
401 584
45 462
288 551
410 521
219 487
87 449
193 487
217 579
8 325
118 374
374 558
349 484
247 472
468 539
278 472
393 513
313 576
67 462
440 511
449 468
278 539
489 598
29 472
357 387
323 374
114 589
136 515
65 82
258 599
240 576
244 595
66 539
136 591
470 599
231 474
87 408
299 589
474 579
53 393
335 487
307 503
268 599
325 521
132 489
258 584
349 521
462 516
361 521
66 458
531 576
361 531
472 554
477 539
90 598
8 309
304 445
56 324
410 484
458 477
252 403
313 573
73 449
105 599
313 551
275 278
108 584
288 501
219 437
404 472
323 468
322 599
183 515
71 427
105 320
119 591
374 422
323 401
197 573
219 598
289 408
304 383
576 589
89 558
325 360
141 161
240 387
66 303
77 255
132 289
230 357
32 598
591 599
193 503
217 595
122 163
197 576
462 515
132 222
357 584
138 587
193 410
205 516
322 458
501 515
474 551
231 392
551 579
179 595
117 289
183 470
230 576
404 576
114 403
82 598
205 503
309 399
231 551
321 582
360 551
470 582
307 427
350 589
422 487
322 511
474 584
304 405
292 587
67 322
185 363
321 399
230 323
73 336
35 558
289 511
163 591
252 516
383 393
98 299
197 462
324 579
489 516
302 470
338 576
309 503
399 513
47 393
53 294
82 511
183 582
222 589
343 484
440 573
45 163
4 474
427 531
275 584
401 403
289 598
484 595
462 595
180 587
275 558
205 392
21 399
117 320
261 289
324 546
313 515
94 513
313 350
138 401
94 247
349 599
244 521
294 539
217 343
445 521
268 595
8 179
102 216
278 405
234 546
321 546
73 579
343 462
92 403
179 405
449 584
332 363
288 573
410 531
193 354
35 579
462 531
94 489
244 587
489 599
361 484
185 598
118 405
338 387
240 516
21 470
163 599
321 336
393 399
484 584
163 511
98 484
216 582
343 392
392 511
82 582
29 440
216 501
350 573
53 589
4 510
21 467
21 493
35 451
47 585
65 463
67 398
71 585
71 506
77 566
87 537
89 329
90 588
92 529
1 94
96 483
98 535
98 592
85 103
103 235
105 448
117 429
118 555
119 384
121 388
132 411
136 286
141 388
161 486
175 517
179 486
180 585
183 565
183 567
185 568
216 535
216 523
222 583
222 577
230 555
230 592
234 295
240 577
240 385
247 506
247 377
252 295
255 365
255 282
258 274
261 535
261 411
261 364
184 263
263 529
245 268
275 581
278 356
289 447
292 541
292 356
294 451
299 492
302 585
302 486
303 483
303 566
304 411
26 305
295 307
34 309
320 565
320 420
321 342
317 322
322 593
325 565
332 523
335 386
335 560
184 336
336 568
336 567
126 338
350 368
354 409
357 566
360 555
361 431
363 364
363 425
363 391
63 374
374 492
383 555
387 415
387 541
392 492
393 418
221 393
393 581
399 469
135 399
401 588
381 403
404 493
408 486
408 512
408 566
410 463
159 410
233 422
422 535
54 422
139 427
199 427
427 447
362 437
437 541
364 437
369 437
78 440
17 440
440 537
328 445
344 449
458 541
458 486
260 462
462 463
308 468
381 468
455 468
319 468
366 470
351 472
430 472
246 472
182 474
225 474
259 474
291 474
447 477
420 477
477 577
195 484
329 484
159 484
209 487
317 489
125 489
341 501
448 501
465 501
501 567
135 503
386 503
511 529
480 513
447 513
513 517
515 517
516 592
351 516
291 516
39 516
269 516
448 521
147 521
521 592
347 531
391 531
531 581
480 539
539 560
539 540
327 546
377 546
369 546
235 546
540 551
344 554
43 554
512 558
425 558
465 558
573 585
274 573
17 573
37 576
493 576
253 576
308 576
517 579
540 579
213 579
57 579
542 582
78 582
512 582
466 584
483 584
319 584
540 584
0 584
106 584
16 587
1 587
537 587
388 587
567 587
418 589
588 589
483 589
251 591
591 592
125 591
300 591
577 591
155 595
592 595
523 595
467 595
385 595
588 595
529 598
415 598
541 598
509 599
284 599
74 599
493 599
