286 321
299 586
539 558
456 564
456 457
408 483
173 530
199 380
376 597
199 247
104 580
242 342
450 457
271 500
255 496
339 539
207 490
127 408
323 572
323 454
84 558
289 481
404 464
76 482
218 398
115 380
46 464
272 464
84 532
133 423
186 572
456 597
285 374
240 404
148 517
289 583
380 512
467 512
374 436
575 582
103 544
259 544
143 319
110 366
339 544
263 555
107 394
292 572
366 490
438 450
319 466
329 572
481 594
81 437
292 538
242 404
481 564
500 558
511 582
259 470
517 555
575 591
127 556
190 555
564 586
456 520
421 538
207 293
188 517
240 496
27 556
374 464
437 555
263 349
185 574
238 511
450 575
383 558
332 556
511 591
465 469
150 530
110 512
143 359
79 271
259 558
466 532
25 490
505 535
84 150
383 530
466 558
339 558
299 537
339 532
33 575
205 555
36 146
456 586
199 467
167 453
107 436
537 558
332 555
538 574
457 505
153 188
574 582
329 538
539 544
218 564
469 507
134 469
520 564
432 475
134 374
146 511
421 475
293 380
467 490
329 582
453 482
284 408
126 538
174 319
190 288
384 436
263 556
398 594
323 574
494 582
211 431
299 564
431 456
323 580
436 507
398 476
112 453
126 591
148 537
251 594
200 448
211 507
104 574
81 556
466 544
246 482
284 286
410 532
12 448
135 359
231 583
423 537
457 535
255 507
586 594
398 597
211 436
240 465
110 223
53 470
476 520
284 321
224 580
481 586
594 597
359 500
421 574
456 505
483 556
466 539
293 366
113 437
321 517
218 586
450 591
511 575
314 539
263 321
84 574
376 535
288 483
517 520
537 555
133 555
438 591
143 388
423 470
211 469
205 364
218 597
292 582
376 594
205 483
79 532
431 505
456 535
530 558
454 511
153 537
292 494
342 496
388 532
275 404
190 408
436 464
450 538
538 572
383 410
238 582
127 364
218 520
438 494
476 564
537 556
456 594
505 564
438 582
574 580
284 537
285 496
476 594
421 511
113 423
432 574
454 575
453 480
267 597
115 467
450 511
103 539
494 580
271 530
323 582
583 586
299 583
121 555
574 591
135 314
224 591
275 496
135 539
23 285
174 530
127 470
251 586
224 574
476 583
188 556
246 480
152 223
289 564
286 556
267 586
46 394
293 490
530 544
12 167
104 511
135 388
112 246
314 383
27 555
438 454
115 512
505 597
79 558
289 512
319 544
251 481
494 574
110 199
520 597
323 511
319 532
299 594
404 432
199 512
505 530
530 539
110 152
150 466
146 572
431 583
141 574
289 376
431 564
457 586
349 556
456 583
408 470
118 575
152 490
535 583
27 349
289 597
572 580
359 544
76 448
148 408
46 134
476 597
388 410
259 530
23 384
141 146
150 520
454 475
450 580
76 200
359 532
143 539
520 535
314 544
285 384
267 564
500 530
410 466
448 480
231 431
374 507
457 597
438 580
517 537
255 394
125 475
263 288
476 586
292 591
431 597
259 500
12 453
286 555
574 575
231 586
408 556
167 246
259 410
476 505
404 496
329 475
167 480
421 582
25 293
476 535
505 594
299 476
520 586
293 467
134 404
535 597
238 591
174 558
475 575
150 544
364 437
517 556
126 450
141 591
231 408
135 466
271 544
483 555
126 575
507 555
431 594
207 467
104 475
332 423
438 538
103 530
46 507
421 591
240 469
438 572
207 366
275 394
284 423
323 475
121 284
437 556
450 494
457 583
211 242
148 556
535 594
431 535
148 437
224 494
532 544
174 539
152 366
289 594
572 591
81 537
109 490
470 483
240 272
321 537
572 574
211 464
263 423
33 591
288 555
223 247
432 538
242 469
153 470
185 438
153 349
205 556
366 380
398 586
436 469
255 464
242 272
481 583
457 594
572 582
143 410
150 532
231 398
272 496
113 188
457 476
470 517
465 507
380 467
483 517
314 558
450 454
127 292
207 380
323 575
476 538
314 339
404 465
448 482
125 583
376 520
152 380
25 467
500 544
535 564
432 507
205 263
25 366
188 321
494 538
223 512
398 520
432 465
342 374
380 490
586 597
267 481
292 511
152 512
133 286
421 580
432 580
134 394
200 480
431 520
520 594
383 544
115 190
223 490
532 539
359 558
421 575
36 494
107 342
394 500
538 582
376 586
511 572
109 247
272 432
483 537
374 465
384 423
272 342
23 469
186 582
81 517
247 467
36 572
342 436
583 597
535 586
223 467
133 556
246 453
76 453
141 582
224 454
251 583
349 364
289 586
564 594
255 384
466 500
267 583
79 173
251 564
359 539
84 500
113 555
186 329
376 505
125 594
359 410
185 582
583 594
538 575
109 512
332 483
190 332
321 483
288 437
186 538
121 517
242 496
564 583
125 535
33 582
238 538
79 530
423 517
267 594
284 556
275 436
339 383
388 530
36 580
103 383
520 583
185 591
127 483
288 470
339 466
457 481
251 597
319 410
383 500
284 555
448 453
53 555
292 575
81 271
134 275
200 482
580 582
207 512
332 408
109 467
246 448
112 135
12 482
564 597
200 267
146 494
475 582
173 539
538 580
349 537
141 575
404 507
238 438
53 121
205 332
231 597
410 544
319 558
299 457
398 583
342 464
388 558
115 490
36 574
118 574
242 394
470 556
53 190
259 383
247 366
247 512
174 500
286 537
218 594
538 591
464 496
388 500
173 558
231 594
288 517
476 481
186 591
505 586
185 580
76 480
271 532
285 469
319 539
199 490
364 555
490 512
464 465
286 364
470 537
481 535
275 464
454 572
575 580
27 537
33 580
431 586
107 507
118 454
218 583
467 586
454 591
349 517
314 532
437 470
388 466
285 436
33 475
112 482
329 574
46 469
293 512
329 421
104 421
475 572
481 505
511 580
125 564
133 332
255 432
188 470
224 575
126 574
465 496
238 450
505 520
173 544
107 496
376 583
454 582
174 466
388 539
556 575
321 423
376 469
481 597
494 575
364 537
437 483
329 432
240 384
384 496
349 408
299 597
271 558
398 535
374 384
480 482
12 200
285 507
186 475
23 394
247 490
321 364
394 496
211 465
23 507
374 469
376 564
339 530
410 558
580 591
500 532
125 597
255 465
366 512
118 572
153 483
532 558
106 109
112 566
146 346
4 167
128 167
240 243
246 280
204 272
275 599
136 286
323 479
332 477
382 383
398 599
317 404
436 581
437 447
225 448
243 448
448 451
280 448
155 453
128 453
206 454
266 465
303 466
401 467
225 480
4 480
155 480
243 480
280 480
324 481
212 482
243 482
225 482
215 482
326 483
490 596
494 578
346 494
496 497
505 554
441 507
203 511
412 512
498 517
280 535
539 587
539 554
330 544
543 544
564 566
572 577
227 572
346 574
39 580
346 580
578 583
