70 103
17 20
48 86
18 19
24 66
13 32
20 75
12 17
65 96
44 86
14 43
54 61
2 47
18 36
42 57
54 99
57 112
47 64
19 44
80 85
87 96
94 101
58 59
100 102
20 21
6 32
39 82
95 113
2 64
18 31
6 58
19 79
35 79
26 34
29 55
62 95
63 65
26 85
27 65
42 43
36 37
31 79
20 96
14 26
39 54
31 85
56 96
29 101
91 93
56 70
14 38
15 39
39 106
13 106
62 70
29 42
27 70
39 47
58 101
29 35
27 95
59 63
6 47
36 43
31 61
18 34
47 100
66 91
60 106
48 96
27 62
60 64
61 92
30 35
48 92
12 43
27 96
55 94
20 65
59 113
66 76
64 100
56 65
19 55
57 75
6 7
19 29
14 71
12 34
65 87
6 85
44 91
39 100
26 43
35 92
59 66
76 96
30 55
2 74
34 42
31 54
2 100
65 66
20 87
12 13
56 62
32 39
17 27
29 91
38 39
17 87
39 60
31 99
79 101
14 54
69 95
64 111
26 61
48 98
47 61
16 17
75 112
79 94
27 76
75 86
36 58
6 106
15 60
34 99
70 76
38 43
17 65
76 95
55 79
45 62
55 101
19 36
87 104
35 94
56 57
86 92
99 100
13 64
15 100
17 58
6 100
66 92
96 113
57 91
64 106
2 15
54 55
86 87
87 95
62 87
34 35
14 99
30 79
13 45
31 71
44 45
51 101
20 70
44 75
32 100
57 92
2 6
29 30
6 60
15 106
38 54
56 95
44 66
69 70
17 96
85 99
91 112
86 97
19 33
63 97
75 107
86 91
6 55
18 42
42 63
44 57
12 18
30 101
56 76
43 79
13 100
70 95
70 113
59 60
29 94
35 55
61 62
75 92
6 64
65 70
44 48
92 112
62 105
80 86
2 13
14 85
61 99
27 63
60 71
34 71
48 91
76 113
18 54
65 113
18 99
1 57
34 94
31 32
63 64
29 80
30 94
91 92
87 113
20 62
19 35
26 42
44 112
20 36
30 44
32 47
38 85
31 55
28 113
17 95
32 106
57 86
15 47
17 113
32 64
27 56
15 92
58 63
17 62
19 101
18 61
14 15
43 70
35 101
26 38
12 85
6 39
38 71
12 36
54 71
29 79
55 89
18 71
43 85
2 60
59 76
34 54
31 34
75 76
2 106
43 61
13 60
48 57
15 32
63 109
46 47
82 94
28 38
0 65
31 43
48 75
61 71
35 44
18 38
56 106
19 94
12 14
13 15
96 112
2 14
62 76
71 99
48 66
63 112
20 113
79 80
25 106
66 86
56 87
66 112
92 106
47 60
3 58
34 61
12 38
36 59
13 39
20 76
26 27
12 26
66 75
19 30
