98 102
11 90
5 74
4 104
52 98
7 68
5 84
59 97
4 5
80 94
3 40
9 93
7 22
16 38
1 89
25 103
53 73
3 11
69 83
21 68
1 33
21 46
0 90
74 102
72 74
52 74
8 51
52 112
24 28
78 108
50 51
33 105
21 77
5 10
25 37
72 107
32 49
24 87
4 69
1 103
21 108
7 73
1 25
89 103
81 83
45 109
37 80
15 114
28 90
11 50
0 9
46 73
71 72
25 89
81 84
37 89
103 109
46 110
40 81
88 107
30 109
72 102
97 98
77 98
21 22
52 84
50 68
0 104
88 114
11 28
7 82
69 90
23 111
52 53
98 107
49 73
53 67
1 101
51 111
67 73
9 108
10 98
16 81
8 78
58 88
80 91
7 21
22 23
33 45
81 107
51 78
8 9
8 111
25 53
80 82
0 33
46 49
10 81
7 40
8 22
9 23
24 25
1 105
84 98
1 37
23 78
72 104
24 84
40 52
3 72
21 111
33 109
68 78
69 88
67 104
2 3
46 67
3 26
21 51
28 50
11 69
82 100
104 114
30 50
73 83
10 60
0 16
10 74
80 93
22 51
10 84
73 114
45 105
49 110
77 108
2 72
50 78
37 45
24 110
40 72
0 23
48 49
10 107
58 97
0 35
4 41
93 104
3 52
9 41
23 41
40 41
81 98
25 105
53 83
4 93
103 105
49 83
46 114
49 53
78 111
0 4
5 97
8 68
7 111
5 11
11 104
68 111
4 16
49 114
29 82
16 41
3 74
51 68
49 84
50 90
77 82
74 84
67 68
7 78
40 98
37 109
84 107
11 97
51 77
22 108
83 110
67 83
83 84
89 105
3 5
10 72
73 110
97 112
82 93
45 103
40 74
49 88
28 78
53 114
67 88
46 83
46 53
5 52
72 81
28 69
1 109
16 67
41 93
69 91
45 89
74 82
4 108
51 108
52 102
53 110
8 77
22 77
41 104
25 45
67 114
0 41
81 82
73 77
37 95
102 103
77 111
24 69
88 89
49 67
5 81
40 107
22 68
8 90
1 45
8 41
73 88
53 86
8 21
9 16
5 90
46 111
3 102
48 53
30 82
0 1
37 103
68 108
25 33
80 110
7 8
0 93
102 107
50 69
25 109
40 51
7 77
41 67
46 88
89 99
4 28
13 110
24 90
16 23
73 74
53 88
108 111
77 78
3 84
33 103
40 102
67 110
37 105
24 50
33 89
16 104
23 93
83 114
83 88
89 109
23 90
105 109
9 64
21 32
80 105
22 47
33 37
52 72
15 68
10 11
9 22
88 110
11 24
5 98
4 9
7 108
4 23
3 81
58 114
79 109
5 107
9 104
1 27
10 102
16 93
23 104
22 78
110 114
