18 128
4 135
48 112
193 195
60 176
113 189
89 166
129 145
85 168
148 171
66 148
87 195
70 121
17 131
18 19
51 195
75 78
6 54
69 149
135 139
85 146
149 184
11 48
163 194
55 80
70 136
12 172
127 172
48 59
111 157
113 195
13 157
56 194
86 129
95 190
96 123
163 185
52 182
137 171
73 111
126 149
169 194
125 148
85 87
27 172
78 141
59 71
137 144
84 188
113 182
73 113
83 194
89 175
75 152
4 148
55 56
70 112
117 152
74 127
84 154
129 140
85 155
139 197
148 152
28 87
48 163
35 52
149 193
154 188
69 184
12 171
76 87
154 166
69 194
3 101
4 125
13 150
71 160
56 82
87 157
76 146
4 12
55 128
56 184
87 96
125 173
110 195
78 148
9 70
3 152
13 193
128 182
25 171
125 135
48 68
11 72
114 152
52 193
11 195
113 129
82 113
8 188
27 72
53 82
128 194
52 112
129 191
86 185
101 171
111 163
53 124
155 172
102 160
49 52
53 195
95 172
17 195
85 127
150 157
191 194
35 196
76 137
56 191
125 166
85 89
129 194
60 196
74 135
146 175
113 160
86 111
48 194
25 172
160 163
18 135
4 154
13 113
28 143
114 147
172 190
10 161
84 168
53 177
160 195
102 111
49 113
9 140
59 150
78 171
9 59
74 75
72 87
111 194
160 185
10 48
129 176
126 194
9 150
95 143
55 194
26 127
18 48
74 85
53 69
139 175
95 149
48 141
72 154
17 196
182 195
111 150
136 152
183 190
60 126
52 131
56 70
89 152
162 171
127 143
60 195
9 112
68 87
52 169
85 197
69 111
86 102
139 155
75 143
146 166
11 70
12 72
6 18
3 172
54 56
152 167
116 152
35 160
183 197
4 175
13 68
54 177
9 60
10 178
147 152
6 52
4 76
54 82
52 70
92 129
154 179
55 82
184 191
13 129
74 197
129 163
175 183
36 179
95 146
149 160
151 156
27 146
70 160
56 196
10 111
25 148
3 4
50 180
114 171
195 196
89 139
25 190
125 146
127 146
56 60
154 155
30 169
53 60
71 102
25 89
72 127
84 190
166 190
55 163
35 169
148 188
27 95
74 125
52 196
38 79
30 56
4 75
13 160
33 191
53 173
148 154
4 188
78 95
86 194
35 54
76 123
60 157
25 101
75 95
30 194
73 163
117 128
69 166
35 149
175 188
54 196
56 110
149 169
17 182
18 60
48 52
4 127
10 22
126 184
166 197
168 175
92 113
82 194
1 13
10 112
35 193
146 152
55 130
87 98
125 171
127 155
28 148
112 160
194 195
9 68
4 20
56 160
48 70
12 84
27 84
143 173
52 195
40 44
72 76
4 50
113 135
128 174
17 30
85 162
28 168
78 166
6 195
9 48
74 78
6 56
128 196
129 189
4 193
86 191
18 55
1 149
87 190
38 50
139 168
53 193
17 193
26 28
87 148
50 166
59 113
76 139
168 188
129 192
27 188
141 160
111 113
59 87
146 173
2 166
72 109
53 149
166 168
55 177
52 53
84 85
13 111
28 137
78 135
95 197
6 160
158 194
93 129
53 191
36 89
56 141
152 162
85 171
50 127
4 162
0 73
148 168
141 148
68 149
72 89
123 183
101 127
95 137
26 125
55 87
40 95
70 149
87 183
150 176
28 123
78 117
19 86
68 194
101 188
48 56
87 173
73 153
6 111
24 148
74 162
75 171
85 96
127 137
188 190
87 139
111 126
6 129
51 59
102 149
17 127
124 150
4 26
126 150
52 60
27 171
54 157
78 142
172 183
146 190
129 149
148 183
28 190
17 135
76 96
91 152
30 55
4 78
54 80
73 86
9 157
54 169
48 160
11 52
120 195
154 177
60 128
82 149
4 84
13 191
52 110
139 166
12 168
54 195
86 163
155 188
76 84
18 195
27 148
127 168
8 152
123 152
74 173
52 148
137 168
96 146
139 188
166 175
25 154
96 127
143 146
69 86
139 146
89 137
25 188
26 50
35 69
52 59
11 113
70 82
137 148
25 95
53 129
166 188
25 166
148 190
29 33
70 116
84 166
113 140
4 53
51 87
56 129
35 177
50 75
4 190
102 113
128 169
17 146
9 13
6 71
13 184
4 196
56 112
152 197
177 195
155 171
17 87
49 55
95 163
157 195
127 191
111 140
50 173
69 95
35 195
12 155
46 179
89 146
9 195
101 146
80 194
6 149
50 135
70 194
30 31
113 163
166 183
25 175
35 80
178 188
48 120
70 111
95 125
17 28
59 149
72 171
17 139
27 76
60 150
84 139
72 84
73 170
110 152
17 54
4 195
55 193
11 56
18 53
60 140
91 162
150 191
4 96
10 31
17 72
71 149
95 168
11 30
85 123
27 152
112 195
40 96
12 25
111 149
121 152
52 128
12 146
55 149
66 195
85 101
27 190
101 155
162 172
51 52
146 171
73 103
28 50
52 55
28 139
70 102
53 54
50 152
24 91
125 127
141 184
3 171
53 189
55 169
35 191
50 125
4 172
70 120
6 184
185 193
69 150
84 146
53 167
175 197
59 128
95 139
28 95
149 185
17 166
27 123
132 179
89 95
163 195
123 175
135 166
76 166
13 59
48 129
38 148
76 95
149 163
56 193
60 122
95 191
75 173
44 85
27 183
127 139
70 71
30 128
148 194
169 195
74 148
25 84
146 188
54 60
89 168
125 143
148 177
152 171
4 171
70 115
30 53
4 72
13 163
25 197
52 66
50 78
53 160
148 159
11 54
35 53
9 10
149 194
69 185
145 150
155 190
54 193
28 76
48 184
18 193
28 197
60 113
74 171
139 190
30 110
96 148
149 150
25 152
44 76
84 127
168 172
87 130
111 129
12 101
60 111
26 171
139 148
84 101
35 71
171 175
59 194
110 194
194 196
53 56
60 69
137 154
6 9
82 86
13 194
54 55
56 157
35 173
34 73
4 146
28 183
87 95
91 147
132 155
75 125
6 35
30 60
53 169
113 130
79 188
148 166
48 89
72 166
18 30
73 167
128 193
135 148
129 184
95 135
28 75
48 191
18 56
101 172
40 85
111 160
4 123
52 157
17 85
53 196
56 88
48 149
38 152
72 146
96 171
139 183
120 152
6 113
123 137
9 102
27 28
50 171
146 148
135 195
25 139
127 135
68 111
10 70
2 171
48 193
35 82
123 197
10 160
25 72
69 129
95 127
52 80
17 18
148 173
140 194
150 194
72 173
9 52
10 138
6 60
53 92
111 195
113 157
17 52
157 160
55 195
49 195
150 189
6 86
135 171
139 172
86 149
167 194
27 154
127 166
12 27
9 111
68 72
52 130
76 135
56 69
33 69
55 110
60 194
87 142
9 113
68 86
89 96
139 152
53 145
123 127
5 151
87 109
166 172
18 129
95 193
48 113
88 148
193 194
54 59
152 166
66 149
85 183
148 180
13 69
78 173
17 130
26 95
76 101
25 123
6 55
113 150
160 191
157 185
13 95
28 89
48 173
74 95
6 73
135 160
17 190
18 196
76 89
127 175
11 128
70 163
56 195
24 152
113 194
17 89
12 139
36 152
76 190
95 185
44 87
27 137
10 195
87 135
71 73
1 53
146 183
76 148
89 132
52 56
27 175
4 143
56 59
78 146
74 146
3 146
9 191
13 126
27 197
11 82
48 78
55 59
10 188
59 60
70 113
30 59
4 74
10 37
51 82
84 155
9 129
85 154
156 179
17 157
35 55
10 134
16 61
111 191
17 56
95 152
72 135
17 183
48 51
87 166
37 188
13 149
69 72
137 172
26 143
71 163
95 166
135 183
101 139
60 105
146 155
12 152
115 152
55 131
85 95
127 152
48 111
6 150
9 69
133 194
3 155
87 89
89 183
152 180
9 160
48 69
12 91
27 85
52 194
11 194
75 127
28 175
6 194
26 75
69 160
30 196
4 95
128 195
52 113
17 49
135 150
95 129
48 177
55 196
72 142
18 54
112 113
144 166
40 87
70 157
4 101
150 184
155 175
76 172
53 194
95 175
149 157
72 148
17 194
89 123
123 139
8 70
25 137
129 193
138 188
28 146
70 73
3 25
118 119
146 172
52 163
166 171
4 18
48 195
55 182
171 188
4 155
48 124
143 171
3 166
4 56
53 176
52 82
85 172
129 157
148 175
28 166
48 82
141 149
150 192
3 76
135 143
2 114
35 128
18 184
148 149
11 60
113 126
53 68
17 76
76 171
95 148
48 142
11 18
72 155
87 146
89 124
53 110
24 147
87 113
25 146
6 128
10 79
74 143
139 154
3 137
4 25
73 107
125 152
134 194
127 148
28 135
50 148
38 115
3 175
53 185
73 77
89 171
35 163
129 150
4 168
55 60
17 128
27 89
72 95
30 54
53 163
10 56
68 185
78 85
11 53
35 48
27 127
10 157
72 188
161 188
82 148
135 162
26 152
12 175
54 194
78 127
95 157
18 194
101 166
87 171
113 192
135 184
17 95
36 154
25 155
130 195
27 139
127 183
68 95
69 87
52 177
17 113
75 135
35 66
93 113
4 137
53 59
50 143
69 113
6 10
89 172
85 190
114 156
113 141
4 52
56 128
85 152
50 74
13 86
54 163
31 60
148 155
68 160
132 166
135 190
40 76
30 195
13 185
53 86
6 70
12 166
56 111
28 72
175 191
101 175
48 53
70 152
80 149
83 128
2 152
76 183
12 188
95 160
96 168
155 168
127 188
101 137
3 12
143 152
10 113
82 195
12 154
86 113
55 157
134 188
27 166
127 154
12 127
124 129
6 13
25 168
75 146
68 129
54 128
70 110
12 85
114 151
60 191
11 196
56 135
148 162
112 157
17 148
53 95
4 89
10 52
17 55
18 191
35 157
50 95
85 139
49 87
18 52
101 168
149 177
13 140
26 148
53 192
139 171
28 125
12 24
95 183
89 148
66 194
111 112
53 148
4 28
89 190
25 177
35 86
52 54
171 190
48 126
53 55
9 86
68 113
25 76
113 191
3 168
95 123
68 150
9 56
6 48
113 145
135 137
85 148
59 129
72 183
113 124
87 182
11 169
3 84
53 66
155 166
96 166
13 60
88 195
164 184
137 166
162 166
143 148
59 111
148 193
53 157
4 27
46 166
89 135
128 135
171 183
48 117
78 143
50 146
137 146
25 85
86 95
95 96
16 135
115 180
59 160
25 127
79 180
30 52
8 10
149 195
28 85
11 55
38 180
48 161
60 129
72 190
76 127
154 190
4 85
52 111
17 59
85 135
13 53
48 135
78 125
76 85
86 160
127 171
129 160
70 167
52 149
30 105
36 132
48 157
168 171
33 82
87 131
114 166
9 126
60 110
69 85
68 89
96 137
137 177
5 156
22 188
171 172
140 150
4 139
28 152
54 149
59 195
172 175
60 68
72 98
53 128
82 89
44 135
9 163
85 188
48 66
70 117
132 154
11 193
3 188
113 131
129 135
85 166
86 193
78 162
35 59
24 116
30 193
54 66
73 160
129 185
17 60
135 149
56 113
89 197
72 139
17 171
18 59
55 66
177 194
25 27
66 86
12 190
86 157
28 96
48 148
95 162
127 190
157 194
6 112
35 194
12 148
30 122
87 127
126 129
44 96
9 194
112 163
80 195
9 73
52 160
70 195
23 73
56 163
46 154
75 148
4 152
172 188
10 163
95 124
160 193
52 87
85 175
148 172
4 166
28 171
185 191
31 188
84 148
72 85
53 93
135 146
17 53
85 137
56 120
95 141
11 59
149 191
27 101
143 197
25 28
26 146
76 168
95 171
28 127
11 17
27 155
131 195
55 113
89 127
73 149
18 69
74 166
82 184
141 195
12 147
96 135
44 95
60 193
40 135
68 85
146 168
26 166
73 102
25 183
