11 68
11 28
0 7
17 20
18 19
34 35
11 48
16 22
29 34
11 27
0 4
17 23
27 28
18 20
34 36
23 25
35 36
37 38
16 19
29 37
0 1
17 18
11 36
2 11
11 58
26 43
19 23
11 15
22 23
3 11
11 35
11 71
27 33
11 72
11 31
20 21
0 11
11 51
16 23
11 26
0 5
16 26
17 22
27 31
18 21
0 8
23 24
34 37
27 43
16 20
12 23
28 44
11 25
0 2
29 36
18 22
34 38
23 31
36 37
30 31
11 14
19 22
16 17
11 34
16 55
11 55
11 70
11 13
19 21
20 22
21 23
11 33
2 3
11 69
11 29
0 6
17 21
35 38
0 9
23 27
11 44
11 49
10 11
11 64
11 23
16 21
29 35
11 24
28 45
0 3
11 38
27 29
18 23
35 37
23 30
11 43
36 38
16 18
29 38
17 19
11 37
23 29
11 12
19 20
20 23
21 22
11 32
