57 61
54 55
62 64
48 62
25 71
63 76
27 68
66 76
71 75
24 42
41 57
58 76
24 27
25 26
58 63
48 59
48 64
61 66
59 62
58 65
70 75
26 54
57 59
55 64
41 69
55 56
68 75
59 61
60 62
68 70
61 63
41 55
58 66
60 65
57 65
59 66
39 55
48 71
64 66
25 75
49 51
48 74
55 63
69 70
24 70
26 49
51 54
65 66
62 65
59 65
58 59
48 63
48 68
25 70
27 71
27 72
51 53
25 42
57 63
62 66
58 60
48 60
48 65
61 65
64 76
73 74
63 66
25 48
26 55
24 25
57 58
41 68
49 55
48 57
55 59
59 60
63 65
60 63
68 71
24 50
61 62
27 48
60 66
57 64
46 47
41 71
49 50
48 75
55 62
57 67
47 48
59 64
48 69
69 75
25 69
55 61
27 70
24 68
41 42
26 51
25 41
51 52
62 76
27 58
57 62
65 76
58 61
48 61
48 66
61 64
49 56
27 69
25 55
24 41
24 26
48 55
25 27
41 75
48 58
49 54
55 58
58 62
59 63
63 64
70 71
58 64
25 39
55 65
41 70
48 76
55 57
60 61
68 69
62 63
60 64
39 52
64 65
26 27
25 68
48 73
69 71
24 69
26 72
41 62
51 55
25 40
58 70
