1319 1326
277 1256
530 531
1246 1247
735 736
773 776
302 304
948 1202
1443 1444
162 164
1107 1109
853 855
196 1360
754 755
529 530
801 802
753 998
989 996
1347 1348
1072 1074
817 819
1320 1325
1107 1114
375 378
13 979
100 102
780 781
1039 1396
1064 1066
1314 1327
103 104
1391 1392
1068 1070
136 139
501 503
817 820
1384 1393
391 393
70 72
901 903
395 859
827 828
1314 1318
854 1111
446 448
694 698
226 227
850 851
1326 1327
753 754
1317 1326
395 1137
1412 1413
598 1445
749 750
698 957
1359 1360
71 72
901 905
650 651
1162 1163
1398 1399
1416 1417
1187 1255
1312 1320
447 448
1439 1440
772 777
991 996
133 140
778 780
19 20
131 133
593 594
993 994
60 1439
1314 1331
1312 1327
852 1112
185 186
1315 1328
379 380
1323 1328
1384 1389
957 958
694 868
867 1245
912 913
131 138
850 932
1312 1318
585 587
850 1108
184 186
169 170
1385 1386
1422 1423
694 1180
240 241
256 257
1311 1331
1021 1023
501 1214
1323 1326
1321 1330
276 868
461 1151
687 689
788 789
165 167
168 170
1027 1030
592 594
1104 1106
1070 1073
852 854
318 1443
1315 1319
1313 1323
1427 1428
934 935
276 867
333 334
988 993
1069 1074
1024 1026
1311 1313
1315 1324
1313 1324
1245 1247
921 922
777 779
787 789
1107 1160
1311 1326
1386 1389
1421 1423
514 650
2 3
1318 1326
929 930
757 758
314 317
775 781
1313 1317
777 780
502 503
748 752
768 771
419 421
257 258
1420 1421
1316 1329
775 778
696 1183
273 275
1321 1326
1220 1221
60 61
8 11
776 779
828 829
376 378
1086 1087
774 780
151 152
1035 1036
448 449
12 15
748 751
1025 1032
1320 1330
569 738
902 905
1078 1079
276 1257
279 282
625 626
990 993
1402 1403
774 775
1274 1275
766 1084
201 203
1187 1188
339 341
948 1197
1316 1319
514 518
1026 1030
293 294
516 517
1365 1367
1319 1328
1394 1395
992 995
315 317
9 1307
626 741
949 1201
626 628
865 1300
226 1382
278 279
344 346
1316 1326
932 1111
1177 1179
1319 1321
1191 1193
454 455
570 571
276 1346
1181 1183
302 305
499 504
446 447
818 819
948 1203
1107 1108
3 5
1370 1371
853 854
1317 1330
1325 1330
282 906
753 997
1322 1323
330 331
61 62
740 741
1308 1309
854 1114
989 995
1068 1072
1072 1075
817 818
1320 1326
987 993
1390 1392
13 978
994 996
59 1437
413 414
1156 1157
1314 1324
1068 1071
136 140
501 502
391 392
70 73
901 902
499 1460
1435 1437
598 1443
854 1108
446 449
1314 1319
627 629
1348 1349
1317 1325
1202 1203
112 421
1412 1414
342 343
1226 1227
932 933
1186 1187
901 904
59 1440
390 391
340 341
820 821
1187 1254
1312 1321
598 732
1303 1305
772 778
133 139
797 798
778 781
864 1397
131 132
1314 1328
852 1113
850 1114
1 1007
819 821
1312 1319
585 586
754 1000
850 1109
135 137
184 187
280 281
256 258
500 694
1311 1330
1021 1022
303 1173
515 651
978 979
1070 1071
1321 1329
461 1150
687 688
165 166
1037 1039
766 767
1282 1283
592 595
852 855
1315 1318
1313 1322
596 1452
1160 1161
988 994
1069 1073
1024 1027
1311 1312
1059 1371
884 885
1164 1165
1241 1242
853 1107
1315 1327
1313 1315
1245 1246
186 188
777 778
787 788
794 795
1254 1255
1311 1321
1421 1422
514 651
1176 1177
1318 1327
458 459
574 576
132 136
775 780
900 904
1380 1381
1313 1316
734 735
1062 1064
1324 1325
755 999
774 778
281 282
419 420
402 404
1420 1422
1028 1029
1316 1330
761 763
1273 1275
273 274
1321 1325
60 62
276 694
776 780
774 781
1327 1330
1035 1039
448 450
932 1384
276 1428
1071 1073
1222 1223
1067 1069
201 202
1074 1075
1346 1347
276 1427
339 340
139 140
948 1198
1026 1031
516 518
1365 1366
389 391
992 996
276 1348
315 316
9 1306
988 989
1252 1253
773 781
302 303
949 1200
626 629
511 512
226 1383
497 498
1329 1330
344 347
1316 1327
1177 1178
867 1087
1191 1192
1319 1320
276 1347
1181 1182
1436 1440
61 746
1443 1446
1107 1111
3 4
389 393
138 139
1317 1329
1325 1329
740 742
1308 1310
1388 1389
989 994
1068 1073
999 1000
1320 1327
747 749
987 992
790 792
1302 1304
349 350
393 394
13 977
276 804
59 1436
320 321
465 466
688 689
1156 1158
1314 1325
231 490
850 854
1030 1031
460 461
596 597
1108 1109
390 394
1435 1436
1314 1316
854 1109
1239 1241
694 696
772 773
1284 1285
627 628
196 1359
1317 1324
1341 1343
276 1180
772 780
303 305
1063 1065
276 277
1036 1037
340 342
300 401
1312 1322
447 450
598 733
852 1107
1193 1266
1303 1304
772 779
133 138
1245 1248
694 867
864 1398
769 771
131 135
1314 1329
800 801
852 1114
1312 1313
750 752
1262 1264
789 1179
989 991
1315 1330
379 382
1323 1330
935 936
1445 1446
819 820
60 753
131 140
1149 1151
135 136
734 736
184 188
1157 1158
280 282
515 650
276 957
906 923
854 1160
804 1346
1263 1264
101 102
1033 1034
695 867
1321 1328
574 575
461 1149
134 140
988 996
1306 1307
1037 1038
1027 1032
1318 1330
381 382
1315 1321
1313 1321
134 135
762 763
980 981
1204 1205
988 995
1069 1072
1049 1050
277 868
1024 1028
1311 1315
1059 1370
2 6
1164 1166
1315 1326
1313 1314
365 366
318 598
1311 1320
1386 1387
1176 1178
1318 1324
132 137
314 315
900 905
1380 1382
1321 1323
1062 1065
1324 1326
755 998
774 779
306 307
1420 1423
1318 1319
1028 1030
344 753
1029 1031
761 762
1273 1274
1321 1324
276 695
776 781
867 1257
738 739
1182 1183
1035 1038
1265 1266
276 1429
906 934
997 999
1071 1072
745 746
1150 1151
555 556
1067 1068
1187 1190
1025 1031
339 343
948 1199
514 516
1026 1028
1201 1203
630 631
499 1267
389 390
1319 1330
276 1349
988 990
1252 1254
773 780
1113 1114
226 1380
499 501
906 936
1316 1320
1397 1399
867 1086
318 319
1319 1323
455 457
1105 1106
460 1154
1126 1127
1165 1166
330 334
1322 1326
202 203
701 702
61 745
1192 1193
1320 1321
162 163
930 931
1107 1110
1390 1391
389 392
928 929
1317 1328
1325 1328
231 415
344 1239
331 333
791 793
854 1112
989 993
1068 1074
747 748
987 995
1139 1140
0 1
790 793
1302 1305
685 686
1453 1454
13 976
59 1439
7 8
320 322
1223 1224
258 574
1314 1322
744 745
854 1107
233 395
850 855
391 394
228 1397
596 598
1108 1110
1374 1416
1435 1439
1314 1317
1239 1240
1246 1293
1283 1285
694 697
772 774
133 135
1326 1330
728 729
187 188
1186 1190
1317 1323
1341 1342
1438 1439
395 1138
239 241
976 977
772 781
303 304
1063 1064
1036 1038
254 255
770 771
171 172
340 343
277 695
1312 1323
1193 1265
991 993
133 137
10 11
778 779
1384 1385
395 1043
864 1399
769 770
568 569
131 134
800 802
1312 1314
789 1178
240 932
1340 1341
989 990
572 573
850 1112
1247 1293
230 231
998 999
60 754
1149 1150
804 1348
456 457
552 553
754 998
850 1107
135 139
987 989
1137 1138
934 936
332 333
134 138
282 1378
1026 1293
841 843
851 853
805 806
276 958
854 1161
1312 1328
804 1347
755 756
1395 1396
59 61
1057 1058
461 1148
1311 1317
318 1446
198 199
20 21
1437 1439
1315 1320
1313 1320
1127 1128
1069 1071
277 867
1024 1029
1311 1314
597 598
1318 1322
927 929
842 843
1324 1328
743 745
1311 1323
1176 1179
137 139
1318 1325
459 461
132 138
1380 1383
81 83
853 1114
977 979
1373 1417
1321 1322
1324 1327
1067 1073
774 776
137 140
1028 1031
344 754
517 518
695 1180
1029 1030
392 393
1313 1331
1428 1429
1322 1330
867 1256
258 576
9 1407
906 935
997 998
1071 1075
599 600
1178 1179
377 378
990 996
1067 1071
1372 1373
1444 1445
1025 1030
339 342
514 517
1026 1029
1029 1032
60 997
1201 1202
902 903
564 565
1319 1325
411 412
1059 1060
753 1000
988 991
1252 1255
773 779
868 1256
626 627
226 1381
499 500
997 1000
1316 1321
1197 1198
1397 1398
1319 1322
455 456
754 756
460 1155
1438 1440
330 335
1322 1327
61 744
500 501
1320 1322
1281 1285
1107 1113
3 6
483 484
928 930
1243 1244
375 377
1325 1327
344 1240
331 332
403 404
791 792
854 1113
989 992
1068 1075
792 793
1240 1241
747 751
987 994
594 595
994 995
59 1438
320 323
16 17
258 575
1381 1383
1314 1323
744 746
850 852
228 1398
1108 1111
390 392
1374 1417
1026 1246
1435 1438
598 1446
1283 1284
772 775
133 134
698 958
988 1294
70 71
1317 1322
628 629
854 932
239 240
976 978
196 197
303 307
1227 1228
865 866
1036 1039
277 694
1436 1437
60 1436
1312 1324
750 751
1262 1263
223 224
991 992
133 136
948 949
1384 1386
1225 1227
1353 1355
163 164
60 756
131 137
60 1435
1312 1315
17 18
789 1177
1340 1342
850 1113
1225 1228
305 307
73 1267
60 755
277 696
295 297
705 706
804 1349
552 554
754 999
135 138
987 988
1323 1325
695 868
460 1140
332 334
134 139
841 842
1024 1032
851 852
195 197
1027 1029
346 347
1070 1074
1312 1329
59 60
460 1139
1311 1316
60 1440
943 944
1318 1328
132 133
900 901
1148 1149
1437 1438
1315 1323
1313 1327
1065 1066
1154 1155
759 760
1069 1070
1024 1030
1311 1325
2 4
906 907
1318 1323
132 140
927 928
186 187
1336 1337
1324 1329
743 744
1311 1322
1387 1389
0 1007
1212 1213
137 138
332 649
459 460
132 139
775 777
1328 1329
977 978
81 82
853 1113
410 411
1222 1224
1373 1416
696 1180
1200 1201
1112 1113
732 1447
755 1000
1067 1072
774 777
1188 1189
402 403
754 947
416 417
344 755
1313 1330
279 281
990 994
1038 1039
695 696
1071 1074
1394 1396
276 696
626 742
1067 1070
449 450
1444 1446
1025 1029
932 1108
111 112
60 998
1319 1324
1099 1100
773 778
868 1257
1225 1301
230 490
499 503
818 820
948 1200
747 752
1316 1322
231 1134
513 515
1281 1283
932 1107
867 869
330 332
1322 1324
1400 1401
9 11
61 743
500 502
1320 1323
13 15
1281 1284
1107 1112
928 931
375 376
417 418
626 640
1030 1032
1325 1326
344 1241
331 335
698 1245
1240 1242
136 137
747 750
1317 1319
1039 1395
1374 1415
16 18
1381 1382
316 317
598 1452
446 450
230 415
1314 1320
590 591
850 853
121 122
1368 1369
228 1399
390 393
321 323
947 998
1026 1247
598 1447
1314 1315
1239 1242
1326 1328
300 301
1226 1228
749 752
1186 1188
1317 1321
4 5
1109 1111
976 979
228 864
1187 1253
1437 1440
303 306
1063 1066
1073 1075
1436 1438
60 1437
1312 1325
991 995
1384 1387
1225 1226
1353 1354
322 323
903 905
1415 1417
1229 1230
131 136
1312 1316
789 1176
1340 1343
850 1110
135 140
228 229
796 797
231 233
305 306
73 1460
1253 1255
1311 1329
239 932
295 296
1455 1456
779 781
380 381
625 640
461 1339
987 991
1323 1324
1385 1389
332 335
134 136
851 855
1027 1028
195 196
583 584
895 897
1282 1284
5 6
1070 1075
1312 1330
575 576
1315 1317
364 365
60 344
1311 1319
1373 1374
334 335
1218 1219
318 1444
1318 1329
1043 1044
1216 1217
1382 1383
132 134
900 902
1148 1150
1315 1322
1313 1326
348 349
1024 1031
1311 1324
1374 1375
2 5
1318 1320
458 460
1313 1319
927 931
764 765
0 881
1324 1330
1387 1388
768 769
775 776
1200 1202
853 1112
1328 1330
1373 1415
696 1181
1112 1114
8 9
776 777
1256 1257
1067 1075
1327 1329
1188 1190
12 13
748 749
1320 1328
416 418
1313 1329
279 280
1062 1063
990 995
1322 1328
773 775
699 700
1346 1348
1215 1217
1025 1027
1028 1032
732 733
804 805
1026 1032
1316 1317
60 1000
82 83
992 993
1126 1128
625 629
167 863
949 1203
1025 1028
1316 1324
514 515
1022 1023
1026 1027
932 1109
60 999
1319 1327
277 1257
399 400
773 777
499 502
818 821
948 1201
1316 1323
1443 1445
513 514
1281 1282
138 140
857 858
867 868
529 531
753 999
330 333
1322 1325
9 10
1347 1349
225 226
1072 1073
500 503
1320 1324
13 14
100 803
1110 1111
59 1435
100 101
1405 1406
344 1242
72 73
1064 1065
274 275
990 991
331 334
1314 1326
844 845
1068 1069
136 138
500 1245
817 821
987 996
1317 1318
1039 1394
827 829
1314 1321
854 1110
753 755
790 791
1302 1303
277 1180
1317 1327
193 194
321 322
112 419
598 1444
1326 1329
749 751
753 756
1186 1189
395 396
1317 1320
71 73
166 167
4 6
1109 1110
1187 1252
447 449
1354 1355
586 587
694 695
772 776
476 477
1073 1074
998 1000
344 998
19 21
1436 1439
593 595
993 995
60 1438
1314 1330
1312 1326
553 554
185 187
457 875
991 994
1315 1329
379 381
896 897
1323 1329
1384 1388
395 1044
903 904
1415 1416
1413 1414
131 139
993 996
904 905
1312 1317
73 499
185 188
850 1111
796 798
184 185
1385 1387
231 232
741 742
1253 1254
1311 1328
1342 1343
779 780
304 305
198 200
380 382
754 997
987 990
1323 1327
1385 1388
134 137
854 855
1366 1367
168 169
296 297
302 1173
851 854
1027 1031
1282 1285
895 896
592 593
1104 1105
1070 1072
852 853
1332 1333
59 62
155 156
1315 1316
1427 1429
364 366
1309 1310
333 335
461 975
14 15
988 992
1069 1075
1024 1025
500 698
1311 1318
932 1393
318 1445
199 200
1031 1032
132 135
900 903
295 1280
1148 1151
1315 1325
1313 1325
1107 1161
348 350
1311 1327
1386 1388
995 996
1318 1321
929 931
458 461
314 316
1313 1318
927 930
60 947
777 781
1062 1066
755 997
1304 1305
743 746
768 770
1316 1328
775 779
1200 1203
696 1182
1321 1327
8 10
776 778
376 377
1067 1074
1327 1328
1035 1037
1435 1440
12 14
748 750
1189 1190
1320 1329
233 1043
569 739
902 904
1313 1328
789 1411
276 1256
625 627
990 992
1322 1329
773 774
1346 1349
1215 1216
1187 1189
1025 1026
804 806
233 1044
1316 1318
694 1245
1319 1329
751 752
992 994
276 698
626 740
625 628
949 1202
1361 1362
344 345
1316 1325
932 1110
635 636
