0 1
2 3
4 3
4 2
5 3
5 2
5 4
6 3
6 2
6 4
6 5
7 8
9 8
10 8
10 9
11 8
11 10
11 9
12 13
14 13
14 12
15 13
15 12
15 14
16 17
18 17
18 16
19 20
21 20
21 19
22 23
24 23
24 22
25 26
27 26
27 25
28 29
30 29
30 28
31 29
32 29
32 31
33 34
35 34
35 33
36 34
36 33
36 35
37 34
37 33
37 35
37 36
38 34
38 33
38 35
38 36
38 37
39 40
41 42
43 42
43 41
44 45
46 45
46 44
47 45
47 44
47 46
48 31
49 48
49 31
50 48
50 49
50 31
50 32
51 48
51 49
51 50
51 31
51 32
51 29
52 48
53 48
53 52
54 48
55 48
55 54
56 57
58 57
58 56
59 60
61 60
61 59
62 60
62 59
62 61
63 64
65 64
65 63
66 67
68 67
68 66
69 67
69 66
69 68
70 71
72 71
72 70
73 71
73 70
73 72
74 75
74 43
76 75
76 74
77 75
77 74
77 76
78 79
80 79
80 78
81 82
83 82
83 81
84 85
86 52
87 88
89 88
89 87
90 91
92 91
92 90
93 91
93 90
93 92
93 67
94 91
94 90
94 92
94 93
95 91
95 92
95 93
96 91
96 95
96 92
96 93
97 98
99 98
99 97
100 101
102 101
102 100
103 104
105 106
107 108
109 110
111 112
113 114
113 74
115 116
117 116
117 115
118 119
120 119
120 118
121 122
123 31
123 29
123 32
124 31
124 32
124 50
124 51
125 31
125 32
125 124
125 50
125 51
126 31
126 32
126 124
126 125
126 50
126 51
127 128
129 130
131 132
133 132
133 131
134 132
134 131
134 133
135 132
135 131
135 133
135 134
136 132
136 131
136 133
136 134
136 135
137 132
137 131
137 133
137 134
137 135
137 136
138 132
138 131
138 133
138 134
138 135
138 136
138 137
139 132
139 131
139 133
139 134
139 135
139 136
139 137
139 138
140 132
140 131
140 133
140 134
140 135
140 136
140 137
140 138
140 139
141 68
142 141
142 68
142 92
142 91
143 141
143 68
143 142
143 118
144 141
145 146
147 146
147 145
148 146
148 145
148 147
149 68
150 68
150 149
151 152
153 154
155 156
157 158
159 160
161 160
161 159
162 163
164 163
164 162
165 166
167 166
167 165
168 169
170 169
170 168
171 172
173 52
173 53
174 173
175 173
175 174
176 177
178 177
178 176
179 31
180 43
181 180
181 43
182 180
182 181
182 43
183 180
183 43
184 185
186 185
186 184
187 185
187 184
187 186
188 185
188 184
188 186
188 187
189 190
189 22
189 24
191 190
191 189
191 22
191 24
192 123
193 194
195 196
197 196
197 195
198 199
200 199
200 198
201 202
203 202
203 201
204 44
204 127
205 204
205 44
206 204
206 205
206 44
207 204
207 206
208 204
208 207
208 206
209 204
209 207
209 208
210 204
210 207
210 208
210 209
211 204
211 127
212 204
212 208
212 207
212 206
213 142
213 92
213 91
213 143
214 215
216 217
218 217
218 216
219 217
219 216
219 218
220 221
222 221
222 220
222 69
223 224
225 226
227 226
228 229
230 231
232 231
233 231
234 235
236 235
236 234
237 205
237 204
237 206
238 205
238 204
238 237
238 206
239 240
241 240
241 239
242 243
244 245
246 247
248 247
248 246
249 247
249 246
249 248
250 247
250 246
250 248
250 249
251 247
251 246
251 248
251 249
251 250
252 247
252 246
252 248
252 249
252 250
252 251
253 247
253 246
253 248
253 249
253 250
253 251
253 252
254 255
256 257
258 257
258 256
259 260
261 260
261 259
262 263
264 263
264 262
264 74
264 142
265 263
265 262
265 264
266 263
266 262
266 264
266 265
267 263
267 262
267 264
267 265
267 266
268 263
268 262
268 264
268 265
268 266
268 267
269 270
271 270
271 269
272 270
272 271
273 274
275 274
275 273
276 277
278 279
280 279
281 279
281 280
282 279
282 280
282 281
283 192
283 142
283 143
283 154
284 283
284 192
285 283
285 192
285 284
286 283
286 284
287 74
288 287
288 74
289 287
289 288
289 74
289 249
289 250
289 252
290 287
290 288
290 289
290 74
291 287
291 74
291 290
292 93
292 67
293 294
295 296
297 296
297 295
298 192
298 283
298 154
299 192
299 298
299 283
300 301
302 303
304 303
304 302
305 303
305 302
305 304
306 303
306 305
307 303
307 305
307 306
308 309
308 29
310 309
310 308
311 309
311 308
311 310
312 143
313 312
313 143
314 315
316 315
316 314
317 315
317 314
317 316
318 319
320 321
322 321
322 320
323 321
323 320
323 322
324 325
324 209
324 207
326 325
326 324
327 238
327 204
328 327
328 238
328 204
329 327
329 328
329 238
329 204
330 331
332 331
332 330
333 331
333 330
333 332
334 331
334 330
334 332
334 333
335 331
335 330
335 332
335 333
335 334
336 337
338 337
338 336
339 340
341 340
341 339
342 340
342 339
343 340
343 342
343 339
344 60
345 344
346 344
347 344
347 346
348 349
350 349
350 348
351 22
351 24
352 74
353 352
353 74
353 291
354 355
356 355
356 354
357 31
358 357
358 31
359 357
359 358
359 31
360 357
360 358
360 359
361 362
363 362
363 361
364 365
366 365
366 364
367 368
369 368
369 367
370 368
370 367
370 369
371 368
371 367
371 369
371 370
372 368
372 367
372 369
372 370
372 371
373 368
373 367
373 369
373 370
373 371
373 372
374 368
374 367
374 369
374 370
374 371
374 372
374 373
375 376
377 376
377 375
378 376
378 375
378 377
379 380
381 380
381 379
382 380
382 379
382 381
383 259
383 261
384 383
384 259
384 261
384 308
384 310
384 29
385 383
385 384
385 259
385 261
386 383
386 384
386 259
386 385
386 261
387 383
387 384
387 259
387 385
387 261
387 386
388 158
389 390
391 390
391 389
392 390
392 389
392 391
393 390
393 389
393 391
393 392
394 390
394 391
394 393
395 396
395 233
397 384
397 308
397 310
398 384
398 308
399 400
401 300
402 403
404 403
404 402
405 406
407 406
407 405
408 43
409 408
410 411
412 411
413 414
415 230
415 231
416 417
418 417
418 416
419 112
420 419
421 419
421 112
422 423
422 69
424 425
426 427
428 427
428 426
429 427
429 426
429 428
430 265
431 432
433 432
433 431
434 432
434 431
434 433
435 432
435 431
435 433
435 434
436 432
436 431
436 433
436 434
436 435
437 432
437 431
437 433
437 434
437 435
437 436
438 432
438 431
438 433
438 434
438 435
438 436
438 437
439 440
441 440
441 439
442 440
442 439
442 441
442 283
443 31
444 443
445 443
445 444
446 447
448 447
448 446
449 447
449 446
449 448
450 447
450 446
450 448
450 449
451 452
451 210
451 207
453 452
453 451
454 455
456 455
457 455
457 456
458 459
460 459
460 458
461 459
461 458
461 460
462 463
464 31
465 466
467 31
467 51
468 467
468 31
468 51
469 291
469 74
470 469
470 291
471 469
472 469
472 291
473 474
475 474
475 473
476 477
478 285
479 142
480 479
481 479
481 480
482 479
482 481
483 484
485 179
485 31
486 485
486 179
486 31
487 485
487 486
487 179
487 31
488 489
490 230
490 231
491 492
493 492
493 491
493 328
493 204
493 143
493 142
493 213
494 492
494 491
494 493
494 143
494 142
494 213
494 118
494 144
495 496
497 498
499 73
500 499
501 499
501 500
502 499
502 500
502 501
503 499
503 500
503 501
503 502
504 499
505 506
507 508
509 508
509 507
510 508
510 507
510 509
511 512
513 514
515 514
515 513
516 514
517 514
517 516
518 514
518 516
518 517
519 520
521 522
521 52
521 53
521 311
523 113
524 523
524 113
525 523
525 524
525 113
526 527
528 527
528 526
529 530
531 530
531 529
532 533
534 31
534 50
534 32
534 125
534 51
534 124
534 126
535 534
535 31
535 50
535 32
535 125
535 51
535 124
535 126
536 78
537 536
538 536
538 537
539 536
539 537
539 538
540 178
541 542
543 544
545 546
547 264
547 266
548 547
548 264
549 547
549 264
550 551
552 553
554 553
554 552
555 556
557 127
558 557
558 127
559 557
559 558
559 127
560 561
560 289
562 561
562 560
563 561
563 560
563 562
564 565
566 259
566 385
566 261
567 308
567 397
567 43
568 569
570 571
572 573
574 258
575 258
575 574
576 258
576 574
576 575
577 41
578 577
578 41
579 577
579 41
580 577
580 41
580 579
581 582
583 584
585 586
587 586
587 585
588 589
590 591
592 593
594 593
594 592
595 593
595 592
595 594
596 597
598 597
598 596
598 318
599 600
601 602
603 602
603 601
604 154
604 298
604 283
604 442
605 604
605 154
605 298
605 283
606 604
607 74
608 609
610 74
611 612
613 178
613 540
614 613
614 178
614 540
615 32
616 615
617 615
617 616
617 32
617 52
617 53
618 615
618 616
618 617
618 32
619 615
619 617
619 618
620 615
620 32
620 617
620 618
621 622
623 622
623 621
624 622
624 621
624 623
625 626
627 626
627 625
628 626
628 625
628 627
629 626
629 625
629 627
629 628
630 631
632 633
634 633
635 636
637 491
637 493
638 422
639 638
639 422
640 625
640 626
641 642
643 642
643 641
644 645
646 645
646 644
647 645
647 644
647 646
648 54
649 332
650 514
650 515
651 650
651 514
651 515
652 325
653 654
655 654
655 653
656 654
656 653
656 655
657 654
657 653
657 655
657 656
657 207
657 324
658 654
658 653
658 655
658 656
658 657
659 424
660 92
661 660
661 92
662 660
662 92
662 661
663 664
665 664
665 663
666 664
666 663
666 665
667 93
667 91
667 92
667 95
668 93
668 67
668 68
668 69
669 93
669 668
669 67
670 85
670 84
671 609
672 671
672 609
673 655
674 655
674 673
675 655
675 673
675 674
676 655
676 673
676 674
676 675
677 678
679 632
680 681
682 681
682 680
683 681
683 680
683 682
684 127
684 559
685 686
687 688
689 688
689 687
690 68
691 690
691 68
692 422
692 69
693 422
694 277
694 276
694 500
695 694
695 277
695 276
696 694
696 277
696 695
696 276
697 694
698 694
698 276
698 500
699 700
701 702
703 678
704 703
704 678
705 706
707 32
707 74
708 707
708 67
708 69
709 707
709 708
709 67
709 69
710 707
710 74
710 353
711 707
711 32
712 707
712 32
713 707
713 712
713 32
714 707
714 712
714 713
714 32
715 707
715 712
715 113
716 707
716 715
716 712
716 113
717 718
719 718
719 717
720 718
720 717
720 719
721 118
721 119
722 721
722 118
722 119
723 721
723 722
723 118
723 119
724 721
724 722
724 118
724 723
724 119
725 712
725 620
725 617
726 725
726 712
726 715
726 707
726 716
727 725
727 712
727 726
728 729
730 475
731 730
731 475
732 598
733 598
733 732
734 735
736 735
736 734
737 328
737 204
737 493
738 569
739 738
739 569
740 626
741 740
741 626
742 740
742 626
742 741
743 61
744 743
744 61
745 743
745 744
745 61
746 743
746 744
746 745
746 61
747 748
749 748
749 747
750 748
750 747
750 749
751 748
751 747
751 749
751 750
752 748
752 747
752 749
752 750
752 751
753 60
753 344
754 753
754 60
754 344
755 753
755 754
755 60
755 344
756 753
756 754
756 755
756 60
757 758
759 760
761 762
763 762
763 761
764 765
766 767
768 769
770 769
770 768
771 769
771 768
771 770
772 773
774 773
774 772
775 773
775 772
775 774
776 773
776 772
776 774
776 775
777 773
777 772
777 774
777 775
777 776
778 773
778 772
778 774
778 775
778 776
778 777
779 773
779 772
779 774
779 775
779 776
779 777
779 778
780 773
780 772
780 774
780 775
780 776
780 777
780 778
780 779
781 773
781 772
781 774
781 775
781 776
781 777
781 778
781 779
781 780
782 783
784 783
784 782
785 32
785 31
785 51
786 32
786 29
786 51
786 31
787 788
789 788
789 787
790 791
792 791
792 790
793 791
793 790
793 792
794 795
796 797
798 797
798 796
799 610
799 74
800 801
802 801
802 800
803 100
804 276
805 804
806 804
806 805
807 617
808 807
808 617
809 617
809 32
810 353
811 810
811 353
812 813
814 813
814 812
815 813
815 812
815 814
816 813
816 812
816 814
816 815
817 818
819 818
819 817
820 818
820 817
820 819
821 818
821 817
821 819
821 820
822 823
824 823
824 822
825 826
827 828
829 828
829 827
830 712
830 715
830 707
830 716
830 726
831 615
831 617
831 618
831 52
831 53
832 384
832 29
832 308
833 834
835 834
835 833
836 834
836 833
836 835
837 834
837 833
837 835
837 836
838 839
840 839
840 838
841 842
843 842
843 841
844 845
846 289
846 249
846 250
846 252
847 848
849 848
849 847
850 851
852 851
852 850
853 851
853 850
853 852
854 851
854 850
854 852
854 853
855 851
855 850
855 852
855 853
855 854
856 161
857 858
859 395
860 861
862 861
862 860
863 167
864 228
865 866
867 694
867 277
867 695
867 276
868 867
868 694
868 277
868 695
868 276
869 867
870 52
870 53
871 109
872 871
872 109
873 871
873 872
873 109
874 871
874 872
874 873
874 109
875 457
876 877
878 877
878 876
879 246
879 249
879 250
879 252
880 246
880 249
880 250
880 879
880 252
881 0
882 883
884 885
886 887
888 887
888 886
889 887
889 888
889 886
890 183
891 890
891 183
892 893
894 893
894 892
895 896
897 896
897 895
898 494
898 143
899 898
899 494
899 143
900 901
902 901
902 900
903 901
903 900
903 902
904 901
904 900
904 902
904 903
905 901
905 900
905 902
905 903
905 904
906 907
906 282
908 909
910 909
910 908
910 84
911 709
911 708
911 67
911 69
912 913
914 915
916 915
916 914
917 918
917 451
917 452
919 918
919 917
919 451
920 918
920 917
921 922
923 906
924 84
925 926
927 928
929 928
929 927
930 928
930 927
930 929
931 928
931 927
931 929
931 930
932 933
932 850
932 854
932 239
932 240
934 906
935 934
935 906
936 934
936 935
936 906
937 74
938 939
940 48
940 31
941 942
943 944
945 946
947 60
947 754
948 949
950 118
950 120
951 118
951 120
951 950
952 118
952 120
952 950
952 951
953 50
954 953
954 50
955 285
956 955
957 698
957 276
958 957
958 698
958 276
959 525
959 113
960 961
962 963
964 965
966 965
967 965
967 966
968 290
969 968
969 290
970 212
970 206
970 204
971 972
973 972
973 971
974 941
975 461
976 13
977 976
977 13
978 976
978 977
978 13
979 976
979 977
979 978
979 13
980 981
982 983
984 983
985 983
985 984
986 983
986 984
986 985
987 988
989 988
989 987
990 988
990 987
990 989
991 988
991 987
991 989
991 990
992 988
992 987
992 989
992 990
992 991
993 988
993 987
993 989
993 990
993 991
993 992
994 988
994 987
994 989
994 990
994 991
994 992
994 993
995 988
995 987
995 989
995 990
995 991
995 992
995 993
995 994
996 988
996 987
996 989
996 990
996 991
996 992
996 993
996 994
996 995
997 754
997 753
997 755
997 60
998 754
998 753
998 755
998 997
998 60
998 344
998 947
999 754
999 753
999 755
999 997
999 998
999 60
1000 754
1000 753
1000 755
1000 997
1000 998
1000 999
1000 60
1001 214
1002 1003
1004 264
1005 67
1006 1005
1006 67
1007 1
1007 0
1008 493
1009 493
1009 1008
1010 493
1010 1009
1010 143
1011 493
1011 1009
1012 451
1012 452
1012 917
1013 451
1013 917
1013 919
1014 1015
1016 1015
1016 1014
1017 1015
1017 1014
1017 1016
1018 1019
1020 1019
1020 1018
1021 1022
1023 1022
1023 1021
1024 1025
1026 1025
1026 1024
1027 1025
1027 1024
1027 1026
1028 1025
1028 1024
1028 1026
1028 1027
1029 1025
1029 1024
1029 1026
1029 1027
1029 1028
1030 1025
1030 1024
1030 1026
1030 1027
1030 1028
1030 1029
1031 1025
1031 1024
1031 1026
1031 1027
1031 1028
1031 1029
1031 1030
1032 1025
1032 1024
1032 1026
1032 1027
1032 1028
1032 1029
1032 1030
1032 1031
1033 1034
1035 1036
1037 1036
1037 1035
1038 1036
1038 1035
1038 1037
1039 1036
1039 1035
1039 1037
1039 1038
1040 74
1041 74
1041 1040
1042 74
1042 707
1043 233
1043 395
1044 1043
1044 233
1044 395
1045 1046
1047 910
1048 620
1048 725
1048 617
1048 32
1049 1050
1051 1052
1053 891
1053 183
1054 1053
1054 891
1054 183
1055 1053
1055 1054
1055 891
1055 183
1056 1053
1056 183
1056 891
1057 1058
1059 1060
1061 209
1061 324
1061 207
1061 657
1062 1063
1064 1063
1064 1062
1065 1063
1065 1062
1065 1064
1066 1063
1066 1062
1066 1064
1066 1065
1067 1068
1069 1068
1069 1067
1070 1068
1070 1067
1070 1069
1071 1068
1071 1067
1071 1069
1071 1070
1072 1068
1072 1067
1072 1069
1072 1070
1072 1071
1073 1068
1073 1067
1073 1069
1073 1070
1073 1071
1073 1072
1074 1068
1074 1067
1074 1069
1074 1070
1074 1071
1074 1072
1074 1073
1075 1068
1075 1067
1075 1069
1075 1070
1075 1071
1075 1072
1075 1073
1075 1074
1076 107
1076 175
1077 107
1077 1076
1078 1079
1080 242
1080 243
1081 242
1081 243
1081 1080
1082 1083
1084 766
1085 74
1086 867
1087 1086
1087 867
1088 142
1088 92
1089 142
1089 264
1090 561
1090 560
1090 562
1091 1090
1091 561
1091 560
1091 562
1092 284
1093 1094
1095 1094
1095 1093
1096 308
1096 310
1097 51
1097 32
1097 786
1097 31
1098 1097
1098 51
1098 32
1098 786
1098 31
1099 1100
1101 74
1102 1101
1102 74
1103 1101
1103 1102
1103 74
1104 1105
1106 1105
1106 1104
1107 850
1107 854
1107 932
1107 852
1107 853
1108 850
1108 854
1108 1107
1108 932
1109 850
1109 854
1109 1107
1109 1108
1109 932
1110 850
1110 854
1110 1107
1110 1108
1110 1109
1110 932
1111 850
1111 854
1111 1107
1111 1108
1111 1109
1111 1110
1111 932
1112 850
1112 854
1112 1107
1112 852
1112 853
1113 850
1113 1112
1113 854
1113 1107
1113 852
1113 853
1114 850
1114 1112
1114 854
1114 1107
1114 852
1114 1113
1114 853
1115 1116
1117 1116
1117 1115
1118 1116
1118 1115
1118 1117
1119 312
1120 1119
1120 312
1121 1119
1121 312
1121 1120
1122 1119
1122 312
1122 1120
1122 1121
1123 1124
1125 479
1125 142
1126 1127
1128 1127
1128 1126
1129 1130
1131 1130
1132 124
1132 51
1132 31
1133 124
1133 1132
1133 51
1133 31
1134 231
1135 1136
1137 395
1138 1137
1138 395
1139 460
1140 1139
1140 460
1141 1142
1143 521
1144 1145
1146 1147
1148 461
1149 1148
1149 461
1150 1148
1150 1149
1150 461
1151 1148
1151 1149
1151 1150
1151 461
1152 1153
1154 460
1155 1154
1155 460
1156 1157
1158 1157
1158 1156
1159 715
1159 716
1159 113
1160 1107
1160 854
1161 1107
1161 1160
1161 854
1162 1163
1164 1165
1166 1165
1166 1164
1167 357
1167 358
1167 359
1168 1169
1170 1169
1170 1168
1171 1169
1171 1168
1171 1170
1172 814
1173 303
1173 302
1174 883
1175 1174
1175 883
1176 789
1177 1176
1177 789
1178 1176
1178 1177
1178 789
1179 1176
1179 1177
1179 789
1179 1178
1180 696
1180 276
1180 695
1180 694
1180 277
1181 696
1182 696
1182 1181
1183 696
1183 1181
1183 1182
1184 1061
1184 207
1185 1184
1185 1061
1185 207
1186 1187
1188 1187
1188 1186
1189 1187
1189 1186
1189 1188
1190 1187
1190 1186
1190 1188
1190 1189
1191 1192
1193 1192
1193 1191
1194 357
1194 358
1194 31
1194 359
1195 1196
1197 948
1198 948
1198 1197
1199 948
1200 948
1200 949
1201 948
1201 1200
1201 949
1202 948
1202 1200
1202 1201
1202 949
1203 948
1203 1200
1203 1201
1203 1202
1203 949
1204 1205
1206 1207
1208 1207
1208 1206
1209 1207
1209 1206
1209 1208
1209 50
1210 1207
1210 1206
1210 1208
1210 1209
1211 839
1212 1213
1214 501
1215 1216
1217 1216
1217 1215
1218 1219
1220 1221
1222 1223
1224 1223
1224 1222
1225 1226
1227 1226
1227 1225
1228 1226
1228 1225
1228 1227
1229 1230
1231 494
1232 264
1232 142
1232 1089
1233 264
1234 264
1234 1233
1235 1130
1236 679
1237 359
1238 1237
1238 359
1239 344
1240 1239
1240 344
1241 1239
1241 1240
1241 344
1242 1239
1242 1240
1242 1241
1242 344
1243 1244
1245 500
1245 698
1245 694
1245 867
1246 1245
1246 1026
1247 1245
1247 1246
1247 1026
1248 1245
1249 43
1249 408
1250 43
1250 1249
1250 408
1251 43
1252 1187
1253 1252
1253 1187
1254 1252
1254 1253
1254 1187
1255 1252
1255 1253
1255 1254
1255 1187
1256 868
1256 277
1256 276
1256 867
1257 868
1257 1256
1257 277
1257 276
1257 867
1258 1259
1260 1261
1262 1263
1264 1263
1264 1262
1265 1193
1266 1265
1266 1193
1267 499
1267 73
1268 183
1269 1268
1269 183
1270 1271
1272 311
1272 521
1273 1274
1275 1274
1275 1273
1276 1061
1276 207
1276 324
1276 657
1277 1276
1277 1061
1277 207
1277 324
1277 657
1278 1276
1278 1061
1278 1277
1278 207
1278 324
1278 657
1279 1276
1279 1061
1279 1277
1279 207
1279 324
1279 1278
1279 657
1280 295
1281 1282
1283 1282
1283 1281
1284 1282
1284 1281
1284 1283
1285 1282
1285 1281
1285 1283
1285 1284
1286 308
1286 397
1287 1286
1287 308
1287 397
1288 1286
1288 1287
1288 308
1288 397
1289 1286
1289 1287
1289 308
1289 1288
1289 397
1290 1286
1290 1287
1290 308
1290 1288
1290 397
1290 1289
1291 475
1292 1291
1292 475
1293 1246
1293 1026
1293 1247
1294 988
1295 175
1295 1076
1296 175
1296 1295
1296 1076
1297 175
1297 1295
1297 1076
1297 1296
1298 285
1298 955
1299 1298
1299 285
1299 955
1300 865
1301 1225
1302 1303
1304 1303
1304 1302
1305 1303
1305 1302
1305 1304
1306 9
1307 1306
1307 9
1308 1309
1310 1309
1310 1308
1311 1312
1313 1311
1313 1312
1314 1311
1314 1312
1314 1313
1315 1311
1315 1312
1315 1313
1315 1314
1316 1311
1316 1312
1316 1313
1316 1314
1316 1315
1317 1311
1317 1312
1317 1313
1317 1314
1317 1315
1317 1316
1318 1311
1318 1312
1318 1313
1318 1314
1318 1315
1318 1316
1318 1317
1319 1311
1319 1312
1319 1313
1319 1314
1319 1315
1319 1316
1319 1317
1319 1318
1320 1311
1320 1312
1320 1313
1320 1314
1320 1315
1320 1316
1320 1317
1320 1318
1320 1319
1321 1311
1321 1312
1321 1313
1321 1314
1321 1315
1321 1316
1321 1317
1321 1318
1321 1319
1321 1320
1322 1311
1322 1312
1322 1313
1322 1314
1322 1315
1322 1316
1322 1317
1322 1318
1322 1319
1322 1320
1322 1321
1323 1311
1323 1312
1323 1313
1323 1314
1323 1315
1323 1316
1323 1317
1323 1318
1323 1319
1323 1320
1323 1321
1323 1322
1324 1311
1324 1312
1324 1313
1324 1314
1324 1315
1324 1316
1324 1317
1324 1318
1324 1319
1324 1320
1324 1321
1324 1322
1324 1323
1325 1311
1325 1312
1325 1313
1325 1314
1325 1315
1325 1316
1325 1317
1325 1318
1325 1319
1325 1320
1325 1321
1325 1322
1325 1323
1325 1324
1326 1311
1326 1312
1326 1313
1326 1314
1326 1315
1326 1316
1326 1317
1326 1318
1326 1319
1326 1320
1326 1321
1326 1322
1326 1323
1326 1324
1326 1325
1327 1311
1327 1312
1327 1313
1327 1314
1327 1315
1327 1316
1327 1317
1327 1318
1327 1319
1327 1320
1327 1321
1327 1322
1327 1323
1327 1324
1327 1325
1327 1326
1328 1311
1328 1312
1328 1313
1328 1314
1328 1315
1328 1316
1328 1317
1328 1318
1328 1319
1328 1320
1328 1321
1328 1322
1328 1323
1328 1324
1328 1325
1328 1326
1328 1327
1329 1311
1329 1312
1329 1313
1329 1314
1329 1315
1329 1316
1329 1317
1329 1318
1329 1319
1329 1320
1329 1321
1329 1322
1329 1323
1329 1324
1329 1325
1329 1326
1329 1327
1329 1328
1330 1311
1330 1312
1330 1313
1330 1314
1330 1315
1330 1316
1330 1317
1330 1318
1330 1319
1330 1320
1330 1321
1330 1322
1330 1323
1330 1324
1330 1325
1330 1326
1330 1327
1330 1328
1330 1329
1331 1311
1331 1313
1331 1314
1332 1333
1334 266
1334 264
1335 204
1336 1337
1338 679
1339 461
1340 1341
1342 1341
1342 1340
1343 1341
1343 1340
1343 1342
1344 494
1344 118
1344 143
1345 52
1345 53
1346 804
1346 276
1347 1346
1347 804
1347 276
1348 1346
1348 1347
1348 804
1348 276
1349 1346
1349 1347
1349 804
1349 1348
1349 276
1350 50
1350 1209
1351 50
1351 1350
1351 1209
1352 50
1352 1350
1352 1209
1352 1351
1353 1354
1355 1354
1355 1353
1356 1357
1358 1357
1358 1356
1359 196
1360 1359
1360 196
1361 1362
1363 92
1364 1363
1364 92
1365 1366
1367 1366
1367 1365
1368 1369
1370 1059
1371 1370
1371 1059
1372 1373
1374 1373
1375 1374
1376 1377
1378 282
1379 78
1380 226
1381 1380
1381 226
1382 1380
1382 1381
1382 226
1383 1380
1383 1381
1383 226
1383 1382
1384 932
1385 1384
1386 1384
1386 1385
1387 1384
1387 1385
1387 1386
1388 1384
1388 1385
1388 1386
1388 1387
1389 1384
1389 1385
1389 1386
1389 1387
1389 1388
1390 1391
1392 1391
1392 1390
1393 932
1393 1384
1394 1039
1395 1039
1395 1394
1396 1039
1396 1394
1396 1395
1397 228
1397 864
1398 1397
1398 228
1398 864
1399 1397
1399 1398
1399 228
1399 864
1400 1401
1402 1403
1404 51
1404 31
1405 1406
1407 9
1408 509
1408 507
1408 508
1409 509
1409 1408
1409 507
1409 508
1410 509
1410 1408
1410 1409
1410 507
1410 508
1411 789
1412 1413
1414 1413
1414 1412
1415 1374
1415 1373
1416 1415
1416 1374
1416 1373
1417 1415
1417 1416
1417 1374
1417 1373
1418 1419
1420 1421
1422 1421
1422 1420
1423 1421
1423 1420
1423 1422
1424 290
1425 32
1425 31
1425 51
1426 1425
1426 32
1426 31
1427 276
1428 276
1428 1427
1429 276
1429 1427
1429 1428
1430 639
1431 1430
1431 639
1432 1430
1432 639
1432 1431
1433 1061
1433 207
1434 1433
1434 1061
1434 207
1435 59
1435 60
1436 1435
1436 59
1436 60
1437 1435
1437 1436
1437 59
1437 60
1438 1435
1438 1436
1438 1437
1438 59
1438 60
1439 1435
1439 1436
1439 1437
1439 1438
1439 59
1439 60
1440 1435
1440 1436
1440 1437
1440 1438
1440 1439
1440 59
1440 60
1441 1442
1443 318
1443 598
1444 318
1444 598
1444 1443
1445 318
1445 598
1445 1443
1445 1444
1446 318
1446 598
1446 1443
1446 1444
1446 1445
1447 598
1447 732
1448 1449
1450 1449
1450 1448
1451 1449
1451 1448
1451 1450
1452 598
1452 596
1453 1454
1455 1456
1457 1458
1459 1458
1460 499
1460 73
