65 67
100 101
30 84
61 95
72 73
73 93
94 95
66 76
75 78
72 92
73 82
62 100
71 75
75 83
31 74
96 97
52 58
6 7
30 79
73 97
76 77
30 66
73 75
59 62
75 77
72 89
71 78
7 58
31 73
58 65
70 75
65 68
28 72
76 82
64 69
81 86
86 93
66 88
30 82
30 58
60 62
9 52
72 86
71 77
84 97
66 97
31 76
28 66
86 100
74 84
64 66
66 93
66 72
73 86
90 99
52 64
74 79
71 80
94 101
86 97
30 70
76 84
62 84
83 100
72 74
73 92
81 97
71 74
58 77
72 80
75 82
103 104
59 86
94 102
30 76
22 52
4 28
73 96
84 86
30 67
7 71
66 84
30 86
73 74
96 100
66 67
73 95
75 76
72 90
83 84
71 73
2 7
49 72
90 91
70 72
84 88
30 73
5 7
73 99
76 83
64 70
66 89
30 83
59 60
79 91
60 63
68 71
74 75
72 87
62 99
71 76
51 58
79 84
75 92
86 101
30 74
30 31
93 99
64 67
66 90
74 98
72 78
66 73
30 99
72 84
71 83
66 99
58 68
73 100
74 91
75 91
91 100
82 84
98 100
93 102
66 80
7 14
72 75
60 99
66 74
67 104
51 65
51 52
66 100
30 77
84 100
84 87
31 82
66 85
7 30
73 94
67 103
72 91
73 83
71 72
59 99
69 104
75 79
83 87
31 75
65 85
59 84
84 89
94 96
73 98
30 93
81 84
61 86
66 86
30 80
79 100
59 63
73 89
58 85
72 88
70 71
71 79
84 99
58 64
31 78
84 94
74 82
30 75
31 91
65 69
64 68
84 101
74 99
99 100
72 79
7 85
66 70
73 84
60 61
93 94
72 85
71 82
51 69
84 96
66 96
58 69
31 77
62 63
74 88
87 98
74 87
63 99
70 90
76 86
64 65
86 89
95 102
72 76
88 89
74 78
75 84
72 82
71 81
51 64
91 98
61 101
