26 47
47 54
8 44
9 41
40 41
13 17
1 6
34 35
11 47
2 5
9 51
19 55
13 32
12 40
3 24
20 48
26 53
8 24
23 54
6 10
11 22
8 41
6 25
12 17
11 27
33 39
49 58
35 36
34 36
9 14
4 5
3 23
20 53
37 38
8 21
11 21
27 40
0 1
12 54
22 25
3 12
36 41
8 12
40 54
12 39
3 18
39 42
15 16
9 45
40 45
3 11
8 9
42 47
12 36
37 47
4 31
3 17
12 55
53 76
8 45
6 29
12 13
8 32
40 42
12 24
1 5
13 29
9 50
12 41
3 27
20 49
27 54
13 44
9 20
13 57
45 47
10 19
8 42
46 102
12 18
11 26
0 5
23 47
33 38
49 57
35 39
34 37
24 53
3 5
11 45
25 40
24 40
38 39
4 6
3 22
12 46
8 22
14 25
13 47
11 20
23 33
48 57
12 23
3 15
10 37
1 3
8 13
15 55
34 38
12 32
42 43
41 54
3 21
10 15
26 40
14 26
46 47
11 14
43 56
32 33
41 47
3 10
10 38
34 43
8 10
24 47
36 47
31 49
9 11
13 40
20 40
3 16
11 56
9 24
26 45
39 40
11 13
8 46
6 18
12 14
9 47
8 33
21 23
1 4
33 47
50 58
3 9
9 49
34 44
49 76
3 26
11 50
8 26
13 43
4 29
9 27
20 24
10 16
8 43
27 47
11 29
0 6
33 37
14 58
10 33
35 38
23 27
2 4
9 12
17 47
12 47
3 25
10 11
8 23
5 6
24 26
10 21
8 40
23 32
22 40
19 77
0 3
3 14
10 34
1 2
8 14
34 39
35 37
12 33
20 57
12 44
3 20
10 12
8 20
56 57
6 22
27 41
8 37
40 47
3 13
10 39
34 40
8 11
40 53
12 38
3 19
6 12
11 12
48 49
12 15
11 17
8 34
40 44
3 8
19 56
9 48
10 55
8 27
13 42
4 30
