31 1404
119 723
431 438
618 831
426 427
654 657
833 835
248 252
125 126
263 268
668 669
1061 1279
238 327
1450 1451
183 1268
424 425
639 1430
653 657
290 291
32 618
1448 1449
74 288
814 816
479 480
1208 1209
113 114
336 337
945 946
50 534
250 846
1168 1169
118 950
246 251
436 437
536 539
262 266
588 589
1286 1290
493 1008
1209 1351
1356 1357
31 1133
31 126
1276 1277
283 284
24 189
908 910
74 1041
541 542
717 719
56 58
833 836
105 106
204 210
617 618
249 251
142 143
270 271
475 1291
882 883
1119 1122
1129 1130
107 108
371 372
357 360
33 34
250 879
290 1424
357 1194
109 110
31 51
181 182
51 1425
289 560
325 652
442 604
621 622
719 720
1277 1279
142 1089
359 1238
1209 1352
192 285
48 50
118 1344
204 328
74 287
271 272
310 384
49 51
527 528
560 562
1009 1011
325 326
581 582
207 1278
707 715
308 832
85 670
561 1090
308 1286
617 831
368 371
617 1048
74 707
249 252
213 494
966 967
69 709
50 953
67 1005
244 245
655 675
1082 1083
41 579
1268 1269
618 620
41 43
261 384
312 1121
264 549
367 368
51 126
247 249
615 616
656 658
259 386
434 438
673 675
44 46
180 182
812 814
204 327
45 47
309 311
509 1409
50 51
190 191
287 290
462 463
562 563
834 835
1363 1364
24 351
207 1434
508 510
707 726
205 206
51 785
1130 1235
93 96
68 141
119 724
505 506
825 826
41 580
208 212
883 1174
67 708
142 264
63 65
285 955
385 387
42 43
74 75
214 215
810 811
36 37
950 951
982 983
1206 1207
673 676
601 603
174 175
354 355
109 872
397 1288
261 566
663 666
432 435
709 911
358 1167
84 910
835 837
32 124
69 222
74 610
91 93
324 1276
561 562
91 667
205 237
562 1090
1115 1117
93 95
43 1251
617 809
179 485
153 154
369 373
424 659
632 633
43 408
431 432
615 617
31 1194
971 973
1061 1277
118 724
492 494
157 158
644 645
925 926
113 715
141 143
269 271
405 407
32 620
422 693
653 655
917 919
1448 1451
386 387
638 639
479 482
642 643
609 672
1168 1171
435 436
1015 1016
283 605
145 146
74 264
246 249
657 658
726 830
262 264
1014 1017
1169 1170
264 1089
557 558
1286 1288
92 213
283 286
1295 1297
264 1232
655 656
707 708
24 191
175 1297
383 385
847 848
886 887
359 1167
74 710
616 617
283 298
113 716
371 374
655 676
120 950
51 535
1286 1287
543 544
53 173
547 549
129 130
641 642
285 1298
284 286
143 313
660 661
90 93
143 213
367 373
708 911
473 474
985 986
84 924
51 1132
681 683
48 52
207 324
353 810
32 712
207 1061
494 898
115 117
540 613
68 69
204 237
444 445
485 486
712 725
861 862
113 959
192 299
368 373
690 691
716 830
891 1054
32 1097
87 88
723 724
97 98
1121 1122
358 359
41 577
124 126
892 894
324 1061
31 179
127 558
1045 1046
124 534
408 409
1209 1210
43 180
367 370
615 618
247 251
251 252
384 386
434 436
1408 1410
917 1012
384 832
577 579
118 952
44 205
189 190
207 212
113 523
560 1091
604 605
657 1278
92 660
146 147
674 675
914 915
107 1077
1170 1171
127 128
871 873
177 178
369 370
31 358
608 609
1018 1019
1120 1121
1146 1147
52 53
84 85
32 51
68 143
428 429
426 428
431 437
610 799
118 723
127 684
248 249
654 658
707 1042
1016 1017
68 149
204 970
93 292
35 36
75 77
183 1054
876 878
259 566
37 38
175 1076
207 451
242 1080
207 1184
252 253
260 261
451 917
32 785
361 362
397 1286
577 580
432 437
1208 1210
113 524
493 1011
32 126
91 95
235 236
324 1278
1207 1208
493 737
31 125
324 326
173 174
179 487
373 374
941 942
206 237
74 1042
52 617
431 434
308 1096
786 1097
263 264
176 178
1287 1288
1119 1121
475 730
644 647
22 23
918 919
1002 1003
252 880
965 966
1130 1131
955 1298
311 521
74 1103
125 534
74 469
435 438
715 1159
359 1237
92 94
310 397
860 862
524 525
1116 1118
1260 1261
678 704
680 682
712 714
579 580
53 831
207 1277
52 870
264 1234
655 658
707 710
183 891
383 387
22 191
51 468
298 604
359 360
74 607
91 96
623 624
206 970
118 120
204 206
308 310
1351 1352
617 725
813 815
50 954
32 1425
120 952
33 38
34 37
124 1132
915 916
983 984
261 387
1206 1209
90 91
838 840
1350 1352
51 125
247 252
469 470
250 253
259 385
384 397
645 647
1357 1358
216 217
48 54
984 985
243 1081
183 1056
32 714
508 1409
67 93
92 1088
443 444
308 398
32 535
159 161
287 289
834 836
1457 1458
712 727
207 1433
28 29
220 221
716 1159
217 219
1054 1055
370 373
67 292
208 209
288 289
480 481
657 1061
204 737
52 86
31 1426
1040 1041
357 359
74 76
43 182
264 266
1288 1290
53 521
433 437
265 267
353 710
1433 1434
266 547
354 356
722 724
523 525
663 665
1076 1297
93 668
721 723
822 824
657 1276
31 467
143 899
246 879
92 662
67 668
308 1289
92 96
22 351
119 120
175 1295
427 428
559 684
209 1061
886 889
887 888
1152 1153
654 656
782 784
29 51
1425 1426
839 1211
118 721
154 605
248 251
1276 1278
50 125
183 1269
494 1231
639 1431
35 38
653 658
32 617
814 1172
74 291
259 260
265 268
327 328
451 452
469 472
479 481
656 657
266 267
1276 1279
290 969
451 919
246 250
126 535
536 538
721 724
493 1009
249 289
1207 1210
158 388
66 69
525 959
283 285
31 486
1094 1095
31 786
116 117
74 1040
178 613
908 909
142 493
717 720
56 57
833 837
1080 1081
617 619
204 209
263 266
1287 1290
238 329
452 1012
910 1047
1123 1124
371 373
33 35
284 1092
1430 1432
964 965
29 308
74 1101
31 48
621 623
521 1143
521 522
31 443
90 94
962 963
142 1088
246 253
262 268
467 468
209 324
192 284
48 49
560 561
960 961
1249 1250
210 451
206 208
486 487
538 539
149 150
712 716
718 720
909 910
422 639
207 1279
441 442
707 712
953 954
561 1091
178 540
22 189
74 353
1258 1259
143 494
507 508
368 370
617 620
891 1053
1019 1020
249 253
1184 1185
54 55
938 939
893 894
451 1012
32 615
33 36
620 1048
968 969
127 557
34 35
252 289
983 986
1298 1299
261 385
51 1098
312 1120
311 1272
31 1098
264 548
160 161
352 353
367 369
433 434
250 251
142 1232
259 387
262 263
44 45
76 77
180 181
216 219
646 647
246 880
715 726
812 813
25 26
537 538
31 534
872 874
509 1410
359 1194
31 468
287 291
675 676
146 148
674 676
914 916
507 1408
1051 1052
372 374
68 691
291 470
29 30
508 509
1053 1054
31 357
440 442
1018 1020
50 1351
1061 1433
1449 1450
242 243
370 371
654 655
154 298
782 783
250 880
883 1175
439 440
491 492
951 952
67 709
289 290
545 546
308 567
1233 1234
91 142
264 268
437 438
877 878
183 1053
722 723
408 1250
1061 1184
249 879
109 873
32 707
397 1289
67 68
207 208
432 434
783 784
835 836
32 123
68 668
234 235
362 363
561 563
91 213
205 238
53 1345
1093 1094
715 716
1174 1175
664 666
31 940
369 374
206 238
119 722
431 433
786 1098
833 834
1061 1278
204 212
248 253
69 422
492 493
532 533
118 143
1448 1450
141 144
653 656
1295 1296
422 692
74 289
452 917
144 494
336 338
1168 1170
435 437
50 535
67 911
249 880
145 147
118 951
246 248
385 566
436 438
204 493
262 267
1014 1016
557 559
1169 1171
1209 1350
1356 1358
31 1132
713 714
66 67
206 207
718 719
1090 1091
655 657
707 709
847 849
283 442
891 1056
218 219
51 467
730 731
708 709
717 718
204 211
707 830
57 58
249 250
283 299
679 1236
34 38
298 299
641 643
31 50
285 1299
284 285
726 727
1277 1278
1206 1210
289 846
90 92
145 148
473 475
814 815
51 1133
812 816
48 51
353 811
204 329
560 563
1076 1295
207 657
49 50
1009 1010
622 624
679 1338
707 714
485 487
665 666
1144 1145
308 1287
192 298
507 510
368 372
891 1055
807 808
213 493
87 89
69 708
97 99
370 374
655 674
264 1004
41 578
124 125
52 831
328 737
892 893
127 559
941 974
31 1425
41 42
127 204
1101 1103
92 1364
52 521
312 1122
143 1010
43 181
898 899
367 371
615 619
266 1334
247 248
251 253
384 385
673 674
44 47
180 183
812 815
526 528
632 679
917 1013
45 46
237 238
309 310
44 204
189 191
560 1090
509 1408
657 1279
249 846
92 667
507 1410
617 807
291 472
369 371
118 119
31 359
1418 1419
285 478
32 50
68 142
118 722
439 442
491 494
521 1272
50 126
31 32
63 64
92 1363
35 37
385 386
1409 1410
261 383
328 493
36 38
183 1055
715 830
838 839
127 211
876 877
358 1194
324 657
266 268
1132 1133
207 1185
312 313
601 602
214 1001
109 871
357 1167
361 363
207 210
397 1287
432 436
113 525
32 125
91 92
1115 1116
1207 1209
324 1277
562 1091
93 94
324 325
43 1250
31 485
173 175
617 808
369 372
31 785
836 837
1117 1118
178 614
142 494
78 1379
431 435
972 973
1061 1276
267 268
716 726
971 972
263 265
176 177
481 482
1287 1289
1291 1292
1431 1432
475 731
250 289
113 1159
141 142
269 270
405 406
644 646
653 654
917 918
955 1299
965 967
88 89
74 1102
125 535
283 604
262 265
848 849
310 311
682 683
822 823
1286 1289
92 93
860 861
1116 1117
328 329
31 123
680 681
712 713
622 623
264 1233
707 711
175 1296
383 384
74 937
161 856
143 493
204 205
308 309
52 1345
475 1292
616 618
678 703
142 283
712 830
813 816
639 1432
51 534
120 951
547 548
34 36
725 1048
983 985
51 1097
143 312
660 662
950 952
31 1097
367 372
615 620
1206 1208
247 253
469 471
250 252
681 682
873 874
48 53
526 527
508 1408
32 713
206 212
74 1085
494 899
115 116
540 614
823 824
443 445
308 397
32 534
1008 1009
1076 1077
154 283
204 238
707 716
1141 1142
712 726
143 1344
291 469
491 637
368 374
32 1098
50 1352
519 520
370 372
67 1006
917 920
74 799
123 192
143 283
397 567
51 1404
406 407
534 535
618 619
1376 1377
264 1334
124 535
479 1125
1430 1431
78 536
29 384
264 265
43 183
488 489
69 911
433 438
92 142
247 250
919 1013
1288 1289
384 387
434 437
1076 1296
577 578
29 786
44 206
93 669
604 606
657 1277
31 464
234 236
118 494
92 661
107 1076
67 669
308 1288
871 872
1120 1122
1135 1136
427 429
52 173
887 889
51 786
886 888
119 721
431 436
426 429
154 604
29 832
248 250
1097 1098
53 617
259 383
50 124
68 150
310 1096
615 831
23 24
75 76
147 148
74 290
259 261
327 329
451 453
620 725
422 423
78 80
242 1081
474 475
550 551
290 968
602 603
725 726
1101 1102
32 786
32 711
126 534
536 537
432 438
493 1010
252 846
91 94
1115 1118
324 1279
955 956
66 68
31 124
1237 1238
43 74
31 487
179 486
509 510
725 727
43 567
69 692
46 47
98 99
558 559
204 208
890 891
263 267
95 96
238 328
1119 1120
48 940
1296 1297
358 360
74 113
1089 1232
621 624
31 49
888 889
252 879
494 1344
142 213
32 809
246 252
39 40
815 816
29 123
609 671
92 95
192 283
142 1125
677 678
680 683
712 715
308 384
207 1276
212 970
422 638
707 713
1278 1279
183 890
383 386
74 352
204 1335
298 605
1195 1196
507 509
368 369
1441 1442
204 207
308 311
265 430
270 272
493 494
813 814
1005 1006
32 1426
29 32
451 1013
655 673
33 37
1053 1056
124 1133
79 80
261 386
312 1119
839 840
264 547
367 374
51 124
246 247
433 435
1014 1015
259 384
384 398
645 646
1270 1271
216 218
48 55
984 986
243 1080
508 1410
872 873
25 27
537 539
31 535
54 648
69 668
834 837
159 160
287 288
671 672
703 704
721 722
507 1409
28 30
50 1209
220 222
372 373
68 690
29 31
1053 1055
217 218
95 667
440 441
50 1350
1061 1434
493 637
1449 1451
355 356
208 210
288 290
439 441
491 493
495 496
611 612
22 24
918 920
221 222
357 358
74 77
32 1048
264 267
452 453
433 436
613 614
265 266
663 664
1289 1290
1408 1409
78 79
434 435
1102 1103
1458 1459
53 870
408 1249
1061 1185
109 874
397 1290
523 524
67 69
64 65
93 667
207 209
209 210
26 27
142 479
143 898
337 338
432 433
661 662
1015 1017
291 353
1093 1095
84 670
1350 1351
633 634
308 1290
664 665
43 1249
879 880
871 874
