0 1
0 11
0 12
0 22
0 28
0 29
0 35
0 78
0 107
0 111
0 112
0 114
0 115
1 7
1 14
1 19
1 20
1 21
1 24
1 25
1 30
1 31
1 32
1 33
1 38
1 39
1 60
1 64
1 80
1 81
1 84
1 86
1 89
1 90
1 91
1 92
1 104
1 108
1 113
1 116
1 117
2 3
2 4
2 5
2 23
2 72
2 73
3 4
3 5
3 6
3 23
3 42
3 93
3 94
4 5
4 23
4 42
4 72
4 73
4 103
5 8
5 42
5 87
5 88
8 9
8 10
8 26
8 37
8 83
9 10
10 11
10 46
10 49
10 83
11 27
11 29
11 46
11 49
11 53
11 54
11 55
11 56
11 58
11 63
11 68
11 69
11 70
11 71
11 82
11 97
11 100
11 101
11 102
11 107
13 14
14 19
14 20
14 21
14 52
14 65
14 74
15 16
15 17
15 18
16 17
16 18
16 23
16 77
16 85
17 18
19 20
19 21
19 24
20 21
21 43
21 48
21 60
22 79
23 36
23 44
23 47
23 72
23 73
23 75
23 76
23 77
23 85
23 93
23 94
23 98
23 99
23 103
23 105
23 106
26 34
26 37
26 57
27 96
29 78
29 115
30 31
30 32
30 33
31 32
31 33
32 33
35 40
35 41
38 39
40 41
45 46
46 49
50 51
50 52
50 61
50 62
51 52
52 61
52 62
52 65
52 74
54 58
55 56
55 59
55 95
55 109
55 110
59 95
61 62
65 66
65 67
65 74
66 67
68 69
68 70
68 71
69 70
69 71
70 71
71 100
71 101
71 102
72 73
75 76
76 98
77 85
78 115
80 81
87 88
89 90
91 113
93 94
94 99
100 101
100 102
101 102
105 106
107 114
109 110
116 117
