14 74
65 67
1 108
40 41
35 41
1 64
80 81
1 117
29 115
14 52
107 114
0 111
11 63
19 24
1 84
1 31
0 1
1 89
1 38
14 21
21 43
1 21
30 32
0 115
22 79
1 60
1 33
65 66
20 21
78 115
35 40
52 74
0 11
0 112
50 61
1 116
14 19
1 19
50 51
66 67
50 62
38 39
11 107
14 65
1 30
50 52
31 33
61 62
52 61
30 31
1 20
0 28
32 33
30 33
1 86
1 25
1 91
1 14
52 65
21 48
29 78
1 32
19 21
0 22
0 78
1 81
0 12
51 52
11 29
1 92
1 7
1 104
31 32
116 117
21 60
1 113
52 62
89 90
65 74
0 29
1 24
1 90
0 107
1 39
14 20
19 20
13 14
1 80
0 114
91 113
11 53
0 35
