27 96
11 68
100 101
54 58
23 98
72 73
10 46
2 5
5 8
11 27
23 44
4 5
3 23
23 72
71 100
105 106
26 37
5 87
55 56
17 18
4 73
68 70
2 73
109 110
11 58
15 16
69 70
8 9
55 110
11 97
77 85
4 42
4 103
11 71
100 102
2 23
3 6
11 46
55 109
46 49
16 23
16 85
23 47
75 76
11 102
3 5
23 94
94 99
23 75
26 34
55 59
11 82
23 103
68 71
11 101
23 93
3 94
16 17
23 36
23 106
8 10
11 55
3 93
11 56
59 95
23 77
11 70
5 42
23 105
2 3
8 26
55 95
11 69
45 46
23 99
3 4
2 4
26 57
11 49
10 11
3 42
71 102
10 83
5 88
11 100
70 71
10 49
23 73
4 23
71 101
15 18
8 37
16 18
16 77
76 98
4 72
68 69
2 72
93 94
101 102
11 54
9 10
8 83
23 76
87 88
15 17
69 71
23 85
