0 6 22 40 88 142 143 154 169 193 201 202 210 218 233 256 261 283 305 315 317 343 359 376 377 385 396 402 424 436 448 488 500 513 540 551 556 570 581
1 2 9 39 43 52 60 72 96 103 145 147 178 179 208 216 232 241 248 287 291 310 337 338 347 351 401 423 458 466 474 476 477 480 481 516 529 538 560 567 594
2 12 61 69 94 100 113 135 168 170 174 206 228 231 258 278 325 333 345 354 366 382 383 459 502 506 566 572
3 17 24 35 81 97 138 163 235 238 255 262 265 267 295 358 393 455 463 501 507 525 526 546 549 564
4 27 106 110 111 114 116 139 151 156 162 227 251 274 340 372 490 505 552 576 586 599
5 13 15 20 37 55 92 95 112 128 153 155 157 165 209 213 243 253 256 286 290 300 311 321 323 334 335 348 353 429 441 442 447 450 463 468 469 495 522 532 541 545 554 563 565 582 584
7 16 23 34 46 47 68 77 83 161 198 266 299 306 309 361 362 365 369 424 431 473 493 518 579 596
8 123 128 164 175 176 222 224 413 453 470
10 41 50 133 137 152 173 196 207 217 250 284 316 356 397 398 433 484 496 535 542 580 587 591
11 25 31 82 114 120 124 126 141 144 197 204 244 270 272 285 325 344 357 360 364 374 390 391 392 415 416 427 437 451 461 479 483 486 487 494 503 504 537 539 550 553 558 559 563 569 575
14 79 105 108 109 132 195 205 254 257 281 301 331 434 445 460 497 561 568 571 577
15 53 63 71 74 101 104 110 117 134 136 184 189 221 252 260 277 328 336 346 349 388 394 416 421 428 508 527 534 548 574 589
18 177 182 203 246 294 329 375 380 384 440 449 464 472
19 26 38 54 67 73 75 99 115 146 215 223 230 237 263 264 314 327 352 387 400 404 415 425 475 499 512 543 555 573 585 590
21 64 97 98 140 185 214 236 249 308 355 446
28 33 49 51 86 93 107 117 125 127 131 150 180 188 220 247 259 288 296 302 318 319 320 339 342 370 386 406 408 417 419 426 444 482 485 515 519 521 557 562 571 578 595 598
29 42 78 84 91 275 379 414 454 457 489
30 56 149 212 270 273 289 326 330 409 410
32 171 190 200 282 371 430 456 471 478 511 531
36 65 90 129 130 183 219 239 298 312 322 395 403 438 443 517 524
44 187 229 240 276 293 303 467 491 498 565
45 48 62 66 87 89 102 172 186 199 242 297 405 420 439 509 510 514 523 544
57 70 80 121 159 160 167 192 268 269 292 302 350 407 422 435 452 520 547 592 597
58 148 226 234 280 313 321 324 389 432 465
59 85 118 119 158 166 191 194 211 225 245 271 307 332 341 363 373 378 381 412 418 462 492 528 530 533 536 583 588 593
76 122 181 201 279 304 367 368 399 411
