0 24 25 29 77 87 117 221 230 290 337 348 419 431 511 522 540 544 580 589
1 3 16 19 44 48 89 125 134 135 157 178 180 190 194 231 241 249 259 271 305 323 335 336 345 362 390 393 400 401 405 412 423 438 445 448 458 477 487 532 559 582 584 591
2 46 60 67 95 98 143 164 177 185 266 274 281 292 299 314 315 328 332 424 437 455 461 481 482 505 514 516 573 581 585
4 15 21 35 37 84 90 106 123 138 150 151 175 176 193 198 201 208 223 239 252 264 277 279 289 302 308 321 389 440 442 499 503 527 529 548 553 554 560 571 579 595 598
4 14 18 27 28 50 70 81 91 126 129 191 209 232 233 244 245 247 260 295 301 331 351 364 368 374 376 383 384 399 418 426 432 433 445 488 509 512 528 567 570 574 577
5 45 53 68 79 131 141 171 187 197 212 219 228 265 311 362 363 387 395 402 411 463 537 557 588 597
6 34 36 43 128 136 149 168 169 184 199 204 206 220 238 287 306 309 313 334 343 346 372 407 417 446 449 462 508 538 547 556 576
7 65 82 109 114 127 130 145 148 151 207 215 217 222 254 262 280 285 296 312 330 341 396 453 467 506 521 536 559 572
8 9 40 42 61 69 75 76 104 112 173 174 189 235 236 243 248 255 258 267 286 294 311 316 392 404 422 444 472 473 478 501 519 525 535 546 552 558 587 594
10 84 85 88 139 158 282 325 326 429 504 566
11 20 47 52 132 140 172 319 349 365 370 413 469 491 502 541 595 599
12 22 49 51 57 58 96 97 99 105 108 115 133 146 183 261 263 273 300 347 353 360 366 367 373 379 386 403 420 421 451 452 459 468 474 486 493 520 535 549 561 564 590
13 23 41 54 78 113 124 161 163 165 179 182 185 186 202 225 256 270 283 284 310 329 352 375 377 378 406 409 421 475 490 494 530 531 550 569 593
17 59 64 72 94 102 103 119 147 152 154 192 218 224 240 246 293 339 354 358 380 391 394 409 416 427 428 430 447 466 476 479 493 526 565 568 586 596
21 31 74 110 120 155 200 213 226 227 251 275 297 342 361 443 480 533 555
26 33 83 93 111 137 160 188 195 203 214 269 320 328 356 359 408 434 435 439 517 569
30 66 101 107 144 211 272 298 318 338 369 398 425 454 498 523 545 592
32 181 303 327 414 441 456 465 471 534 543
38 63 80 86 106 116 166 170 205 229 257 324 340 344 355 357 371 382 436 443 457 460 507 563
39 56 71 73 142 153 210 234 291 317 381 385 410 415 450 464 484 496 497 513 518 539 542 562
55 62 100 162 250 253 268 350 500 510 575 596
92 121 122 159 196 216 237 276 304 333 388 470 483 485 489 492 495 515 524 551 578 583
118 156 167 208 242 278 288 307 322 397
