0 16 26 49 56 64 80 114 117 119 130 132 172 177 195 209 216 232 257 307 320 341 351 378 391 395 397 409 425 428 471 499 502 534 551 559 569 571 585 593 598
1 20 24 29 39 62 67 85 86 88 108 149 156 162 184 197 204 215 227 297 310 313 327 337 363 392 402 412 416 422 451 508 554 566 577 587 599
2 9 13 18 28 32 45 70 94 95 124 129 137 142 158 159 164 171 178 191 201 219 226 228 250 253 290 322 369 417 420 443 458 462 478 513 529 541 545 546 549 551 560 561 584
2 3 38 65 72 73 77 111 138 147 154 160 161 210 214 245 268 274 276 290 295 303 325 330 344 357 360 368 403 426 459 497 498 543 547 552 563 578
4 12 76 112 128 155 167 200 212 225 243 246 280 448 453 480 482
5 14 44 91 261 298 309 362 371 405 411 435 468 473 504 506 527
6 21 58 68 122 140 144 187 217 248 249 265 300 304 308 331 347 352 370 373 430 433 446 510 531 536 548 568 570 589
7 8 50 54 61 83 139 196 236 269 277 278 306 315 318 406 407 419 491 503 509 515 576
8 22 37 51 69 92 169 181 213 222 227 229 230 233 234 241 282 287 291 324 326 346 363 379 382 399 401 418 451 477 479 493 501 519 550 557 581 592 596
10 42 52 89 180 206 266 333 393 426 447 449 474 489 524
11 19 28 35 63 71 78 87 93 145 151 168 182 264 279 338 372 385 424 460 485 487 518 528 540 588 590
15 43 74 163 175 220 239 336 445 452 455 515
17 34 47 59 96 98 101 105 166 213 221 258 296 345 358 429 444 461 486 522 523 533 565 567 573 589 595
23 46 107 134 211 240 242 255 272 275 285 342 374 384 394 404 432 436 441 464 465 469 496 507
25 109 110 115 152 199 207 223 247 293 366 380 467 490 512
27 53 81 113 121 127 133 148 153 188 190 205 263 284 286 288 321 332 349 364 408 423 437 470 483 517 537 555 556
30 136 165 198 235 270 302 317 355 381 413
31 41 123 131 170 176 294 316 328 334 365 375 377 427 434 472 514 526 553
33 36 100 104 118 126 141 146 185 186 224 238 292 323 329 346 421 432 438 450 454 460 475 494 511 538 572 574 575 580 582 591
40 106 157 203 262 281 301 335 350 353 439
48 66 82 90 101 116 194 244 252 254 354 386 540
55 193 202 208 256 273 356 389 396 415 440 484 492 495 516 521 542
57 60 97 99 102 179 183 237 245 260 283 305 340 361 367 390 400 414 488 525 562 579
75 120 189 192 311 312 343 348 387 441 442 463
79 84 103 135 143 150 173 174 259 271 314 319 339 359 383 388 410 466 500 530 532 539 544 558
125 218 226 231 251 267 289 299 376 398 431 456 457 476 481 505 520 535 564 583 586 594 597
