0 20 22 33 35 38 86 143 151 164 166 172 189 198 212 244 252 256 263 274 275 289 297 312 353 358 373 384 387 411 417 429 431 435 438 441 457 461 466 492 522 525 541 548 583 589 595
1 63 64 80 99 104 122 131 134 142 156 162 179 210 222 229 242 253 260 267 304 308 325 379 386 398 434 437 452 457 470 474 499 532 536 539 547 561 563 579
2 12 24 74 77 111 117 146 149 160 208 240 303 334 380 385 397 448 477 513 582 592
3 13 17 19 29 49 52 96 119 161 167 192 193 217 221 278 309 314 327 415 435 453 460 463 467 490 498 521 527 537 538 553 554 568
4 15 127 301 316 333 382 455 479 542 544
5 9 21 39 40 42 45 56 65 67 97 109 157 173 180 182 194 196 202 223 237 290 295 318 336 342 350 365 374 375 378 388 399 402 405 428 433 447 458 475 486 516 526 529 549 562 564 567
6 8 16 25 60 188 190 199 243 250 287 293 306 331 337 359 383 401 480 500 507 512 569 585
7 184 197 219 245 298 335 367 523 586
10 62 78 81 165 187 213 220 324 354 369 395 439 487 528 598
11 59 69 72 92 94 117 152 159 206 234 262 267 291 307 310 394 408 421 454 485 530 534 535 540 550 560
14 113 230 254 403 476 478 508 514 545
18 31 53 58 79 83 87 106 120 123 140 155 171 177 191 214 224 227 231 241 292 297 302 323 340 345 348 349 351 355 363 365 372 390 412 413 418 423 424 425 450 456 491 501 504 506 517 518 543 551 573 578 581 587 597
23 89 95 102 144 169 185 202 247 251 257 261 279 281 311 322 328 332 343 357 361 370 376 388 391 392 400 404 407 430 440 442 468 481 482 488 493 502 531 552 599
26 28 30 32 47 54 85 93 100 124 132 145 150 170 183 201 226 233 235 236 268 270 282 291 294 315 366 420 436 443 444 446 462 473 484 546 547 574 593 596
27 43 71 101 103 121 153 154 216 225 296 344 371 410 431 505 510 565
34 41 46 48 55 70 75 98 105 115 129 139 181 186 195 200 246 258 269 271 272 273 288 299 313 352 356 368 372 382 416 419 426 432 438 459 471 472 489 495 511 515 519 520 533 584 588 591 594
36 37 76 107 110 175 205 266 427 497 570
44 91 108 239 255 263 264 283 286 393 418 464 469 558
50 57 61 66 68 82 111 118 130 136 148 158 168 204 209 215 218 228 238 277 280 317 319 326 329 330 338 347 362 364 377 406 465 494 496 572 576 577
51 116 135 176 249 339 341 360 389 503 509 559 566 571
73 84 112 125 126 128 141 147 163 174 178 203 207 232 259 276 285 321 340 346 396 409 422 445 449 555 556 557 575
88 138 265 284 300 381 414 451 483 504 524 580
90 114 129 133 137 211 248 305 320 590
