0 4 35 49 57 73 89 108 140 143 210 220 231 234 275 278 288 292 319 324 356 401 403 449 468 474 539 540 551 579 584
1 37 94 115 155 182 247 365 368 377 388 420 431 465 483 492 506 529 565
2 10 20 33 51 90 102 137 148 168 189 301 303 380 432 500 519 538 542 571
3 16 52 70 104 119 186 229 249 276 331 372 452 491 495 556 574 586
5 18 83 97 114 154 160 214 222 228 232 250 255 273 282 318 345 350 353 371 390 395 407 434 444 450 471 545 548 589 597
6 21 30 91 126 167 213 265 314 328 338 358 368 398 467 490 493 555 557 560 562 566 567
7 56 69 75 86 118 128 194 254 313 323 374 481 528 552
8 32 54 66 71 117 131 150 179 185 209 212 219 246 261 289 302 327 351 364 369 380 414 427 430 437 447 458 466 472 477 486 489 499 509 530 535 541 546 585 598
9 77 79 88 101 172 211 224 267 312 330 360 419 488 505
11 55 87 95 96 132 139 141 161 174 188 199 207 236 239 262 274 291 297 306 328 332 347 363 373 376 386 391 406 408 423 425 443 445 454 457 473 489 494 507 512 514 526 531 544 558 569 580 583
12 17 50 76 85 171 176 178 195 203 245 284 306 436 510 590
13 22 38 62 113 123 134 145 149 270 277 346 355 428 475 502 525 563 564 578
14 19 26 27 34 44 48 81 116 130 198 204 208 223 253 256 286 305 344 382 384 396 446 463 518 543 568 593
15 31 146 157 226 335 337 400 422 438 459 460 487 497 498 553
23 29 53 78 122 138 177 180 218 238 244 266 285 294 315 326 334 397 439 440 441 453 532 537 549 559 587
24 41 68 98 107 124 152 156 158 162 170 199 200 206 237 240 242 262 283 290 296 299 304 308 316 329 340 348 362 385 402 405 411 421 435 436 456 534 561 572 577
25 28 36 40 46 99 100 133 151 166 173 175 196 233 243 271 280 298 300 309 339 375 379 402 409 412 415 464 504 517 523 533 550 581 588
36 84 92 110 164 264 433 478 496 522 575
39 58 64 65 82 93 111 127 142 181 187 241 248 252 260 269 293 295 367 394 424 448 455 461 516 592
42 43 80 125 129 147 169 184 190 202 251 259 263 272 279 305 310 311 321 336 342 370 389 476 479 524 547 554 591 596
45 67 72 105 112 153 163 165 215 217 254 257 258 268 322 343 378 392 417 426 462 508 511 520 591 595 599
47 135 205 307 309 383 393 399 503 513
59 61 333 359 416 442 482 527 536 570 594
60 63 109 168 201 317 381 451 469 480
74 106 120 144 191 221 227 235 281 287 341 366 418 429 485
96 121 197 230 313 338 357 387 404 573 576
103 136 183 192 193 216 354 470 501 515 582
159 225 320 325 349 352 361 373 410 413 484 521 565
