553 390 437 344 244 427 364 25 204 539 285 479 392 360 461 575 504 144 120 272 559 558 126 391 569 11 487 451 494 31 537 82 197 357 374 486 503 550 483 124 141 
399 201 279 122 76 368 304 411 181 367 
334 541 55 584 450 157 243 469 209 565 335 495 5 153 429 253 290 128 353 582 442 463 92 563 554 37 13 532 300 441 95 165 213 447 311 155 468 348 545 112 20 522 323 286 
138 81 455 549 564 3 507 526 295 163 546 35 501 265 255 262 24 393 238 40 267 525 358 17 235 
208 567 39 145 466 476 594 248 291 560 310 529 1 178 538 232 216 96 147 474 481 477 287 458 60 9 347 351 338 423 401 337 179 52 43 72 480 103 516 241 
382 459 168 170 366 572 506 174 278 333 258 325 135 228 354 113 2 94 566 12 206 69 502 345 61 100 231 383 
191 225 492 373 59 583 158 166 118 418 530 593 533 381 363 194 341 271 536 245 211 462 307 588 412 378 119 528 85 332 
321 389 313 226 280 324 148 58 432 465 234 
331 460 568 79 301 257 205 497 108 132 561 105 109 571 281 195 434 577 254 445 14 
385 210 317 193 402 359 88 0 377 143 6 436 488 581 233 256 169 283 540 
403 438 130 298 239 90 312 65 524 219 517 129 322 36 395 443 183 
172 199 89 510 62 544 439 48 523 514 405 45 66 509 420 297 186 242 87 102 
282 171 511 200 430 471 371 531 32 478 190 456 
515 485 107 339 408 86 342 188 28 519 318 33 49 150 288 131 180 444 557 117 125 127 51 247 426 598 370 578 386 220 521 93 296 562 259 417 419 482 320 595 406 319 
388 71 508 346 221 416 189 104 548 534 63 589 74 574 336 184 394 260 110 134 53 136 527 252 421 328 15 428 349 277 101 
44 467 498 303 229 187 491 276 240 293 
305 202 22 448 396 154 551 343 142 556 315 218 376 261 513 500 570 
384 375 464 18 177 182 380 246 449 203 472 329 440 294 
164 224 176 413 470 175 123 453 8 222 
327 223 314 499 387 38 425 237 590 415 67 263 352 99 400 512 543 475 26 230 19 264 573 115 215 73 555 75 404 585 146 54 
490 251 599 139 586 106 505 4 27 151 116 576 111 110 274 114 156 340 162 227 372 552 
496 207 41 217 10 250 137 152 433 356 398 484 587 580 133 316 284 196 50 591 535 173 542 397 
330 273 30 212 409 410 289 270 56 326 149 
473 596 518 361 34 365 83 306 161 493 77 369 198 309 47 7 362 424 16 431 46 579 266 299 
159 292 592 302 422 520 70 57 192 160 268 269 547 407 597 121 167 435 80 452 350 
84 457 454 414 275 29 42 489 78 91 379 
236 64 355 97 140 98 
185 446 249 214 308 21 
68 23 
