427 574 451 459 4 532 575 15 243 284 101 272 191 534 21 261 309 106 465 397 385 512 584 194 440 259 235 562 482 218 317 410 82 369 409 335 327 247 186 118 582 401 457 110 563 581 32 312 342 115 553 138 137 81 66 438 181 423 373 93 404 365 126 87 434 375 149 225 236 579 484 26 447 585 490 472 27 466 145 583 253 155 561 156 467 116 11 131 34 590 190 374 192 59 245 319 2 280 283 136 428 270 262 244 334 172 443 161 39 0 79 540 209 57 398 224 455 128 135 89 206 377 471 36 497 277 308 196 223 213 269 323 240 78 248 71 386 359 411 227 515 416 40 99 547 382 468 215 389 211 527 41 488 343 246 153 367 353 478 326 328 177 294 9 202 103 456 144 96 390 249 147 252 176 49 205 285 104 450 474 76 598 3 38 331 141 522 150 273 50 341 221 266 514 393 402 496 130 395 43 232 230 22 301 464 29 20 112 58 24 545 499 122 589 173 307 298 576 430 595 346 42 537 338 536 509 251 179 
306 559 501 139 541 271 120 588 185 60 329 330 5 431 336 337 229 14 124 508 48 210 539 
521 592 538 573 10 355 453 531 47 311 222 168 56 578 596 187 379 445 12 417 587 7 220 520 201 387 80 345 549 469 475 117 363 63 533 
73 426 577 523 234 368 376 429 483 54 432 486 525 133 
420 88 8 85 1 403 511 422 148 
435 127 391 159 412 140 296 184 593 180 169 64 572 528 55 380 228 505 503 361 214 383 98 506 67 362 554 405 300 102 480 183 108 318 198 
95 560 292 519 442 61 304 303 364 569 25 84 524 481 413 507 597 487 310 340 35 52 164 315 495 441 13 448 
479 408 348 470 567 69 384 195 439 510 517 302 
399 114 37 492 535 33 349 216 
123 371 111 274 564 551 125 182 321 381 90 254 279 320 473 167 550 372 77 241 356 263 556 16 68 351 105 571 238 452 268 233 
325 477 358 165 212 281 237 154 160 170 421 44 113 258 529 171 134 91 350 518 51 360 297 425 552 502 526 295 570 45 53 433 100 132 161 174 151 6 275 418 314 491 265 591 
242 586 542 175 189 142 256 414 290 489 119 305 219 197 
462 157 352 208 65 278 204 370 163 188 250 158 287 449 
86 546 543 203 599 458 97 74 548 366 544 19 282 129 565 264 437 288 83 30 152 485 463 568 558 94 143 200 75 555 62 530 
332 162 324 444 594 460 23 378 267 392 217 70 566 255 109 260 257 
31 476 454 46 396 388 400 289 28 357 
436 494 72 293 339 580 178 291 493 276 415 207 591 199 146 446 164 407 
516 498 333 107 406 17 316 121 
322 347 513 557 231 419 286 239 193 500 461 166 354 226 504 344 
92 424 313 18 394 299 
