61 277 503 419 54 278 50 406 139 407 515 7 491 83 315 269 509 236 196 318 306 8 576 
260 579 179 361 183 102 525 562 99 414 390 57 245 237 488 97 60 400 283 305 367 340 
484 356 389 256 440 202 516 193 521 396 415 492 542 495 55 273 208 
435 411 468 527 44 506 261 362 91 298 309 5 371 14 473 405 504 
569 80 351 428 257 409 571 26 209 378 395 320 471 425 119 307 391 64 598 117 195 216 130 56 132 593 341 49 499 559 397 0 172 16 177 585 114 232 502 534 
43 445 15 163 336 455 175 452 220 74 239 
595 567 444 565 573 522 34 461 221 486 
159 45 95 560 561 443 541 28 124 219 420 201 545 417 322 253 94 546 513 369 478 137 191 228 70 551 171 458 226 290 462 18 129 529 164 158 142 250 9 584 549 13 32 178 
141 421 329 582 438 580 224 186 33 126 454 36 100 432 591 185 574 118 450 104 511 575 146 494 475 538 238 572 292 323 
528 35 11 485 588 78 540 338 87 71 168 518 385 279 372 590 264 19 93 151 182 63 460 424 145 487 
427 526 294 377 553 41 170 434 131 334 375 123 365 31 472 328 176 514 316 
324 479 222 557 169 401 181 592 363 326 519 418 241 399 37 92 227 493 379 287 234 230 233 382 477 501 346 282 213 550 22 69 581 291 229 596 51 
47 429 98 166 17 59 105 358 258 523 533 296 345 96 101 
347 265 568 510 430 352 331 217 370 536 122 58 248 308 249 433 373 6 304 589 531 144 570 140 21 446 548 187 300 68 
441 343 463 192 387 120 189 442 311 312 348 75 
254 66 252 116 82 386 90 194 244 48 354 
594 125 481 267 564 586 535 583 505 218 457 431 289 456 398 251 299 376 520 231 476 597 
76 112 480 12 246 448 225 155 243 482 212 453 200 4 128 280 167 
295 498 161 357 77 210 147 543 38 547 552 330 360 497 578 73 154 344 2 303 111 276 563 3 459 368 72 274 214 403 138 65 426 160 325 268 
383 103 530 150 410 314 500 174 339 271 143 388 135 79 259 558 466 84 539 544 173 532 319 359 
333 524 180 10 206 393 449 447 89 266 474 42 489 52 
30 270 317 165 136 198 235 302 355 413 381 
110 247 199 512 25 207 109 366 490 467 152 223 293 115 380 
275 107 507 374 441 384 436 23 342 134 432 404 285 242 46 469 211 465 255 464 496 394 240 272 
321 27 556 517 470 537 121 483 437 364 555 113 286 284 263 133 408 153 205 81 332 188 127 349 288 148 53 423 190 
88 554 162 422 337 297 62 363 20 451 156 184 215 1 108 24 412 197 39 577 310 67 204 587 86 416 508 313 566 402 392 29 327 149 599 85 
40 281 353 157 203 350 106 335 439 262 301 
