92 437 57 552 285 242 275 193 135 6 30 192 386 592 93 479 32 473 382 503 412 107 541 272 44 462 29 111 504 186 559 570 103 338 463 531 335 
202 50 550 421 16 427 26 191 449 360 510 426 574 291 316 407 168 303 392 451 387 500 526 157 328 
401 497 281 14 461 287 318 578 206 378 273 260 109 347 156 234 170 141 
399 346 547 108 136 101 158 389 514 280 310 521 110 195 264 537 75 87 267 393 455 366 124 104 533 420 261 149 383 35 240 573 
197 545 323 257 182 123 262 290 268 468 17 241 307 351 62 
245 74 31 334 78 68 518 535 339 445 300 516 288 198 524 23 222 0 542 596 476 321 194 377 394 
306 167 492 131 28 561 236 320 529 356 208 54 187 152 460 343 502 39 498 558 554 7 329 89 568 128 97 52 252 419 226 342 244 520 571 417 292 
203 595 238 113 431 211 448 363 425 371 220 597 440 215 538 24 564 397 219 209 530 598 486 580 82 
139 506 464 584 179 15 359 450 341 478 482 166 587 438 416 10 400 355 539 349 332 76 114 319 325 523 348 447 171 566 199 210 398 313 246 513 37 
430 112 456 340 567 41 163 175 178 84 305 146 61 138 106 151 162 466 376 27 189 588 153 553 562 125 311 279 475 270 579 201 465 21 405 337 591 327 557 48 565 
172 593 100 410 406 517 218 331 368 294 126 402 433 116 422 69 121 94 154 494 263 137 484 314 134 105 548 469 414 80 315 71 459 4 439 56 155 428 395 336 297 43 457 434 415 374 
563 572 522 65 452 317 265 372 424 301 299 25 248 81 308 283 
594 446 212 444 72 230 249 409 495 390 488 536 496 326 188 12 231 590 169 408 98 481 58 229 599 304 350 96 9 298 583 243 38 13 269 120 86 384 477 411 251 145 569 122 501 
555 70 181 361 127 95 217 344 391 435 354 282 367 577 385 164 55 576 515 42 370 365 312 509 228 436 173 180 322 176 418 11 60 472 205 59 115 527 560 532 380 505 546 581 357 358 309 
213 284 443 190 19 49 8 258 232 458 474 589 196 582 67 471 507 295 493 556 369 34 441 342 549 276 254 423 
528 274 373 483 296 485 442 142 221 88 183 45 133 66 147 177 2 499 
540 508 330 237 227 259 413 63 364 362 36 117 278 184 543 525 159 216 47 575 293 490 404 204 353 586 
302 271 130 161 174 150 140 225 
185 160 207 253 255 432 379 119 
90 352 77 239 79 286 40 129 333 53 
381 148 85 132 375 247 5 233 
144 200 250 453 396 3 165 487 429 489 585 324 83 224 491 18 99 544 51 1 454 118 64 102 
345 214 388 33 20 235 534 289 
73 519 403 467 256 512 143 470 551 266 46 511 22 223 480 91 277 
