50 572
237 276
518 581
376 509
251 408
205 550
417 574
74 585
347 599
298 369
304 515
193 432
506 508
204 446
5 187
51 533
108 495
422 476
171 265
217 353
327 465
312 417
120 596
313 492
388 506
483 489
319 440
256 343
205 257
426 574
491 502
75 570
355 586
301 528
316 473
358 393
371 507
461 581
299 599
399 494
260 509
233 399
236 441
221 267
384 561
60 143
226 227
237 470
294 552
220 417
238 576
536 546
299 505
215 254
116 436
27 70
144 495
74 471
456 465
255 558
437 573
42 370
194 258
215 262
381 421
436 507
130 570
383 385
189 594
136 556
10 298
251 594
379 537
398 454
330 536
40 392
483 551
100 575
172 535
488 570
407 599
342 361
334 599
174 587
324 563
364 512
28 577
142 148
258 519
244 570
470 495
365 582
52 560
34 343
217 222
478 552
524 595
483 597
234 385
164 516
296 404
313 538
385 562
80 507
341 492
270 375
232 459
324 507
166 344
248 587
137 147
50 449
1 374
257 569
510 597
312 572
191 433
232 233
164 515
294 591
154 466
472 519
40 469
226 480
164 481
388 583
248 594
314 581
346 446
449 482
311 587
38 257
186 406
478 541
161 220
270 558
325 374
456 550
508 576
171 528
208 209
334 508
414 436
470 524
11 56
14 584
418 593
588 597
367 493
18 368
347 452
367 521
316 525
215 467
74 555
333 495
11 541
196 492
144 580
255 334
351 364
449 508
69 502
398 439
42 552
212 597
265 450
184 238
98 505
191 469
28 515
131 327
247 388
330 592
363 536
513 573
131 568
266 426
339 426
418 464
349 541
392 598
216 495
339 341
362 555
258 309
196 524
369 462
573 581
314 441
28 164
213 539
108 557
444 449
454 592
351 488
174 392
361 588
465 481
164 419
525 556
251 411
352 562
244 576
98 599
209 568
92 524
474 518
39 308
546 594
506 576
90 598
55 404
489 551
116 344
374 528
31 555
30 545
34 454
363 516
142 464
27 301
483 488
341 453
143 371
351 587
213 251
398 498
248 546
294 472
595 599
220 427
274 505
205 313
248 367
247 457
357 563
456 534
236 519
552 587
21 264
266 481
267 501
432 436
145 398
491 595
130 506
388 489
232 577
159 527
363 387
537 557
169 523
374 432
250 575
365 595
171 396
334 407
417 473
295 472
462 556
32 543
90 554
270 355
383 384
303 473
489 515
516 583
384 512
142 518
292 505
32 534
515 524
260 324
154 546
128 580
398 462
533 555
482 573
525 578
160 372
469 502
334 556
136 168
452 481
40 516
150 311
581 588
96 133
228 479
140 502
8 267
245 247
238 462
268 596
319 599
346 595
299 484
349 599
45 446
374 577
395 569
493 514
2 236
205 382
191 513
144 592
343 538
93 388
244 528
151 228
524 578
370 551
46 302
381 464
91 368
240 426
422 587
372 510
143 585
369 558
334 520
109 217
313 556
411 446
127 437
346 556
485 492
501 518
376 512
363 557
145 453
255 422
290 432
122 489
513 595
364 493
148 578
536 539
21 119
258 587
86 583
474 493
516 528
333 487
27 331
391 433
104 326
290 314
343 500
424 476
212 411
473 546
149 551
463 588
229 260
144 233
535 552
296 383
404 587
304 495
436 443
129 191
365 491
483 534
376 497
303 414
392 550
262 593
357 386
287 449
463 597
101 498
331 530
333 362
173 363
213 538
418 488
257 507
42 460
384 599
131 197
263 346
42 238
30 498
369 454
295 399
116 152
301 431
213 547
220 334
303 534
197 586
128 538
143 514
42 525
479 592
191 379
376 547
295 567
82 467
464 469
465 534
51 535
101 523
303 543
370 540
170 599
392 475
32 471
268 456
270 540
52 599
40 546
294 422
333 388
594 597
131 171
79 395
68 597
14 372
74 534
327 456
292 461
148 330
535 581
166 168
136 491
304 386
402 572
8 272
255 594
27 551
120 462
268 510
235 558
361 465
257 587
131 507
313 508
578 583
320 351
126 376
551 578
381 539
154 576
395 540
232 570
50 426
362 488
72 344
338 369
411 557
268 575
370 491
464 518
67 281
91 399
81 245
173 519
514 581
341 572
436 460
495 578
96 564
98 296
122 233
243 564
446 507
130 341
203 226
481 516
8 404
480 524
101 441
387 463
280 536
5 346
303 592
489 524
286 509
70 574
170 480
355 507
30 524
170 371
154 457
70 316
402 539
14 233
236 406
516 573
276 556
121 485
357 460
546 552
217 455
362 594
58 581
455 581
364 385
298 454
449 495
109 445
43 268
557 597
558 567
324 371
70 326
199 204
174 352
399 426
45 537
216 388
480 552
506 536
311 363
385 539
467 482
446 576
68 72
312 506
402 516
64 330
11 280
574 577
52 541
362 591
368 512
82 574
104 581
391 456
461 516
64 466
212 413
161 422
197 597
202 352
2 581
9 525
508 592
92 554
538 546
266 417
52 370
227 598
319 489
145 148
365 497
367 509
461 573
226 386
266 573
233 588
21 480
100 510
159 551
53 411
473 594
260 528
377 379
563 588
181 465
515 583
96 294
352 550
387 572
406 455
34 100
295 512
387 589
8 428
333 547
391 568
215 361
368 565
465 539
89 432
399 407
68 471
233 574
8 452
173 577
266 301
39 464
372 434
228 415
11 172
72 430
454 585
130 169
349 467
367 564
374 453
513 518
34 547
236 478
327 543
314 486
81 433
444 568
483 485
472 594
92 234
296 341
369 510
464 539
378 388
213 555
365 469
443 481
82 355
173 546
31 533
292 455
534 578
81 426
45 68
143 381
274 585
443 543
461 585
461 479
346 372
547 563
145 506
402 597
141 537
128 461
224 396
502 541
122 295
267 530
395 402
353 406
76 548
172 215
344 563
260 399
317 362
501 509
50 432
441 456
352 406
244 567
265 399
446 462
456 543
235 550
368 389
441 465
97 311
315 504
556 576
64 568
232 586
472 558
14 528
330 365
243 558
444 501
547 550
363 597
90 391
469 491
309 492
493 533
262 551
355 460
213 443
52 564
262 280
411 549
121 578
251 361
368 582
45 313
140 505
140 595
398 460
374 384
471 543
572 573
114 312
170 563
56 385
441 483
6 462
248 286
301 364
492 583
181 535
383 432
296 319
79 454
212 371
395 514
485 583
159 463
470 485
384 528
315 581
506 524
287 555
267 567
270 378
98 315
220 311
187 588
244 523
248 590
265 427
92 583
147 276
236 294
28 570
274 461
228 463
122 598
357 583
258 418
355 561
268 580
200 433
385 513
243 501
51 550
379 590
238 374
313 449
43 149
224 436
538 576
227 555
91 331
588 592
227 485
309 417
258 436
13 243
286 478
179 247
74 483
334 458
362 588
491 541
489 583
273 424
237 551
501 525
67 120
196 327
238 499
538 547
170 460
387 395
196 537
30 592
567 570
141 595
534 543
170 351
46 255
502 599
174 485
286 558
181 471
53 514
140 540
256 406
501 534
47 469
149 549
58 410
32 592
352 509
424 453
344 593
168 287
169 407
6 547
392 552
406 514
387 588
469 541
426 577
18 598
258 594
550 568
55 250
519 587
298 370
455 535
81 456
432 574
366 411
39 542
171 219
482 514
374 427
327 468
147 479
128 496
58 452
204 299
276 371
133 316
351 574
502 512
505 573
144 523
331 332
67 460
212 441
287 576
131 537
512 568
71 89
509 577
286 525
75 574
67 437
69 473
250 552
57 367
287 585
556 595
159 515
55 594
280 574
395 482
551 583
238 556
479 568
46 585
395 537
58 366
365 599
315 482
250 344
470 578
128 372
303 477
31 260
384 402
21 286
304 596
376 577
474 537
581 583
418 567
399 587
343 446
45 570
488 574
292 405
312 555
524 552
219 402
437 514
222 296
304 474
101 144
313 315
187 484
422 546
281 418
13 352
68 587
2 358
516 585
43 168
333 462
407 502
524 551
304 578
220 576
362 363
200 492
5 141
443 563
133 403
53 588
121 369
414 578
181 543
292 566
533 570
402 537
478 535
501 552
9 535
406 597
65 280
505 516
492 551
64 80
246 391
104 594
391 479
343 493
53 557
364 387
292 573
205 460
79 557
426 523
243 525
172 349
417 514
243 327
463 538
462 534
298 569
47 541
104 189
140 414
340 371
398 425
260 458
558 572
155 251
235 508
145 449
325 370
299 514
411 537
127 536
404 552
371 439
300 357
319 413
546 563
513 592
314 424
82 572
199 407
365 502
414 534
197 595
148 572
311 597
174 525
141 594
319 491
267 587
107 510
346 407
576 594
426 495
299 314
159 259
147 565
404 474
316 543
392 546
265 463
347 583
481 585
133 192
346 495
381 497
80 457
9 136
247 488
127 567
116 335
324 457
414 512
237 536
407 547
481 501
56 442
383 506
537 588
104 454
251 297
472 473
9 472
158 187
537 597
383 574
96 541
266 581
417 576
76 392
2 551
333 578
100 262
372 547
444 587
274 573
248 502
411 578
86 245
383 488
189 585
270 314
173 544
406 494
358 589
166 494
463 557
483 492
55 489
385 584
43 417
189 578
460 465
465 471
381 518
422 519
316 587
265 387
235 311
474 478
5 540
432 433
309 597
91 526
227 533
315 349
108 474
347 403
298 398
355 371
585 594
34 46
200 361
491 599
406 550
227 538
47 367
512 567
199 462
399 589
181 570
331 552
298 592
71 554
168 347
39 573
244 347
31 200
514 585
169 508
101 436
355 457
86 166
452 597
467 573
361 533
204 479
404 519
6 365
107 454
533 558
381 529
402 557
395 534
330 506
96 489
6 58
171 505
121 576
437 455
79 593
153 381
376 445
340 344
547 576
324 498
347 486
424 585
27 43
377 418
196 383
70 570
470 480
347 535
168 472
404 409
82 130
376 592
358 479
217 506
109 572
398 545
358 430
21 513
132 370
482 577
187 508
501 558
309 508
471 534
209 515
541 599
247 570
362 448
257 596
455 585
51 587
69 541
217 298
454 516
524 583
501 567
13 571
149 518
361 443
141 557
398 563
154 479
228 557
267 558
197 411
567 577
228 457
301 493
592 599
276 583
355 563
255 444
309 462
169 449
152 391
262 363
546 574
122 483
69 312
452 474
91 138
381 492
341 505
14 586
250 510
379 561
262 467
212 588
449 547
471 502
314 585
480 555
228 588
357 507
512 585
414 441
367 379
296 536
304 510
51 561
172 599
304 333
330 555
2 585
187 597
13 550
215 494
108 379
31 441
509 538
132 349
301 472
319 370
197 594
311 596
149 287
508 595
236 501
204 206
85 189
512 583
109 380
199 510
136 538
18 460
127 521
226 555
461 570
280 495
387 568
392 547
149 547
331 384
444 558
254 280
75 112
226 297
433 574
349 536
424 455
216 500
485 515
77 174
316 535
409 422
121 295
441 534
336 391
391 565
90 577
537 595
274 289
483 515
142 344
209 570
395 588
107 269
295 570
441 543
244 418
376 404
358 361
164 424
18 591
509 574
519 557
142 291
147 587
166 357
421 424
407 478
513 539
90 595
507 508
18 567
276 492
573 594
388 392
286 520
86 357
509 567
422 470
46 573
127 296
143 535
473 478
154 380
528 577
237 478
483 495
437 482
276 491
349 433
265 597
485 551
159 495
309 414
295 592
577 583
56 488
55 575
294 555
226 341
136 597
250 351
525 594
303 327
543 568
196 216
72 454
235 303
309 556
507 543
232 567
235 546
469 599
235 444
437 574
388 470
246 422
199 457
418 570
364 418
32 274
75 558
518 539
471 479
456 471
133 141
83 357
47 390
232 243
13 50
292 511
191 488
467 572
316 340
173 189
140 599
424 579
80 229
508 547
293 367
481 519
209 528
120 480
30 518
224 526
301 368
147 224
53 577
71 539
312 330
539 576
98 518
358 476
412 426
273 319
455 595
71 387
492 578
130 518
247 424
237 583
76 587
312 588
10 169
414 576
172 504
47 413
28 574
200 533
110 120
324 481
422 594
299 360
9 533
270 550
92 578
257 563
315 424
64 519
227 574
351 383
250 500
71 518
4 368
80 193
6 148
480 533
506 541
142 397
274 432
133 379
107 592
181 505
209 331
402 415
369 592
478 519
369 545
11 538
72 358
535 536
299 516
343 509
509 512
461 519
81 377
266 567
108 598
237 555
384 576
558 581
67 116
145 515
175 364
109 536
455 481
368 457
166 545
224 568
385 528
502 595
107 590
324 515
39 40
79 570
69 75
56 539
134 407
481 505
331 539
224 575
306 343
515 578
372 417
485 537
86 457
414 543
352 547
204 572
5 573
315 515
379 436
224 493
358 493
216 268
364 567
199 391
200 575
76 517
100 216
255 459
76 404
205 557
287 598
372 590
