194 295
196 455
127 455
209 287
464 545
249 571
105 478
189 422
159 499
19 526
352 561
403 504
47 484
198 591
37 553
499 563
467 538
249 595
158 200
226 578
281 328
109 503
79 85
522 563
51 386
431 471
16 383
289 524
128 499
273 352
216 225
269 297
383 545
354 518
356 517
397 453
271 476
419 511
536 579
316 590
8 359
250 556
387 535
154 381
409 550
284 598
563 575
58 512
397 563
551 587
20 580
306 453
312 431
376 566
148 343
211 305
304 552
126 491
372 570
392 462
295 473
177 506
492 598
130 570
256 316
299 581
105 419
178 347
284 524
292 504
242 584
568 583
111 277
155 551
389 564
428 529
569 578
15 467
186 559
478 545
338 579
48 516
17 30
199 231
387 444
247 550
195 580
75 426
242 579
512 519
433 581
250 472
569 587
161 566
237 589
347 504
258 469
80 546
112 147
257 544
419 529
480 513
409 413
262 530
247 575
329 579
364 377
366 568
492 556
388 460
237 331
61 562
354 572
44 91
206 517
47 515
249 261
325 499
140 323
16 587
218 334
248 442
244 411
329 469
435 551
438 463
378 433
50 178
473 483
403 456
24 478
154 244
286 489
503 566
252 329
148 394
499 579
357 503
95 489
364 510
437 464
295 331
88 456
237 568
477 549
118 599
409 542
428 462
354 598
286 569
357 588
286 584
15 577
130 306
190 328
66 576
72 210
469 517
95 479
530 556
413 424
401 480
129 529
246 594
267 341
292 299
365 395
45 419
269 442
456 596
131 563
339 571
341 393
489 587
200 562
540 588
429 598
46 540
98 586
480 588
341 517
117 404
546 585
194 559
301 446
249 552
51 513
403 563
90 456
362 389
452 519
249 474
437 583
24 362
331 531
464 486
401 459
271 448
352 588
139 309
394 576
160 323
403 498
54 356
129 488
311 469
419 553
242 393
80 308
372 591
306 512
535 575
425 437
139 477
218 228
421 429
444 591
395 590
123 581
366 520
122 528
428 567
213 557
489 492
65 443
72 467
57 353
311 442
370 543
338 500
125 178
484 588
507 510
180 264
67 291
198 353
8 503
116 562
462 546
325 585
55 593
150 410
155 390
49 322
158 572
69 564
360 584
553 565
312 538
442 585
144 376
153 510
559 578
55 483
43 565
462 596
17 591
239 568
226 437
341 579
585 599
177 563
203 575
239 286
498 570
65 562
174 577
66 214
281 299
46 48
161 571
310 531
68 319
160 515
125 229
161 353
306 500
404 406
577 599
289 559
20 230
138 169
287 294
6 352
504 569
213 356
424 581
150 542
250 577
366 583
148 510
238 455
166 446
575 598
376 588
442 469
29 574
91 208
200 489
218 415
437 452
424 498
382 545
94 117
471 495
138 517
33 579
159 594
223 431
176 512
102 536
33 572
90 519
328 549
186 591
372 377
155 564
299 484
250 480
178 325
218 220
347 496
258 534
419 537
195 510
123 525
274 444
322 336
360 515
126 271
291 365
366 484
65 498
28 226
446 593
448 486
382 595
479 513
478 539
308 468
256 551
427 462
72 528
152 306
65 535
437 479
310 583
141 321
291 537
94 533
188 503
48 545
164 376
211 370
429 471
68 169
202 595
56 266
588 598
292 544
462 464
473 492
309 419
471 585
360 389
180 237
334 531
211 379
180 295
289 435
370 424
101 296
105 480
144 581
258 587
43 483
322 556
403 478
41 551
29 360
538 549
9 305
134 557
311 382
97 182
167 431
207 578
562 591
404 563
266 572
97 400
500 512
66 544
448 550
473 546
539 572
9 314
202 588
277 451
77 550
225 421
156 576
249 559
394 503
89 424
289 356
27 424
266 451
128 480
364 561
329 529
382 485
399 404
166 287
540 579
460 568
301 455
510 536
20 61
442 549
385 456
247 332
220 479
150 502
216 591
421 534
424 433
460 567
206 578
486 563
284 578
203 530
62 545
304 517
175 258
201 584
464 469
284 352
86 353
341 428
79 536
206 581
140 428
451 468
170 599
531 584
146 178
168 528
370 510
354 516
540 569
136 569
356 519
254 387
223 378
43 317
483 562
503 577
92 473
117 463
334 394
393 435
195 420
144 519
363 397
328 515
540 560
244 290
24 513
49 527
230 403
409 557
247 597
310 394
366 546
556 584
336 529
173 311
393 558
85 565
267 520
469 572
273 587
421 511
519 533
423 463
360 437
488 565
308 551
150 331
406 587
135 360
246 421
56 353
383 387
486 583
228 441
394 535
33 189
197 220
507 553
456 517
130 346
348 389
488 587
492 568
459 539
318 452
341 472
364 404
68 570
165 448
93 99
147 372
203 556
252 540
389 571
435 584
299 383
338 568
230 447
105 572
239 455
111 498
419 531
452 489
109 237
393 464
148 228
292 564
152 159
188 371
154 565
504 584
378 436
378 538
382 553
214 476
452 575
507 572
435 440
169 356
189 515
102 528
55 479
114 527
61 447
88 451
92 394
239 469
99 565
62 220
77 513
244 492
29 446
29 228
88 544
360 368
230 416
531 536
513 552
73 372
455 571
8 31
411 433
51 556
273 432
588 599
366 503
208 428
62 289
286 590
473 499
297 587
395 559
322 581
276 569
177 577
90 287
220 500
131 307
188 538
397 428
202 273
448 460
451 498
456 491
310 474
242 516
539 550
480 550
174 527
194 473
61 338
257 488
226 556
463 467
305 590
520 588
419 573
41 229
334 471
126 448
73 367
495 533
489 562
424 452
376 498
233 431
160 334
20 523
292 347
147 568
239 502
131 409
334 478
281 517
469 542
188 250
299 409
530 535
364 577
200 546
49 437
310 431
94 392
442 546
393 415
95 102
155 590
544 559
504 529
254 406
239 550
460 560
323 421
165 528
153 517
198 578
174 555
90 129
80 444
153 410
252 429
420 459
519 553
421 542
46 389
125 223
347 560
28 346
58 462
484 590
267 541
308 316
220 539
495 553
128 276
311 540
114 590
316 585
403 593
156 162
312 533
244 592
488 599
56 485
93 373
174 419
535 580
492 498
44 445
522 544
9 56
338 597
483 570
19 550
510 565
295 588
118 463
437 561
389 483
215 266
246 466
507 531
337 352
50 583
297 467
134 304
304 433
86 386
284 500
503 559
160 383
75 473
99 536
257 580
556 575
498 563
262 280
429 516
305 574
322 500
398 460
94 575
136 272
257 556
9 489
452 483
381 451
437 524
95 597
435 474
202 499
75 579
114 538
460 498
304 431
507 585
533 562
20 461
94 123
312 585
228 424
160 531
362 435
126 552
168 477
331 500
170 481
542 563
123 451
329 576
145 360
542 578
393 471
512 529
395 439
199 432
329 465
223 318
424 507
122 591
49 357
156 357
216 520
68 553
17 553
266 543
435 592
446 490
37 339
542 581
214 522
125 421
420 444
276 409
206 485
98 306
446 599
252 469
142 364
533 580
80 531
47 49
503 563
499 580
9 284
72 530
513 583
254 580
339 403
414 451
66 505
85 331
404 460
354 444
134 422
264 449
31 581
434 452
17 255
194 452
88 180
168 577
42 144
188 540
299 515
176 567
390 448
352 488
530 579
404 459
500 572
539 544
177 576
77 562
98 364
394 451
305 337
588 591
292 553
292 342
336 504
262 463
545 578
54 150
312 369
334 461
463 577
207 588
5 286
428 590
286 558
207 509
266 570
429 595
169 430
316 542
37 570
372 580
357 488
566 569
397 530
397 477
206 456
62 475
46 554
74 397
93 533
98 576
448 575
517 520
472 581
130 576
244 456
159 353
161 514
127 312
347 549
92 560
19 199
498 538
281 525
331 525
116 154
155 577
168 382
281 500
565 588
291 549
519 576
316 555
382 394
295 561
8 518
116 559
563 565
69 265
195 527
237 376
25 537
139 471
109 499
382 542
75 569
460 552
552 576
147 590
316 546
31 99
387 492
323 372
271 427
328 542
199 512
250 552
448 539
287 585
304 565
472 545
226 592
258 461
444 480
389 598
198 549
199 244
311 389
370 524
169 500
520 535
235 442
8 571
336 531
247 338
130 575
536 550
22 186
207 575
559 572
93 420
114 577
48 453
446 463
73 451
256 583
223 556
281 577
137 305
85 587
434 446
221 433
29 553
435 463
460 509
138 483
451 549
158 443
161 568
310 376
186 544
45 570
31 182
289 297
97 478
44 323
226 241
77 539
304 474
176 495
356 598
354 550
6 359
435 581
101 225
284 460
549 569
403 516
86 551
126 147
147 523
424 591
118 441
356 358
585 591
433 458
159 462
507 569
129 420
138 512
291 408
189 520
115 566
43 504
69 542
75 463
477 576
411 421
54 575
201 518
201 492
247 444
376 465
378 547
144 439
533 579
148 551
308 471
145 456
134 575
176 316
435 560
353 562
155 519
154 251
488 513
520 552
387 595
118 317
393 530
58 597
591 599
214 517
258 591
7 535
216 542
513 551
54 156
41 588
189 358
336 401
123 533
401 587
207 582
176 559
339 566
484 565
24 392
16 230
471 560
535 556
242 491
139 426
102 562
529 553
515 576
352 487
281 480
304 378
140 395
404 474
153 560
444 446
242 403
463 585
141 587
363 429
455 544
45 239
357 376
202 257
420 472
116 335
336 344
176 241
372 477
214 264
338 406
287 339
570 572
97 530
331 535
370 464
44 580
79 264
320 383
47 585
563 599
162 452
95 136
460 571
353 599
136 321
240 448
500 529
230 560
66 561
395 589
374 448
87 446
129 492
115 378
101 504
364 555
455 534
540 550
118 131
69 581
91 431
291 599
24 559
47 114
433 442
140 522
352 566
357 433
177 523
444 570
46 354
33 513
325 579
201 589
109 172
25 370
61 372
246 538
504 538
478 583
444 467
140 513
301 530
431 532
158 308
59 295
136 572
50 158
252 422
403 595
590 591
65 289
360 473
15 301
437 566
559 577
194 518
213 571
153 283
451 455
431 480
25 578
299 562
213 595
201 462
237 354
357 568
186 550
88 402
111 480
180 370
254 551
57 489
292 510
117 532
406 569
462 560
111 267
250 467
158 440
255 267
203 420
421 560
253 428
310 488
406 577
216 339
492 571
200 486
329 549
522 584
378 417
56 165
257 303
354 406
7 586
446 510
85 294
433 464
325 413
256 598
572 575
168 472
170 484
262 540
566 590
115 246
459 533
462 514
581 584
43 73
225 507
463 490
504 580
305 565
252 449
90 484
374 409
69 421
92 586
456 459
203 291
276 544
546 556
115 306
203 506
420 439
583 584
472 489
245 252
101 583
264 469
70 322
19 589
513 588
256 366
6 446
7 452
102 535
393 478
347 348
420 446
246 578
7 544
122 596
377 452
378 442
264 476
256 571
41 315
477 551
25 68
138 563
33 593
143 262
383 472
455 575
395 423
15 397
266 527
323 562
254 478
131 228
351 394
136 249
409 458
211 572
170 533
207 262
401 593
591 598
180 459
41 478
276 425
297 575
128 571
55 144
242 271
31 588
395 544
141 455
159 429
419 560
401 586
495 512
459 566
51 566
178 402
201 568
328 507
199 552
364 599
57 572
79 571
26 437
322 552
382 584
45 520
122 397
448 547
73 557
276 345
295 527
387 397
7 411
546 587
276 456
54 536
451 508
311 429
347 553
234 464
570 579
336 571
406 521
211 214
546 578
455 547
404 599
529 545
448 477
140 533
6 545
28 328
301 550
141 498
287 599
325 341
37 545
77 586
174 540
339 457
55 584
394 506
401 462
419 462
366 406
87 456
254 509
308 576
19 527
479 599
336 495
338 511
500 530
289 482
459 491
247 328
467 539
195 520
515 553
383 569
341 431
540 598
297 540
444 469
86 477
347 572
312 522
387 559
442 552
72 549
44 571
186 465
225 573
552 578
300 312
50 445
177 515
271 515
376 418
356 515
211 519
370 531
317 366
301 522
109 599
273 339
134 170
429 534
479 570
189 459
51 406
198 539
444 593
341 566
273 340
58 479
406 551
498 572
339 512
195 401
141 213
401 530
79 578
138 486
569 570
310 541
560 590
82 254
471 522
154 329
45 486
467 591
382 420
57 488
370 404
122 308
291 372
97 591
421 484
62 494
218 383
39 383
387 445
98 527
28 99
323 338
273 569
569 580
165 460
165 594
153 583
48 570
27 404
431 510
452 580
116 531
28 551
58 558
92 257
111 393
264 581
216 435
16 586
198 200
57 402
520 565
150 336
334 568
477 581
325 529
225 499
206 527
562 572
213 369
583 587
378 550
217 297
533 568
165 580
105 553
471 483
457 459
513 579
128 442
484 538
433 536
418 463
63 395
16 553
93 565
572 598
322 591
549 577
170 478
542 544
80 495
246 412
267 550
357 589
230 469
325 495
256 388
42 125
430 433
262 355
467 486
420 429
115 527
353 467
168 301
188 395
297 591
139 156
86 101
6 17
134 218
253 306
401 585
455 556
131 311
25 569
397 424
181 459
429 599
169 426
409 475
174 531
428 442
91 301
202 590
139 428
529 559
161 450
156 323
305 472
396 420
91 459
37 598
148 453
387 571
194 445
160 245
141 504
539 563
389 409
223 508
428 576
530 536
15 565
117 502
50 401
267 470
395 598
570 587
258 271
