204 391
138 472
232 499
489 575
349 528
233 404
12 576
450 457
23 494
264 541
119 495
416 546
139 578
329 541
540 544
121 521
51 533
203 389
518 572
551 554
377 560
203 521
331 438
116 125
157 525
356 438
412 480
130 593
82 537
462 581
551 594
352 592
205 402
377 387
251 406
179 181
550 553
117 449
500 511
284 598
531 591
176 454
55 598
166 170
540 566
246 452
526 577
86 519
486 599
402 574
536 586
352 599
479 589
427 501
499 518
66 277
368 597
537 558
354 536
322 487
397 503
281 460
507 542
85 591
31 82
84 454
89 547
440 532
38 482
356 372
525 586
485 552
550 594
552 568
333 473
488 585
386 568
331 594
23 551
498 564
462 566
90 564
100 599
305 569
479 555
279 432
525 579
51 487
311 404
95 365
281 591
27 520
177 558
517 580
477 488
175 298
361 540
396 594
436 551
487 531
274 476
496 537
450 573
397 599
284 514
134 585
427 465
416 595
147 379
224 428
166 515
495 598
116 281
461 504
12 108
213 375
572 577
175 529
111 505
228 593
477 580
23 562
118 350
12 289
472 519
567 586
229 474
264 589
19 591
356 511
94 335
228 559
284 310
425 518
138 386
81 513
427 439
447 598
11 225
212 508
333 513
545 556
361 418
123 322
418 593
280 412
299 456
389 529
125 598
240 416
557 585
28 358
212 507
503 516
349 361
523 598
358 505
440 598
428 596
411 436
489 578
110 473
422 446
462 474
439 574
50 485
38 564
170 449
315 446
387 390
124 550
122 354
107 577
42 477
465 580
12 596
96 412
467 518
144 547
82 489
250 422
515 581
1 117
286 445
347 555
116 498
409 585
449 564
457 495
94 387
477 521
77 591
463 586
372 576
176 577
195 457
141 189
548 579
225 447
138 478
451 598
352 497
448 479
240 460
416 556
326 564
242 563
405 518
156 396
346 501
74 107
163 556
454 568
551 556
550 572
523 538
11 315
333 396
154 411
482 499
502 525
195 522
112 289
351 578
213 242
519 559
206 478
486 565
326 450
27 444
13 577
386 597
406 528
200 454
573 592
195 246
127 559
418 500
310 526
96 337
387 534
262 422
412 566
417 463
295 554
595 599
3 599
246 528
531 599
326 528
491 595
387 473
559 578
175 286
213 599
268 519
267 268
187 469
278 347
81 253
335 512
31 283
508 559
456 541
402 585
406 586
375 467
55 566
559 587
33 553
492 599
38 400
224 375
326 415
2 481
519 531
427 571
541 585
267 483
329 592
271 285
337 347
559 592
462 493
569 577
53 582
187 483
265 590
89 274
288 441
520 521
575 598
177 557
97 582
495 584
66 494
82 315
389 589
159 461
190 571
399 564
40 523
154 456
28 116
400 499
448 495
305 554
2 458
402 432
243 515
478 528
12 521
203 586
277 565
315 405
134 577
229 589
225 384
188 524
389 450
412 466
54 568
400 516
278 399
261 589
448 486
379 548
592 595
448 585
358 529
289 417
285 597
576 586
461 489
265 537
86 565
379 573
530 586
112 511
188 503
449 559
144 575
535 541
477 597
354 599
133 377
502 583
460 532
304 329
486 490
342 528
255 465
148 554
289 596
288 476
185 555
574 576
492 529
503 510
32 576
472 541
54 525
476 537
214 507
179 250
347 589
204 261
76 335
397 422
415 518
350 489
228 368
513 572
205 213
335 460
134 548
546 582
455 551
397 532
396 540
490 573
81 166
61 477
305 478
93 481
261 315
377 547
448 573
53 372
310 471
40 130
516 518
512 593
515 572
295 406
573 580
465 548
504 521
400 452
220 375
342 572
10 100
545 599
405 517
124 505
243 477
346 523
418 483
173 554
543 577
233 544
289 521
531 579
40 571
310 417
123 565
271 574
425 445
214 572
111 347
460 558
100 517
283 594
109 390
454 579
384 549
409 547
441 447
445 586
134 512
307 537
57 66
274 584
136 484
465 466
100 524
233 530
547 560
409 446
213 417
474 521
96 432
172 432
559 580
391 541
108 328
36 573
299 386
465 512
432 545
42 599
518 556
479 574
261 503
280 469
478 562
154 322
279 532
411 462
284 333
397 554
493 502
536 595
422 455
518 551
543 549
553 573
173 415
281 579
534 598
494 580
299 566
322 333
136 409
42 402
352 428
560 577
335 358
445 482
13 361
144 472
347 541
170 587
45 589
85 598
304 585
121 579
358 432
277 507
428 531
250 479
415 566
572 589
179 582
138 539
411 571
123 440
181 520
439 483
496 539
448 489
263 587
86 545
32 232
526 547
262 491
10 528
159 460
507 551
119 472
495 592
299 487
533 572
2 459
379 415
157 585
126 445
453 494
156 460
33 564
438 461
61 447
446 598
541 556
492 540
77 427
169 365
479 509
502 589
425 510
525 532
451 516
326 499
355 567
483 586
501 572
508 578
457 497
517 533
499 586
566 599
368 521
202 592
31 439
36 479
509 516
576 578
580 598
545 586
214 481
142 578
531 545
439 592
548 592
311 554
95 147
522 531
561 564
90 452
2 581
40 347
181 225
481 562
481 485
32 147
108 569
328 585
19 399
172 586
28 374
416 422
170 515
326 587
535 555
351 593
10 280
285 568
490 503
25 266
3 351
351 493
262 440
505 579
452 513
386 582
368 565
243 471
188 551
136 496
181 474
42 461
281 492
374 516
551 561
93 505
456 587
459 502
405 516
110 189
94 593
292 588
250 537
27 595
294 428
33 515
470 568
494 536
466 486
322 409
107 472
271 464
365 469
478 577
483 524
543 585
507 524
311 436
279 513
488 592
286 295
499 573
123 390
295 444
425 563
349 436
528 566
543 566
479 577
315 544
473 518
581 598
362 374
90 147
537 554
130 400
466 472
175 384
451 564
536 589
173 532
528 557
109 119
295 588
405 508
279 535
372 574
469 586
559 588
304 555
483 547
444 510
263 438
283 354
271 278
292 508
176 503
512 524
110 559
137 492
396 481
519 525
518 543
444 501
121 352
305 492
264 397
200 405
326 512
441 576
542 592
268 567
32 552
512 515
568 586
537 573
533 553
255 310
330 526
519 522
593 599
23 428
389 578
508 575
516 584
575 592
177 547
156 511
284 292
176 485
536 570
496 540
307 417
476 568
7 577
172 512
365 572
458 469
243 374
416 598
77 526
532 582
38 443
415 551
342 525
127 361
472 487
458 589
188 483
374 402
94 440
564 579
159 581
362 595
90 524
133 390
558 564
549 580
564 586
51 550
253 574
342 507
415 467
54 122
205 454
45 285
322 472
533 589
311 580
242 531
391 445
232 517
109 215
492 532
274 428
311 362
411 518
13 476
144 576
389 542
365 399
555 585
558 582
261 462
48 405
166 467
481 568
121 511
95 472
432 530
127 518
404 566
278 524
7 525
172 588
384 580
372 462
449 575
286 449
141 450
255 425
311 459
523 576
229 281
48 283
263 510
506 555
358 568
125 472
286 558
185 455
294 355
496 566
460 516
483 531
579 582
375 513
519 597
189 264
444 445
481 586
66 315
159 550
400 432
25 211
136 543
415 439
328 487
173 566
351 492
228 377
266 449
77 502
481 579
411 495
418 486
292 582
352 500
482 523
231 505
262 432
409 425
229 521
459 579
483 511
328 390
400 568
89 440
253 496
384 438
519 576
439 543
117 507
337 512
185 590
228 532
122 274
61 543
137 503
457 563
278 547
550 554
27 555
266 506
534 579
386 592
211 295
263 475
361 547
436 576
169 542
3 595
82 456
299 594
84 292
375 589
305 529
212 523
233 528
450 589
550 557
147 493
277 524
242 350
154 377
229 548
202 518
84 444
440 447
280 574
76 549
476 597
277 351
422 450
425 580
281 463
232 379
231 285
253 411
337 477
444 599
307 354
438 520
441 463
494 579
156 517
124 594
397 499
543 551
93 469
520 542
310 387
389 491
445 595
84 564
322 331
568 580
462 489
528 540
200 406
494 589
399 592
1 463
511 588
203 346
172 368
203 593
292 412
3 406
492 561
97 157
391 489
142 240
57 536
354 545
485 501
179 544
163 487
399 462
479 540
265 417
13 515
285 499
289 589
550 576
19 142
384 529
358 465
399 561
453 483
294 498
298 330
436 554
298 477
51 584
163 492
288 569
243 495
487 573
57 554
212 386
572 596
81 215
212 580
286 493
255 445
456 504
123 519
159 246
566 594
220 480
502 579
31 456
461 486
525 530
478 513
211 573
109 214
453 478
535 542
156 476
266 268
458 532
576 580
422 443
337 404
267 417
89 372
311 461
95 544
117 595
480 508
365 502
465 583
450 510
439 570
279 486
409 579
531 552
76 507
350 372
502 549
412 591
163 573
51 572
169 585
487 491
330 418
521 587
406 445
130 582
368 453
331 542
266 595
458 513
111 329
185 463
519 572
555 558
485 516
519 589
439 520
48 443
386 580
85 533
540 559
515 590
310 569
233 572
240 448
118 543
528 594
361 506
108 148
537 597
534 545
331 524
25 220
190 251
181 289
400 584
274 283
457 521
352 583
377 577
93 496
97 440
404 503
190 384
355 579
50 389
177 523
179 356
11 396
412 595
540 573
81 337
10 585
231 576
89 305
454 582
38 330
405 488
387 533
177 524
362 512
55 551
265 372
506 599
169 541
42 277
187 362
246 541
390 589
122 551
508 533
74 533
3 445
523 524
262 560
139 173
50 439
142 561
441 453
11 544
279 307
390 580
356 521
598 599
125 126
551 582
277 350
422 451
61 503
255 490
264 567
86 175
386 547
127 584
379 519
458 599
166 384
406 590
337 469
453 503
415 496
568 581
404 519
163 504
110 412
532 538
154 288
265 585
213 456
33 271
179 578
457 465
187 204
578 596
304 475
202 502
494 573
379 533
349 406
212 485
54 190
539 577
506 515
224 516
170 375
396 591
53 111
278 497
315 377
280 389
482 577
583 595
45 555
524 584
211 498
485 581
507 568
470 507
19 580
111 511
228 599
85 144
268 592
181 542
97 595
404 540
496 533
349 595
427 444
427 461
263 404
124 543
549 554
202 400
542 587
307 589
438 448
195 205
384 455
405 447
118 550
531 532
494 511
409 536
564 596
448 589
159 588
1 520
352 356
460 537
206 536
139 279
486 537
205 522
119 563
333 497
480 555
391 447
428 459
163 251
436 512
329 458
355 545
362 571
457 511
516 533
307 563
503 506
436 527
127 512
61 593
298 552
118 215
284 432
255 427
333 558
523 578
541 564
515 562
170 349
263 521
267 586
107 580
346 404
453 592
540 585
579 584
511 542
74 582
295 516
463 584
548 577
271 559
428 583
19 409
422 536
95 130
496 559
225 554
485 515
545 594
456 583
335 465
564 567
515 544
45 231
563 598
354 486
444 478
508 521
148 458
203 215
477 541
405 513
28 502
176 471
32 76
540 551
133 589
335 555
265 555
550 561
355 578
45 55
444 580
375 458
263 476
391 555
156 311
251 294
490 495
36 492
460 554
204 551
409 441
48 417
55 550
138 190
137 555
390 578
486 598
458 546
185 490
133 453
206 592
232 374
190 537
298 365
154 502
126 490
271 520
537 559
96 547
461 469
496 578
425 586
528 544
124 224
471 525
590 599
157 211
494 577
578 579
7 490
411 450
492 597
495 568
189 595
533 548
96 356
126 570
288 416
402 578
97 475
427 598
523 573
177 566
141 520
112 243
559 598
220 438
495 577
173 189
231 534
365 438
457 557
593 595
2 515
330 507
331 507
240 362
77 387
224 404
494 595
225 368
23 573
11 416
350 569
349 559
443 572
206 573
109 462
355 361
449 582
141 425
358 476
349 552
25 351
468 555
307 418
330 564
479 542
215 556
242 458
333 342
532 577
554 594
298 565
562 572
253 438
74 568
470 499
439 577
466 545
195 485
220 491
274 441
137 444
267 545
342 487
169 595
93 565
531 535
76 456
481 547
117 591
264 428
356 485
564 597
90 220
390 460
157 463
328 462
7 536
546 566
545 550
288 585
441 508
477 592
169 346
139 446
215 310
205 508
396 438
520 578
447 581
126 587
456 595
294 397
499 599
262 346
523 588
139 550
455 481
224 568
136 532
530 550
489 497
54 518
328 331
240 567
350 491
266 474
379 447
304 542
573 589
397 417
185 452
554 561
10 595
463 479
27 576
267 465
326 572
176 576
412 576
428 576
328 490
250 531
330 427
580 591
500 532
266 460
498 542
