49 146
260 539
376 398
92 346
272 526
238 535
40 421
26 399
302 304
110 359
498 509
269 565
282 538
484 498
275 569
369 505
219 545
199 527
168 353
21 577
426 454
65 420
56 567
43 339
80 146
73 437
91 562
13 414
401 558
75 102
206 433
303 538
113 563
388 517
317 340
376 559
180 359
313 501
321 479
140 143
218 442
219 312
178 425
218 557
24 575
371 530
158 590
87 470
293 371
430 489
308 400
474 530
556 590
72 596
5 353
259 535
150 527
488 563
113 557
275 298
373 526
338 480
178 556
175 183
341 565
343 348
517 594
172 420
366 459
64 596
161 548
202 341
238 570
257 467
178 596
35 143
129 342
413 534
254 549
273 332
369 414
410 587
71 541
20 593
244 570
407 506
434 436
434 522
53 430
314 539
388 453
290 374
569 587
162 499
58 192
421 492
35 189
227 239
429 493
187 272
226 374
340 498
34 366
184 297
114 534
245 443
103 504
381 545
348 481
223 322
421 544
282 547
236 299
249 270
254 466
258 423
206 273
9 398
373 480
269 399
574 593
62 222
247 525
464 584
321 548
216 217
115 484
167 344
101 590
433 505
387 408
135 245
264 429
30 430
588 597
497 563
252 488
14 305
324 359
148 408
41 290
314 599
419 525
5 594
101 472
410 415
112 270
4 414
538 588
270 339
24 388
424 468
88 556
360 380
327 503
161 273
257 517
98 546
301 586
401 584
370 418
318 578
484 560
369 429
344 583
235 597
256 514
369 469
497 597
357 380
43 478
419 595
493 584
241 426
8 426
63 570
62 566
63 241
164 597
291 423
162 543
47 562
291 571
403 498
210 569
149 554
385 457
174 546
86 254
198 484
401 563
202 420
296 364
408 539
464 546
162 534
15 488
188 313
153 201
317 582
376 510
561 594
394 587
328 353
207 380
100 282
430 469
363 527
34 318
437 585
80 442
62 382
155 392
433 558
158 344
198 366
183 368
6 284
46 391
312 524
560 563
9 556
500 539
234 459
91 565
254 526
131 394
132 516
223 581
364 541
594 596
244 474
64 576
245 527
376 413
378 385
56 592
509 565
316 574
25 401
466 590
314 490
83 449
102 495
563 574
18 406
218 443
259 343
302 475
4 161
164 303
275 292
8 510
191 407
60 562
168 398
68 239
287 304
18 401
273 596
410 582
219 567
331 382
75 302
208 248
338 481
413 540
306 588
164 165
47 360
430 533
16 500
52 296
182 513
426 552
379 393
70 357
197 552
471 473
348 388
14 134
434 442
237 455
79 334
376 441
153 183
119 158
276 541
431 580
340 562
217 584
269 500
47 382
287 303
357 599
158 536
17 562
312 583
355 363
191 314
360 425
452 567
92 590
308 563
392 484
302 540
30 442
431 589
314 547
29 98
484 534
324 546
343 475
58 556
57 105
5 137
357 592
71 530
106 534
217 553
146 535
309 526
167 314
584 596
363 471
221 557
562 570
128 553
403 459
258 529
78 587
257 561
222 374
193 455
359 523
254 582
275 520
65 535
319 581
395 419
273 546
186 593
300 476
334 338
407 514
197 367
385 491
539 553
140 193
182 588
318 593
530 562
145 155
221 592
17 542
143 545
309 419
424 552
334 341
9 114
230 529
325 382
309 537
357 504
345 480
276 453
442 496
29 433
103 398
104 494
22 570
78 557
371 549
68 505
33 252
341 368
388 573
56 58
218 466
150 493
120 198
364 484
426 480
319 383
88 564
414 538
259 599
49 578
385 510
131 571
538 556
338 416
47 440
72 193
204 403
254 359
272 530
429 590
129 357
210 575
52 464
62 567
470 553
164 227
388 414
174 497
488 493
364 576
153 199
372 426
429 583
348 569
260 426
505 581
345 595
256 529
24 184
219 471
443 526
339 443
15 572
509 546
216 510
0 410
424 523
44 358
480 594
83 248
155 208
345 596
553 594
133 318
209 584
41 407
367 417
451 583
56 586
36 186
60 590
120 598
373 561
35 98
473 574
21 187
6 490
300 569
319 442
393 394
470 562
437 593
245 526
140 468
158 581
553 563
145 590
419 590
221 251
149 313
341 545
398 582
293 473
4 567
59 113
269 288
208 484
420 504
125 210
308 483
553 581
238 418
20 209
8 569
319 424
332 549
369 482
103 470
421 522
371 541
80 377
63 591
65 561
178 454
276 388
79 591
256 429
75 547
320 528
341 587
106 320
20 112
24 115
88 208
15 234
370 403
194 283
385 599
468 544
309 325
75 334
435 579
423 509
232 366
87 511
197 528
363 587
168 469
575 593
431 583
22 259
196 581
153 321
316 366
371 579
401 402
348 484
80 548
52 480
17 21
455 588
60 471
78 423
393 586
484 535
340 508
567 591
364 394
497 526
316 357
193 534
378 538
128 152
312 574
234 537
201 285
221 556
293 596
49 209
529 591
199 576
68 535
475 575
191 299
265 429
132 590
248 451
359 465
414 435
36 321
491 556
437 536
115 200
319 323
381 561
41 564
245 316
446 552
452 557
327 581
392 410
414 442
21 252
191 566
411 433
488 498
324 536
114 513
378 567
419 446
233 325
257 514
419 527
282 570
338 431
410 413
546 565
87 194
269 272
345 487
83 385
467 491
30 294
353 590
62 296
360 382
69 79
160 565
270 574
308 543
261 345
67 320
249 549
72 441
258 393
152 597
470 535
473 594
94 297
587 597
443 474
320 544
414 514
236 550
332 447
87 120
380 403
218 306
186 238
104 437
398 538
467 510
198 370
401 457
39 475
317 587
196 249
378 587
210 461
28 324
419 555
297 381
249 591
214 380
269 308
382 493
443 513
104 459
226 569
8 380
244 325
498 504
407 477
301 539
107 186
553 593
383 596
135 514
256 339
296 341
423 548
230 486
323 512
103 571
37 590
442 581
106 598
514 529
290 487
340 459
201 431
8 505
59 461
395 402
88 282
171 376
20 408
80 131
171 393
407 578
149 588
104 526
509 596
168 543
223 474
353 517
71 552
184 511
282 449
106 560
197 557
309 552
142 312
367 584
247 557
234 546
129 451
296 588
323 360
324 567
150 517
135 467
552 571
238 450
334 555
392 504
466 569
431 500
287 403
253 287
18 59
300 542
381 443
482 584
321 336
421 571
334 562
317 486
194 275
236 250
216 513
362 435
366 588
312 568
171 501
207 297
336 436
373 396
546 558
34 592
70 484
162 208
319 463
39 598
79 549
403 522
408 597
6 597
16 308
166 430
380 489
434 571
364 371
339 544
530 574
208 585
301 495
196 556
359 464
370 436
103 410
178 482
34 383
37 446
192 527
234 505
363 566
256 560
459 468
186 260
392 411
102 474
434 557
591 596
567 597
557 565
44 67
468 588
69 522
217 319
78 230
67 572
230 535
283 420
430 437
359 571
414 418
98 364
244 499
426 596
115 531
317 575
180 522
151 582
373 594
268 303
514 563
327 385
193 424
382 505
455 552
497 593
530 546
434 583
108 165
145 437
143 491
570 581
313 468
152 598
291 419
49 290
393 509
587 596
327 337
226 548
207 506
7 382
209 451
17 219
473 553
570 588
336 560
182 558
22 135
226 588
26 529
544 553
318 388
357 540
364 468
421 464
207 451
79 446
63 464
192 365
293 347
367 558
416 437
157 424
433 554
162 478
258 480
259 575
403 578
227 262
392 583
165 543
367 567
247 584
306 423
128 496
442 554
563 565
527 584
148 164
565 597
91 466
222 587
407 591
122 426
431 467
152 509
209 252
527 544
162 353
182 563
44 560
353 522
66 398
53 180
320 525
303 550
272 314
553 561
367 581
369 539
407 466
339 370
359 586
306 552
236 348
43 423
214 241
71 562
75 567
149 223
46 585
327 451
192 590
217 480
171 594
565 575
303 583
35 317
114 577
560 588
501 596
395 542
160 180
514 584
344 571
83 150
340 559
549 567
324 560
435 463
207 516
482 590
195 238
128 576
259 471
360 446
105 560
218 369
155 183
549 560
223 442
24 350
522 587
194 530
321 343
421 570
323 398
309 569
332 448
431 566
160 287
0 478
237 585
129 267
70 330
471 535
312 569
132 151
338 561
413 588
491 553
58 508
464 597
325 504
165 591
558 565
488 538
256 570
222 373
466 538
383 532
106 395
323 332
430 575
408 420
35 199
414 548
41 570
150 569
192 512
430 435
16 291
549 588
419 520
369 547
318 489
252 546
403 544
6 241
210 340
237 557
473 497
183 395
41 104
558 583
67 575
174 257
433 502
514 569
235 501
420 575
171 464
275 539
383 538
313 570
248 490
155 427
529 560
222 385
373 455
217 522
327 565
276 344
306 531
332 535
201 546
151 323
252 506
56 544
227 355
49 155
260 530
562 581
343 579
509 557
37 448
197 581
20 533
334 429
320 593
65 325
300 338
482 509
29 488
505 562
145 235
184 367
383 561
249 335
71 585
171 431
407 568
50 394
180 204
570 596
392 447
48 257
121 410
371 491
316 440
251 302
0 494
509 575
278 435
522 565
345 552
210 556
276 380
99 582
401 552
395 503
21 588
4 191
39 534
482 538
37 588
65 229
46 506
270 483
221 421
99 591
342 433
18 561
43 571
192 371
161 338
92 468
57 366
392 453
196 426
366 542
39 294
223 590
174 571
272 473
160 500
161 506
17 413
88 395
309 557
348 536
5 74
354 380
234 569
313 513
167 490
556 587
153 450
273 584
383 391
64 493
248 378
464 514
85 276
236 429
332 467
152 420
407 597
431 489
452 597
382 423
393 596
174 435
69 236
323 362
168 520
116 198
161 500
421 485
260 488
316 592
105 567
165 571
539 584
375 420
549 575
15 247
336 514
272 462
291 378
209 360
433 583
183 567
101 597
501 549
287 501
344 522
152 434
376 592
216 346
548 560
491 570
517 591
296 402
102 399
230 336
72 590
470 596
293 560
367 468
5 140
63 410
424 560
244 526
87 497
73 520
113 239
140 167
430 562
34 363
58 552
231 424
530 596
583 584
325 510
475 571
373 482
394 527
146 476
37 539
99 561
143 313
321 392
115 574
301 493
180 575
141 324
424 574
78 591
9 68
9 543
16 583
546 574
197 499
398 570
131 454
178 480
343 485
114 517
353 475
226 500
468 583
324 470
73 594
557 587
60 520
539 557
393 529
16 435
363 441
235 396
413 426
164 397
184 451
22 551
160 316
6 129
268 306
394 568
433 501
434 595
248 468
442 508
339 569
30 293
239 527
59 381
343 573
369 579
191 323
376 523
336 580
334 467
46 327
504 506
219 452
398 527
318 583
343 581
182 461
403 561
200 241
188 408
14 260
99 594
98 566
300 593
196 479
280 327
31 431
199 388
317 591
526 535
378 591
313 370
242 312
120 581
47 476
92 571
201 351
538 563
383 560
437 578
464 475
429 562
393 484
394 506
529 538
46 563
235 582
570 597
391 408
151 504
194 570
102 548
509 574
105 593
367 561
211 435
301 536
52 596
128 498
149 574
131 530
84 424
158 306
291 344
275 575
91 423
151 524
244 549
101 567
500 510
52 595
290 482
201 370
60 569
297 364
1 59
222 477
381 517
408 413
168 509
207 329
320 446
302 514
118 378
83 452
29 597
467 558
270 410
345 475
18 553
293 539
429 534
504 553
145 571
113 558
290 590
291 510
193 413
92 308
239 583
182 301
68 332
30 543
235 437
336 524
303 590
421 575
26 500
64 276
341 568
360 463
198 420
287 550
44 534
26 366
247 572
316 507
245 582
340 497
221 583
325 500
0 464
237 583
470 504
73 527
26 361
216 290
70 475
135 590
29 562
435 548
282 433
319 345
348 511
105 553
452 571
184 525
4 280
273 297
370 440
339 549
413 471
14 15
43 70
150 437
64 449
120 286
0 430
329 424
151 227
501 575
302 373
199 200
50 69
72 533
470 527
423 529
360 527
401 488
67 510
39 395
344 381
132 561
22 432
99 574
165 194
591 593
227 556
174 478
14 594
435 571
226 534
378 563
297 591
230 522
376 517
69 408
434 506
363 544
146 454
239 487
314 455
401 474
301 471
394 593
91 498
44 383
160 585
434 501
270 514
241 434
186 216
370 589
167 469
381 502
538 593
296 519
321 363
249 300
196 247
167 381
132 558
336 385
300 594
269 318
258 493
258 598
153 308
101 539
371 566
237 534
1 309
317 329
73 395
237 498
473 558
474 574
149 555
570 587
246 320
