0 261
0 485
0 501
0 544
0 583
1 315
1 501
1 561
1 595
1 597
2 243
2 358
2 380
2 410
2 590
3 83
3 263
3 499
3 554
3 581
4 263
4 373
4 436
4 479
4 548
5 212
5 286
5 385
5 425
5 526
6 17
6 352
6 359
6 446
6 545
7 411
7 452
7 535
7 544
7 586
8 31
8 359
8 503
8 518
8 571
9 56
9 284
9 305
9 314
9 489
10 521
10 528
10 534
10 573
10 582
11 259
11 474
11 476
11 510
11 550
12 182
12 302
12 530
12 574
12 592
13 314
13 481
13 584
13 586
13 594
14 458
14 476
14 511
14 564
14 586
15 301
15 397
15 467
15 565
15 577
16 230
16 383
16 553
16 586
16 587
17 6
17 30
17 255
17 553
17 591
18 30
18 191
18 447
18 467
18 596
19 199
19 526
19 527
19 550
19 589
20 61
20 230
20 461
20 523
20 580
21 23
21 103
21 493
21 549
21 566
22 186
22 362
22 416
22 589
22 594
23 21
23 89
23 233
23 355
23 558
24 362
24 392
24 478
24 513
24 559
25 68
25 370
25 537
25 569
25 578
26 260
26 320
26 437
26 523
26 574
27 121
27 215
27 404
27 424
27 543
28 99
28 226
28 328
28 346
28 551
29 228
29 360
29 446
29 553
29 574
30 17
30 18
30 423
30 535
30 596
31 8
31 99
31 182
31 581
31 588
32 71
32 340
32 474
32 528
32 594
33 189
33 513
33 572
33 579
33 593
34 231
34 309
34 319
34 368
34 564
35 373
35 410
35 523
35 561
35 590
36 384
36 399
36 482
36 491
36 497
37 339
37 545
37 553
37 570
37 598
38 300
38 525
38 534
38 563
38 596
39 67
39 343
39 383
39 555
39 584
40 42
40 361
40 517
40 539
40 541
41 229
41 315
41 478
41 551
41 588
42 40
42 104
42 125
42 144
42 454
43 73
43 317
43 483
43 504
43 565
44 91
44 323
44 445
44 571
44 580
45 239
45 419
45 486
45 520
45 570
46 48
46 354
46 389
46 540
46 554
47 49
47 114
47 484
47 515
47 585
48 46
48 453
48 516
48 545
48 570
49 47
49 322
49 357
49 437
49 527
50 158
50 178
50 401
50 445
50 583
51 386
51 406
51 513
51 556
51 566
52 355
52 390
52 453
52 496
52 541
53 298
53 302
53 417
53 576
53 592
54 150
54 156
54 356
54 536
54 575
55 144
55 479
55 483
55 584
55 593
56 9
56 165
56 266
56 353
56 485
57 353
57 402
57 488
57 489
57 572
58 462
58 479
58 512
58 558
58 597
59 295
59 398
59 534
59 582
59 585
60 81
60 243
60 369
60 543
60 585
61 20
61 338
61 372
61 447
61 562
62 220
62 289
62 475
62 494
62 545
63 283
63 395
63 474
63 524
63 596
64 368
64 443
64 510
64 514
64 520
65 289
65 443
65 498
65 535
65 562
66 214
66 505
66 544
66 561
66 576
67 39
67 291
67 330
67 508
67 562
68 25
68 169
68 319
68 553
68 570
69 265
69 421
69 542
69 564
69 581
70 313
70 322
70 413
70 441
70 560
71 32
71 164
71 344
71 346
71 558
72 210
72 467
72 528
72 530
72 549
73 43
73 367
73 372
73 451
73 557
74 146
74 282
74 397
74 457
74 558
75 426
75 463
75 473
75 569
75 579
76 277
76 388
76 427
76 457
76 490
77 513
77 539
77 550
77 562
77 586
78 379
78 407
78 487
78 528
78 581
79 85
79 264
79 536
79 571
79 578
80 308
80 444
80 495
80 531
80 546
81 60
81 324
81 375
81 391
81 532
82 248
82 254
82 386
82 494
82 592
83 3
83 293
83 492
83 501
83 571
84 227
84 253
84 525
84 555
84 599
85 79
85 294
85 331
85 565
85 587
86 101
86 353
86 386
86 477
86 551
87 446
87 456
87 461
87 476
87 586
88 180
88 402
88 451
88 456
88 544
89 23
89 309
89 424
89 548
89 558
90 129
90 287
90 456
90 484
90 519
91 44
91 208
91 301
91 431
91 459
92 257
92 394
92 473
92 560
92 586
93 99
93 373
93 420
93 533
93 565
94 117
94 123
94 392
94 533
94 575
95 102
95 136
95 479
95 489
95 597
96 309
96 380
96 525
96 564
96 597
97 182
97 400
97 478
97 530
97 591
98 306
98 364
98 527
98 576
98 586
99 28
99 31
99 93
99 536
99 565
100 371
100 443
100 450
100 582
100 597
101 86
101 225
101 296
101 504
101 583
102 95
102 528
102 535
102 536
102 562
103 21
103 363
103 371
103 587
103 593
104 42
104 279
104 379
104 468
104 542
105 419
105 478
105 480
105 553
105 572
106 110
106 434
106 497
106 551
106 582
107 209
107 245
107 351
107 427
107 443
108 157
108 251
108 516
108 546
108 594
109 172
109 237
109 499
109 503
109 599
110 106
110 412
110 475
110 506
110 561
111 267
111 277
111 393
111 480
111 498
112 147
112 400
112 439
112 479
112 554
113 375
113 381
113 468
113 508
113 580
114 47
114 527
114 538
114 577
114 590
115 246
115 306
115 378
115 527
115 566
116 154
116 335
116 531
116 559
116 562
117 94
117 404
117 463
117 502
117 532
118 131
118 317
118 441
118 463
118 599
119 171
119 302
119 441
119 461
119 490
120 190
120 422
120 554
120 564
120 587
121 27
121 458
121 535
121 559
121 592
122 308
122 397
122 528
122 591
122 596
123 94
123 451
123 525
123 533
123 581
124 412
124 509
124 514
124 527
124 574
125 42
125 178
125 223
125 229
125 421
126 147
126 271
126 448
126 491
126 552
127 215
127 312
127 413
127 455
127 574
128 276
128 442
128 480
128 499
128 571
129 90
129 420
129 488
129 492
129 529
130 306
130 346
130 570
130 575
130 576
131 118
131 228
131 307
131 311
131 409
131 563
132 272
132 282
132 315
132 474
132 503
132 537
133 320
133 358
133 490
133 519
133 566
133 587
134 170
134 218
134 304
134 422
134 557
134 575
135 204
135 360
135 369
135 509
135 526
135 532
136 95
136 249
136 272
136 321
136 569
136 572
137 305
137 349
137 439
137 465
137 525
137 590
138 169
138 483
138 486
138 512
138 517
138 563
139 156
139 309
139 426
139 428
139 471
139 477
140 323
140 395
140 428
140 513
140 522
140 533
141 213
141 321
141 455
141 498
141 504
141 587
142 332
142 364
142 379
142 427
142 438
142 491
143 193
143 262
143 263
143 522
143 551
143 586
144 42
144 55
144 376
144 439
144 519
144 581
145 360
145 414
145 430
145 434
145 456
145 546
146 74
146 178
146 283
146 414
146 490
146 582
147 112
147 126
147 372
147 523
147 568
147 590
148 228
148 343
148 394
148 453
148 510
148 551
149 380
149 475
149 493
149 524
149 592
149 598
150 54
150 331
150 336
150 410
150 502
150 542
151 411
151 416
151 443
151 509
151 579
151 596
152 159
152 187
152 306
152 365
152 379
152 543
153 283
153 410
153 510
153 517
153 560
153 583
154 116
154 244
154 251
154 329
154 381
154 565
155 390
155 519
155 551
155 564
155 577
155 590
156 54
156 139
156 162
156 323
156 357
156 576
157 108
157 342
157 439
157 509
157 553
157 566
158 50
158 200
158 308
158 440
158 443
158 572
159 152
159 353
159 429
159 462
159 499
159 594
160 245
160 323
160 334
160 383
160 515
160 531
161 353
161 450
161 514
161 566
161 568
161 571
162 156
162 369
162 412
162 443
162 452
162 481
163 265
163 293
163 418
163 530
163 555
163 591
164 71
164 327
164 376
164 541
164 543
164 556
165 56
165 448
165 460
165 528
165 580
165 594
166 232
166 279
166 287
166 446
166 514
166 522
167 290
167 294
167 396
167 431
167 498
167 560
168 301
168 382
168 472
168 477
168 528
168 577
169 68
169 138
169 356
169 426
169 430
169 500
170 134
170 478
170 481
170 484
170 533
170 599
171 119
171 315
171 355
171 361
171 589
171 596
172 109
172 377
172 440
172 476
172 547
172 589
173 311
173 449
173 486
173 496
173 546
173 564
174 419
174 527
174 531
174 540
174 555
174 577
175 217
175 258
175 293
175 371
175 517
175 570
176 241
176 316
176 495
176 512
176 559
176 567
177 506
177 515
177 523
177 563
177 576
177 577
178 50
178 125
178 146
178 325
178 347
178 402
179 205
179 268
179 398
179 511
179 529
179 566
180 88
180 237
180 264
180 295
180 370
180 459
181 413
181 459
181 481
181 506
181 564
181 589
182 12
182 31
182 97
182 222
182 525
182 569
183 399
183 488
183 574
183 589
183 594
183 597
184 298
184 330
184 573
184 576
184 580
184 591
185 197
185 348
185 411
185 440
185 485
185 529
186 22
186 465
186 544
186 550
186 559
186 591
187 152
187 335
187 362
187 496
187 541
187 598
188 250
188 371
188 395
188 503
188 538
188 540
189 33
189 358
189 422
189 459
189 515
189 520
190 120
190 293
190 328
190 441
190 522
190 547
191 18
191 373
191 385
191 508
191 539
191 540
192 324
192 514
192 521
192 540
192 545
192 595
193 143
193 221
193 333
193 407
193 457
193 580
194 295
194 445
194 452
194 473
194 518
194 559
195 401
195 420
195 510
195 520
195 527
195 580
196 332
196 348
196 388
196 455
196 515
196 543
197 185
197 220
197 222
197 496
197 523
197 586
198 200
198 353
198 539
198 549
198 578
198 591
199 19
199 231
199 244
199 432
199 512
199 552
200 158
200 198
200 486
200 489
200 546
200 562
201 462
201 492
201 518
201 568
201 584
201 589
202 257
202 273
202 499
202 588
202 590
202 595
203 291
203 420
203 506
203 530
203 556
203 575
204 135
204 466
204 511
204 550
204 577
204 582
205 179
205 411
205 427
205 493
205 497
205 565
206 456
206 485
206 517
206 527
206 578
206 581
207 262
207 509
207 575
207 578
207 582
207 588
208 91
208 385
208 428
208 438
208 468
208 564
209 107
209 287
209 319
209 362
209 573
209 593
210 72
210 359
210 426
210 470
210 516
210 526
211 214
211 305
211 370
211 379
211 519
211 572
212 5
212 296
212 349
212 418
212 548
212 566
213 141
213 356
213 369
213 557
213 571
213 595
214 66
214 211
214 264
214 476
214 517
214 522
215 27
215 127
215 266
215 326
215 466
215 490
216 225
216 339
216 435
216 520
216 542
216 591
217 175
217 278
217 297
217 355
217 508
217 537
218 134
218 220
218 228
218 334
218 383
218 415
219 236
219 367
219 481
219 536
219 537
219 593
220 62
220 197
220 218
220 479
220 500
220 539
221 193
221 327
221 433
221 558
221 583
221 591
222 182
222 197
222 260
222 573
222 581
222 593
223 125
223 318
223 378
223 431
223 508
223 556
224 373
224 399
224 518
224 528
224 532
224 533
225 101
225 216
225 421
225 499
225 507
225 573
226 28
226 241
226 437
226 556
226 578
226 592
227 84
227 259
227 318
227 541
227 543
227 567
228 29
228 131
228 148
228 218
228 424
228 441
229 41
229 125
229 330
229 349
229 414
229 547
230 16
230 20
230 403
230 416
230 447
230 469
230 560
231 34
231 199
231 283
231 384
231 425
231 495
231 547
232 166
232 233
232 330
232 423
232 454
232 478
232 575
233 23
233 232
233 270
233 431
233 480
233 506
233 561
234 398
234 439
234 464
234 497
234 540
234 567
234 585
235 282
235 442
235 510
235 528
235 541
235 547
235 568
236 219
236 423
236 486
236 487
236 574
236 589
236 598
237 109
237 180
237 331
237 354
237 376
237 568
237 589
238 317
238 368
238 455
238 534
238 552
238 593
238 597
239 45
239 286
239 455
239 469
239 502
239 550
239 568
240 263
240 324
240 359
240 448
240 495
240 501
240 592
241 176
241 226
241 318
241 367
241 491
241 506
241 565
242 271
242 393
242 403
242 491
242 516
242 579
242 584
243 2
243 60
243 265
243 300
243 365
243 507
243 595
244 154
244 199
244 290
244 411
244 456
244 492
244 592
245 107
245 160
245 252
245 335
245 337
245 438
245 574
246 115
246 412
246 421
246 466
246 538
246 578
246 594
247 328
247 332
247 338
247 444
247 550
247 575
247 597
248 82
248 259
248 260
248 319
248 442
248 590
248 597
249 136
249 261
249 474
249 552
249 559
249 571
249 595
250 188
250 467
250 472
250 480
250 552
250 556
250 577
251 108
251 154
251 274
251 340
251 407
251 514
251 558
252 245
252 329
252 422
252 429
252 449
252 469
252 540
253 84
253 306
253 307
253 428
253 457
253 555
253 595
254 82
254 387
254 406
254 478
254 509
254 551
254 580
255 17
255 267
255 345
255 476
255 487
255 527
255 558
256 316
256 366
256 388
256 551
256 571
256 583
256 598
257 92
257 202
257 303
257 488
257 544
257 556
257 580
258 175
258 271
258 461
258 469
258 534
258 587
258 591
259 11
259 227
259 248
259 396
259 465
259 468
259 487
260 26
260 222
260 248
260 346
260 489
260 524
260 590
261 0
261 249
261 443
261 493
261 512
261 525
261 574
262 143
262 207
262 280
262 355
262 463
262 530
262 540
263 3
263 4
263 143
263 240
263 268
263 279
263 385
264 79
264 180
264 214
264 449
264 469
264 476
264 581
265 69
265 163
265 243
265 363
265 504
265 557
265 594
266 56
266 215
266 451
266 527
266 543
266 570
266 572
267 111
267 255
267 341
267 470
267 520
267 541
267 550
268 179
268 263
268 422
268 434
268 443
268 458
268 581
269 270
269 297
269 426
269 439
269 442
269 450
269 589
270 233
270 269
270 275
270 422
270 461
270 561
270 587
271 126
271 242
271 258
271 427
271 448
271 476
271 515
272 132
272 136
272 396
272 472
272 482
272 494
272 535
273 202
273 339
273 340
273 352
273 432
273 569
273 587
274 251
274 280
274 377
274 438
274 444
274 473
274 543
275 270
275 440
275 464
275 516
275 548
275 567
275 582
276 128
276 345
276 409
276 425
276 456
276 544
276 569
277 76
277 111
277 282
277 377
277 451
277 528
277 554
278 217
278 468
278 492
278 537
278 583
278 585
278 596
279 104
279 166
279 263
279 346
279 440
279 578
279 593
280 262
280 274
280 330
280 436
280 536
280 538
280 596
281 299
281 328
281 480
281 500
281 517
281 525
281 577
282 74
282 132
282 235
282 277
282 426
282 493
282 590
283 63
283 146
283 153
283 231
283 418
283 502
283 505
284 9
284 352
284 460
284 500
284 524
284 578
284 598
285 362
285 396
285 414
285 422
285 470
285 561
285 571
286 5
286 239
286 489
286 558
286 569
286 584
286 590
287 90
287 166
287 209
287 294
287 339
287 585
287 599
288 290
288 363
288 373
288 390
288 461
288 489
288 513
289 62
289 65
289 297
289 356
289 435
289 482
289 524
289 559
290 167
290 244
290 288
290 313
290 391
290 516
290 564
290 571
291 67
291 203
291 365
291 372
291 408
291 537
291 549
291 599
292 299
292 342
292 347
292 504
292 510
292 544
292 553
292 564
293 83
293 163
293 175
293 190
293 466
293 527
293 532
293 580
294 85
294 167
294 287
294 408
294 449
294 573
294 589
294 596
295 59
295 180
295 194
295 331
295 473
295 527
295 561
295 588
296 101
296 212
296 332
296 410
296 414
296 495
296 499
296 527
297 217
297 269
297 289
297 467
297 540
297 575
297 587
297 591
298 53
298 184
298 350
298 396
298 458
298 514
298 523
298 538
299 281
299 292
299 383
299 409
299 484
299 515
299 562
299 581
300 38
300 243
300 312
300 439
300 481
300 519
300 524
300 580
301 15
301 91
301 168
301 446
301 455
301 522
301 530
301 550
302 12
302 53
302 119
302 315
302 413
302 557
302 563
302 586
303 257
303 342
303 368
303 374
303 482
303 487
303 494
303 582
304 134
304 378
304 431
304 433
304 474
304 517
304 552
304 565
305 9
305 137
305 211
305 337
305 472
305 565
305 574
305 590
306 98
306 115
306 130
306 152
306 253
306 453
306 500
306 512
307 131
307 253
307 350
307 417
307 485
307 566
307 578
307 593
308 80
308 122
308 158
308 316
308 468
308 471
308 551
308 576
309 34
309 89
309 96
309 139
309 346
309 419
309 470
309 490
310 376
310 394
310 431
310 474
310 488
310 531
310 541
310 583
311 131
311 173
311 382
311 389
311 429
311 442
311 469
311 540
312 127
312 300
312 369
312 431
312 522
312 533
312 538
312 585
313 70
313 290
313 351
313 371
313 381
313 467
313 495
313 496
314 9
314 13
314 368
314 415
314 436
314 542
314 567
314 585
315 1
315 41
315 132
315 171
315 302
315 425
315 583
315 596
316 176
316 256
316 308
316 542
316 546
316 555
316 585
316 590
317 43
317 118
317 238
317 318
317 320
317 366
317 432
317 541
318 223
318 227
318 241
318 317
318 452
318 552
318 567
318 593
319 34
319 68
319 209
319 248
319 381
319 483
319 515
319 536
320 26
320 133
320 317
320 383
320 518
320 531
320 532
320 590
321 136
321 141
321 343
321 361
321 449
321 489
321 505
321 598
322 49
322 70
322 336
322 500
322 552
322 556
322 581
322 591
323 44
323 140
323 156
323 160
323 338
323 372
323 421
323 562
324 81
324 192
324 240
324 369
324 568
324 578
324 588
324 590
325 178
325 341
325 413
325 495
325 499
325 529
325 579
325 585
326 215
326 327
326 494
326 497
326 573
326 574
326 587
326 589
327 164
327 221
327 326
327 330
327 337
327 414
327 418
327 432
328 28
328 190
328 247
328 281
328 507
328 515
328 542
328 549
329 154
329 252
329 465
329 469
329 529
329 549
329 576
329 579
330 67
330 184
330 229
330 232
330 280
330 327
330 390
330 583
331 85
331 150
331 237
331 295
331 500
331 525
331 531
331 535
332 142
332 196
332 247
332 296
332 441
332 468
332 520
332 539
333 193
333 414
333 425
333 434
333 479
333 481
333 486
333 575
334 160
334 218
334 394
334 461
334 471
334 478
334 531
334 568
335 116
335 187
335 245
335 396
335 490
335 511
335 518
335 570
335 586
336 150
336 322
336 344
336 401
336 495
336 504
336 529
336 531
336 571
337 245
337 305
337 327
337 352
337 555
337 569
337 578
337 594
337 597
338 61
338 247
338 323
338 406
338 500
338 511
338 568
338 579
338 597
339 37
339 216
339 273
339 287
339 403
339 457
339 512
339 566
339 571
340 32
340 251
340 273
340 438
340 449
340 457
340 496
340 525
340 543
341 267
341 325
341 393
341 428
341 431
341 472
341 517
341 566
341 579
342 157
342 292
342 303
342 380
342 432
342 438
342 454
342 526
342 589
343 39
343 148
343 321
343 392
343 400
343 477
343 483
343 497
343 501
344 71
344 336
344 384
344 481
344 485
344 505
344 555
344 584
344 589
345 255
345 276
345 377
345 408
345 469
345 506
345 527
345 554
345 581
346 28
346 71
346 130
346 260
346 279
346 309
346 425
346 555
346 592
347 178
347 292
347 348
347 496
347 504
347 549
347 553
347 560
347 572
348 185
348 196
348 347
348 389
348 453
348 474
348 483
348 578
348 582
349 137
349 212
349 229
349 422
349 465
349 521
349 568
349 587
349 590
350 298
350 307
350 375
350 486
350 548
350 554
350 557
350 563
350 582
351 107
351 313
351 388
351 394
351 412
351 445
351 518
351 537
351 554
352 6
352 273
352 284
352 337
352 487
352 488
352 561
352 566
352 588
353 56
353 57
353 86
353 159
353 161
353 198
353 467
353 562
353 599
354 46
354 237
354 406
354 444
354 516
354 518
354 550
354 572
354 598
355 23
355 52
355 171
355 217
355 262
355 423
355 502
355 544
355 589
356 54
356 169
356 213
356 289
356 358
356 515
356 517
356 519
356 598
357 49
357 156
357 376
357 433
357 488
357 503
357 568
357 588
357 589
358 2
358 133
358 189
358 356
358 400
358 414
358 487
358 492
358 574
359 6
359 8
359 210
359 240
359 447
359 555
359 579
359 583
359 595
360 29
360 135
360 145
360 368
360 389
360 437
360 473
360 515
360 584
361 40
361 171
361 321
361 385
361 426
361 481
361 543
361 552
361 571
362 22
362 24
362 187
362 209
362 285
362 389
362 435
362 576
362 595
363 103
363 265
363 288
363 397
363 398
363 429
363 447
363 450
363 491
364 98
364 142
364 377
364 404
364 510
364 555
364 561
364 577
364 599
365 152
365 243
365 291
365 395
365 465
365 516
365 548
365 551
365 554
366 256
366 317
366 406
366 484
366 503
366 520
366 546
366 568
366 583
367 73
367 219
367 241
367 425
367 481
367 493
367 506
367 583
367 586
367 596
368 34
368 64
368 238
368 303
368 314
368 360
368 375
368 515
368 562
368 597
369 60
369 135
369 162
369 213
369 312
369 324
369 450
369 497
369 536
369 574
370 25
370 180
370 211
370 404
370 424
370 464
370 510
370 524
370 531
370 543
371 100
371 103
371 175
371 188
371 313
371 427
371 466
371 505
371 577
371 590
372 61
372 73
372 147
372 291
372 323
372 377
372 477
372 570
372 580
372 591
373 4
373 35
373 93
373 191
373 224
373 288
373 485
373 501
373 593
373 595
374 303
374 402
374 409
374 448
374 491
374 494
374 545
374 559
374 561
374 562
375 81
375 113
375 350
375 368
375 402
375 415
375 482
375 488
375 532
375 551
376 144
376 164
376 237
376 310
376 357
376 418
376 465
376 498
376 566
376 588
377 172
377 274
377 277
377 345
377 364
377 372
377 452
377 519
377 568
377 586
378 115
378 223
378 304
378 417
378 433
378 436
378 442
378 538
378 547
378 550
379 78
379 104
379 142
379 152
379 211
379 450
379 509
379 537
379 572
379 599
380 2
380 96
380 149
380 342
380 519
380 526
380 534
380 556
380 567
380 568
381 113
381 154
381 313
381 319
381 410
381 451
381 502
381 521
381 536
381 580
382 168
382 311
382 394
382 420
382 485
382 542
382 545
382 553
382 584
382 595
383 16
383 39
383 160
383 218
383 299
383 320
383 387
383 472
383 545
383 569
384 36
384 231
384 344
384 417
384 427
384 453
384 470
384 548
384 551
384 593
385 5
385 191
385 208
385 263
385 361
385 456
385 552
385 582
385 584
385 597
386 51
386 82
386 86
386 476
386 501
386 539
386 547
386 569
386 589
386 594
387 254
387 383
387 397
387 444
387 445
387 492
387 535
387 559
387 571
387 595
388 76
388 196
388 256
388 351
388 422
388 430
388 460
388 461
388 573
388 592
389 46
389 311
389 348
389 360
389 362
389 409
389 483
389 564
389 571
389 598
390 52
390 155
390 288
390 330
390 448
390 450
390 486
390 495
390 496
390 522
391 81
391 290
391 471
391 493
391 515
391 546
391 552
391 557
391 589
391 594
392 24
392 94
392 343
392 422
392 434
392 462
392 534
392 547
392 558
392 599
393 111
393 242
393 341
393 415
393 435
393 464
393 471
393 478
393 530
393 558
394 92
394 148
394 310
394 334
394 351
394 382
394 451
394 503
394 506
394 535
394 576
395 63
395 140
395 188
395 365
395 423
395 439
395 544
395 559
395 589
395 590
395 598
396 167
396 259
396 272
396 285
396 298
396 335
396 417
396 420
396 434
396 470
396 490
397 15
397 74
397 122
397 363
397 387
397 424
397 428
397 453
397 477
397 530
397 563
398 59
398 179
398 234
398 363
398 400
398 460
398 487
398 536
398 537
398 582
398 594
399 36
399 183
399 224
399 404
399 405
399 458
399 475
399 523
399 534
399 548
399 565
400 97
400 112
400 343
400 358
400 398
400 402
400 408
400 410
400 468
400 484
400 598
401 50
401 195
401 336
401 459
401 462
401 480
401 530
401 585
401 586
401 587
401 593
402 57
402 88
402 178
402 374
402 375
402 400
402 427
402 518
402 559
402 574
402 586
403 230
403 242
403 339
403 456
403 478
403 498
403 504
403 516
403 563
403 593
403 595
404 27
404 117
404 364
404 370
404 399
404 406
404 459
404 460
404 474
404 563
404 599
405 399
405 430
405 482
405 518
405 543
405 547
405 559
405 562
405 582
405 585
405 597
406 51
406 254
406 338
406 354
406 366
406 404
406 521
406 551
406 569
406 577
406 587
407 78
407 193
407 251
407 410
407 423
407 481
407 502
407 506
407 538
407 567
407 576
408 291
408 294
408 345
408 400
408 427
408 454
408 458
408 495
408 509
408 517
408 543
409 131
409 276
409 299
409 374
409 389
409 413
409 458
409 475
409 542
409 550
409 557
410 2
410 35
410 150
410 153
410 296
410 381
410 400
410 407
410 488
410 555
410 588
411 7
411 151
411 185
411 205
411 244
411 421
411 432
411 433
411 466
411 567
411 586
412 110
412 124
412 162
412 246
412 351
412 436
412 454
412 488
412 517
412 566
412 575
413 70
413 127
413 181
413 302
413 325
413 409
413 424
413 445
413 470
413 520
413 555
414 145
414 146
414 229
414 285
414 296
414 327
414 333
414 358
414 451
414 493
414 580
415 218
415 314
415 375
415 393
415 443
415 453
415 521
415 549
415 560
415 564
415 582
416 22
416 151
416 230
416 449
416 470
416 479
416 519
416 573
416 577
416 584
416 596
417 53
417 307
417 378
417 384
417 396
417 441
417 453
417 465
417 503
417 525
417 534
418 163
418 212
418 283
418 327
418 376
418 441
418 450
418 461
418 463
418 486
418 523
418 573
419 45
419 105
419 174
419 309
419 462
419 511
419 529
419 531
419 537
419 553
419 560
419 573
420 93
420 129
420 195
420 203
420 382
420 396
420 429
420 439
420 444
420 446
420 459
420 472
421 69
421 125
421 225
421 246
421 323
421 411
421 429
421 484
421 511
421 534
421 542
421 560
422 120
422 134
422 189
422 252
422 268
422 270
422 285
422 349
422 388
422 392
422 557
422 567
423 30
423 232
423 236
423 355
423 395
423 407
423 461
423 463
423 487
423 501
423 562
423 573
424 27
424 89
424 228
424 370
424 397
424 413
424 433
424 452
424 498
424 507
424 581
424 591
425 5
425 231
425 276
425 315
425 333
425 346
425 367
425 437
425 468
425 502
425 549
425 597
426 75
426 139
426 169
426 210
426 269
426 282
426 361
426 493
426 524
426 547
426 577
426 593
427 76
427 107
427 142
427 205
427 271
427 371
427 384
427 402
427 408
427 462
427 547
427 585
428 139
428 140
428 208
428 253
428 341
428 397
428 442
428 462
428 529
428 567
428 576
428 590
429 159
429 252
429 311
429 363
429 420
429 421
429 471
429 516
429 534
429 595
429 598
429 599
430 145
430 169
430 388
430 405
430 433
430 440
430 450
430 457
430 497
430 507
430 539
430 573
431 91
431 167
431 223
431 233
431 304
431 310
431 312
431 341
431 471
431 480
431 510
431 532
432 199
432 273
432 317
432 327
432 342
432 411
432 467
432 468
432 491
432 507
432 523
432 584
433 221
433 304
433 357
433 378
433 411
433 424
433 430
433 442
433 458
433 464
433 536
433 581
434 106
434 145
434 268
434 333
434 392
434 396
434 446
434 452
434 468
434 483
434 493
434 561
435 216
435 289
435 362
435 393
435 440
435 463
435 474
435 551
435 560
435 581
435 584
435 592
436 4
436 280
436 314
436 378
436 412
436 465
436 495
436 507
436 547
436 585
436 588
436 593
437 26
437 49
437 226
437 360
437 425
437 452
437 464
437 479
437 524
437 561
437 566
437 583
438 142
438 208
438 245
438 274
438 340
438 342
438 463
438 499
438 567
438 573
438 579
438 591
439 112
439 137
439 144
439 157
439 234
439 269
439 300
439 395
439 420
439 521
439 529
439 557
439 598
440 158
440 172
440 185
440 275
440 279
440 430
440 435
440 445
440 489
440 491
440 500
440 535
440 579
441 70
441 118
441 119
441 190
441 228
441 332
441 417
441 418
441 464
441 521
441 541
441 554
441 561
442 128
442 235
442 248
442 269
442 311
442 378
442 428
442 433
442 469
442 546
442 549
442 552
442 585
443 64
443 65
443 100
443 107
443 151
443 158
443 162
443 261
443 268
443 415
443 447
443 485
443 593
444 80
444 247
444 274
444 354
444 387
444 420
444 446
444 467
444 469
444 480
444 570
444 591
444 593
445 44
445 50
445 194
445 351
445 387
445 413
445 440
445 453
445 457
445 484
445 556
445 557
445 595
446 6
446 29
446 87
446 166
446 301
446 420
446 434
446 444
446 463
446 490
446 510
446 593
446 599
447 18
447 61
447 230
447 359
447 363
447 443
447 474
447 506
447 528
447 529
447 564
447 594
447 595
448 126
448 165
448 240
448 271
448 374
448 390
448 460
448 477
448 486
448 539
448 547
448 550
448 575
449 173
449 252
449 264
449 294
449 321
449 340
449 416
449 454
449 470
449 551
449 558
449 590
449 596
450 100
450 161
450 269
450 363
450 369
450 379
450 390
450 418
450 430
450 487
450 498
450 514
450 585
451 73
451 88
451 123
451 266
451 277
451 381
451 394
451 414
451 455
451 468
451 498
451 508
451 549
452 7
452 162
452 194
452 318
452 377
452 424
452 434
452 437
452 483
452 489
452 519
452 575
452 580
453 48
453 52
453 148
453 306
453 348
453 384
453 397
453 415
453 417
453 445
453 534
453 548
453 568
454 42
454 232
454 342
454 408
454 412
454 449
454 528
454 535
454 537
454 538
454 543
454 546
454 563
455 127
455 141
455 196
455 238
455 239
455 301
455 451
455 534
455 544
455 547
455 556
455 571
455 575
456 87
456 88
456 90
456 145
456 206
456 244
456 276
456 385
456 403
456 459
456 491
456 517
456 596
457 74
457 76
457 193
457 253
457 339
457 340
457 430
457 445
457 459
457 523
457 542
457 583
457 594
458 14
458 121
458 268
458 298
458 399
458 408
458 409
458 433
458 509
458 542
458 557
458 567
458 584
459 91
459 180
459 181
459 189
459 401
459 404
459 420
459 456
459 457
459 491
459 533
459 539
459 566
460 165
460 284
460 388
460 398
460 404
460 448
460 498
460 509
460 552
460 560
460 567
460 568
460 571
461 20
461 87
461 119
461 258
461 270
461 288
461 334
461 388
461 418
461 423
461 541
461 545
461 598
462 58
462 159
462 201
462 392
462 401
462 419
462 427
462 428
462 464
462 514
462 546
462 560
462 596
463 75
463 117
463 118
463 262
463 418
463 423
463 435
463 438
463 446
463 467
463 490
463 577
463 585
464 234
464 275
464 370
464 393
464 433
464 437
464 441
464 462
464 469
464 486
464 545
464 557
464 558
465 137
465 186
465 259
465 329
465 349
465 365
465 376
465 417
465 436
465 466
465 470
465 480
465 496
466 204
466 215
466 246
466 293
466 371
466 411
466 465
466 478
466 508
466 534
466 548
466 595
466 597
467 15
467 18
467 72
467 250
467 297
467 313
467 353
467 432
467 444
467 463
467 486
467 538
467 539
467 591
468 104
468 113
468 208
468 259
468 278
468 308
468 332
468 400
468 425
468 432
468 434
468 451
468 477
468 531
469 230
469 239
469 252
469 258
469 264
469 311
469 329
469 345
469 442
469 444
469 464
469 517
469 542
469 572
470 210
470 267
470 285
470 309
470 384
470 396
470 413
470 416
470 449
470 465
470 475
470 482
470 532
470 544
471 139
471 308
471 334
471 391
471 393
471 429
471 431
471 483
471 495
471 522
471 532
471 560
471 585
471 586
472 168
472 250
472 272
472 305
472 341
472 383
472 420
472 489
472 501
472 511
472 541
472 545
472 574
472 581
473 75
473 92
473 194
473 274
473 295
473 360
473 474
473 483
473 492
473 499
473 537
473 546
473 574
473 592
474 11
474 32
474 63
474 132
474 249
474 304
474 310
474 348
474 404
474 435
474 447
474 473
474 552
474 597
475 62
475 110
475 149
475 399
475 409
475 470
475 484
475 516
475 530
475 543
475 549
475 553
475 561
475 595
476 11
476 14
476 87
476 172
476 214
476 255
476 264
476 271
476 386
476 514
476 545
476 547
476 582
476 596
477 86
477 139
477 168
477 343
477 372
477 397
477 448
477 468
477 524
477 549
477 551
477 576
477 581
477 596
478 24
478 41
478 97
478 105
478 170
478 232
478 254
478 334
478 393
478 403
478 466
478 539
478 545
478 583
479 4
479 55
479 58
479 95
479 112
479 220
479 333
479 416
479 437
479 513
479 548
479 558
479 570
479 599
480 105
480 111
480 128
480 233
480 250
480 281
480 401
480 431
480 444
480 465
480 490
480 513
480 550
480 588
481 13
481 162
481 170
481 181
481 219
481 300
481 333
481 344
481 361
481 367
481 407
481 482
481 583
481 596
482 36
482 272
482 289
482 303
482 375
482 405
482 470
482 481
482 502
482 512
482 526
482 540
482 560
482 599
483 43
483 55
483 138
483 319
483 343
483 348
483 389
483 434
483 452
483 471
483 473
483 524
483 562
483 570
484 47
484 90
484 170
484 299
484 366
484 400
484 421
484 445
484 475
484 508
484 538
484 565
484 588
484 590
485 0
485 56
485 185
485 206
485 307
485 344
485 373
485 382
485 443
485 545
485 549
485 556
485 560
485 561
486 45
486 138
486 173
486 200
486 236
486 333
486 350
486 390
486 418
486 448
486 464
486 467
486 563
486 583
487 78
487 236
487 255
487 259
487 303
487 352
487 358
487 398
487 423
487 450
487 512
487 523
487 528
487 598
488 57
488 129
488 183
488 257
488 310
488 352
488 357
488 375
488 410
488 412
488 513
488 564
488 565
488 587
488 599
489 9
489 57
489 95
489 200
489 260
489 286
489 288
489 321
489 440
489 452
489 472
489 492
489 497
489 562
489 587
490 76
490 119
490 133
490 146
490 215
490 309
490 335
490 396
490 446
490 463
490 480
490 493
490 508
490 580
490 597
491 36
491 126
491 142
491 241
491 242
491 363
491 374
491 432
491 440
491 456
491 459
491 493
491 535
491 546
491 574
492 83
492 129
492 201
492 244
492 278
492 358
492 387
492 473
492 489
492 498
492 556
492 558
492 568
492 571
492 598
493 21
493 149
493 205
493 261
493 282
493 367
493 391
493 414
493 426
493 434
493 490
493 491
493 501
493 526
493 531
494 62
494 82
494 272
494 303
494 326
494 374
494 496
494 499
494 504
494 515
494 521
494 528
494 532
494 556
494 593
495 80
495 176
495 231
495 240
495 296
495 313
495 325
495 336
495 390
495 408
495 436
495 471
495 512
495 533
495 553
496 52
496 173
496 187
496 197
496 313
496 340
496 347
496 390
496 465
496 494
496 505
496 511
496 526
496 547
496 566
497 36
497 106
497 205
497 234
497 326
497 343
497 369
497 430
497 489
497 509
497 531
497 534
497 570
497 576
497 588
498 65
498 111
498 141
498 167
498 376
498 403
498 424
498 450
498 451
498 460
498 492
498 538
498 563
498 570
498 572
499 3
499 109
499 128
499 159
499 202
499 225
499 296
499 325
499 438
499 473
499 494
499 526
499 563
499 579
499 580
500 169
500 220
500 281
500 284
500 306
500 322
500 331
500 338
500 440
500 512
500 529
500 530
500 572
500 573
500 594
501 0
501 1
501 83
501 240
501 343
501 373
501 386
501 423
501 472
501 493
501 518
501 529
501 554
501 560
501 584
502 117
502 150
502 239
502 283
502 355
502 381
502 407
502 425
502 482
502 516
502 538
502 549
502 554
502 586
502 599
503 8
503 109
503 132
503 188
503 357
503 366
503 394
503 417
503 509
503 526
503 559
503 563
503 566
503 577
503 582
504 43
504 101
504 141
504 265
504 292
504 336
504 347
504 403
504 494
504 505
504 529
504 538
504 569
504 580
504 584
505 66
505 283
505 321
505 344
505 371
505 496
505 504
505 511
505 525
505 532
505 561
505 565
505 573
505 576
505 584
506 110
506 177
506 181
506 203
506 233
506 241
506 345
506 367
506 394
506 407
506 447
506 521
506 524
506 539
506 548
507 225
507 243
507 328
507 424
507 430
507 432
507 436
507 510
507 531
507 553
507 554
507 569
507 572
507 585
507 592
508 67
508 113
508 191
508 217
508 223
508 451
508 466
508 484
508 490
508 510
508 514
508 532
508 545
508 555
508 557
509 124
509 135
509 151
509 157
509 207
509 254
509 379
509 408
509 458
509 460
509 497
509 503
509 513
509 571
509 587
509 595
510 11
510 64
510 148
510 153
510 195
510 235
510 292
510 364
510 370
510 431
510 446
510 507
510 508
510 536
510 554
510 565
511 14
511 179
511 204
511 335
511 338
511 419
511 421
511 472
511 496
511 505
511 527
511 541
511 542
511 584
511 593
511 594
512 58
512 138
512 176
512 199
512 261
512 306
512 339
512 482
512 487
512 495
512 500
512 518
512 519
512 529
512 543
512 573
513 24
513 33
513 51
513 77
513 140
513 288
513 479
513 480
513 488
513 509
513 551
513 552
513 579
513 583
513 588
513 592
514 64
514 124
514 161
514 166
514 192
514 251
514 298
514 450
514 462
514 476
514 508
514 538
514 545
514 564
514 565
514 599
515 47
515 160
515 177
515 189
515 196
515 271
515 299
515 319
515 328
515 356
515 360
515 368
515 391
515 494
515 553
515 576
516 48
516 108
516 210
516 242
516 275
516 290
516 354
516 365
516 403
516 429
516 475
516 502
516 537
516 548
516 588
516 592
517 40
517 138
517 153
517 175
517 206
517 214
517 281
517 304
517 341
517 356
517 408
517 412
517 456
517 469
517 520
517 521
518 8
518 194
518 201
518 224
518 320
518 335
518 351
518 354
518 402
518 405
518 501
518 512
518 555
518 558
518 567
518 586
519 90
519 133
519 144
519 155
519 211
519 300
519 356
519 377
519 380
519 416
519 452
519 512
519 533
519 537
519 553
519 576
520 45
520 64
520 189
520 195
520 216
520 267
520 332
520 366
520 413
520 517
520 535
520 552
520 564
520 565
520 588
520 594
521 10
521 192
521 349
521 381
521 406
521 415
521 439
521 441
521 494
521 506
521 517
521 537
521 547
521 548
521 577
521 581
522 140
522 143
522 166
522 190
522 214
522 301
522 312
522 390
522 471
522 524
522 532
522 544
522 561
522 563
522 584
522 594
523 20
523 26
523 35
523 147
523 177
523 197
523 298
523 399
523 418
523 432
523 457
523 487
523 544
523 572
523 586
523 592
524 63
524 149
524 260
524 284
524 289
524 300
524 370
524 426
524 437
524 477
524 483
524 506
524 522
524 574
524 580
524 595
525 38
525 84
525 96
525 123
525 137
525 182
525 261
525 281
525 331
525 340
525 417
525 505
525 560
525 571
525 583
525 596
526 5
526 19
526 135
526 210
526 342
526 380
526 482
526 493
526 496
526 499
526 503
526 533
526 559
526 564
526 570
526 575
526 595
527 19
527 49
527 98
527 114
527 115
527 124
527 174
527 195
527 206
527 255
527 266
527 293
527 295
527 296
527 345
527 511
527 554
528 10
528 32
528 72
528 78
528 102
528 122
528 165
528 168
528 224
528 235
528 277
528 447
528 454
528 487
528 494
528 561
528 594
529 129
529 179
529 185
529 325
529 329
529 336
529 419
529 428
529 439
529 447
529 500
529 501
529 504
529 512
529 545
529 553
529 559
530 12
530 72
530 97
530 163
530 203
530 262
530 301
530 393
530 397
530 401
530 475
530 500
530 535
530 536
530 556
530 579
530 597
531 80
531 116
531 160
531 174
531 310
531 320
531 331
531 334
531 336
531 370
531 419
531 468
531 493
531 497
531 507
531 536
531 584
532 81
532 117
532 135
532 224
532 293
532 320
532 375
532 431
532 470
532 471
532 494
532 505
532 508
532 522
532 537
532 539
532 579
533 93
533 94
533 123
533 140
533 170
533 224
533 312
533 459
533 495
533 519
533 526
533 557
533 562
533 568
533 579
533 580
533 594
534 10
534 38
534 59
534 238
534 258
534 380
534 392
534 399
534 417
534 421
534 429
534 453
534 455
534 466
534 497
534 550
534 568
535 7
535 30
535 65
535 102
535 121
535 272
535 331
535 387
535 394
535 440
535 454
535 491
535 520
535 530
535 556
535 575
535 580
536 54
536 79
536 99
536 102
536 219
536 280
536 319
536 369
536 381
536 398
536 433
536 510
536 530
536 531
536 550
536 573
536 579
537 25
537 132
537 217
537 219
537 278
537 291
537 351
537 379
537 398
537 419
537 454
537 473
537 516
537 519
537 521
537 532
537 553
538 114
538 188
538 246
538 280
538 298
538 312
538 378
538 407
538 454
538 467
538 484
538 498
538 502
538 504
538 514
538 549
538 554
539 40
539 77
539 191
539 198
539 220
539 332
539 386
539 430
539 448
539 459
539 467
539 478
539 506
539 532
539 544
539 550
539 563
539 572
540 46
540 174
540 188
540 191
540 192
540 234
540 252
540 262
540 297
540 311
540 482
540 550
540 560
540 569
540 579
540 588
540 592
540 598
541 40
541 52
541 164
541 187
541 227
541 235
541 267
541 310
541 317
541 441
541 461
541 472
541 511
541 558
541 564
541 567
541 576
541 589
542 69
542 104
542 150
542 216
542 314
542 316
542 328
542 382
542 409
542 421
542 457
542 458
542 469
542 511
542 544
542 563
542 578
542 581
543 27
543 60
543 152
543 164
543 196
543 227
543 266
543 274
543 340
543 361
543 370
543 405
543 408
543 454
543 475
543 512
543 582
543 597
544 0
544 7
544 66
544 88
544 186
544 257
544 276
544 292
544 355
544 395
544 455
544 470
544 522
544 523
544 539
544 542
544 548
544 559
545 6
545 37
545 48
545 62
545 192
545 374
545 382
545 383
545 461
545 464
545 472
545 476
545 478
545 485
545 508
545 514
545 529
545 578
546 80
546 108
546 145
546 173
546 200
546 316
546 366
546 391
546 442
546 454
546 462
546 473
546 491
546 556
546 578
546 585
546 587
546 597
547 172
547 190
547 229
547 231
547 235
547 378
547 386
547 392
547 405
547 426
547 427
547 436
547 448
547 455
547 476
547 496
547 521
547 570
548 4
548 89
548 212
548 275
548 350
548 365
548 384
548 399
548 453
548 466
548 479
548 506
548 516
548 521
548 544
548 552
548 560
548 562
548 570
549 21
549 72
549 198
549 291
549 328
549 329
549 347
549 415
549 425
549 442
549 451
549 475
549 477
549 485
549 502
549 538
549 567
549 569
549 577
550 11
550 19
550 77
550 186
550 204
550 239
550 247
550 267
550 301
550 354
550 378
550 409
550 448
550 480
550 534
550 536
550 539
550 540
550 555
551 28
551 41
551 86
551 106
551 143
551 148
551 155
551 254
551 256
551 308
551 365
551 375
551 384
551 406
551 435
551 449
551 477
551 513
551 587
552 126
552 199
552 238
552 249
552 250
552 304
552 318
552 322
552 361
552 385
552 391
552 442
552 460
552 474
552 513
552 520
552 548
552 576
552 578
553 16
553 17
553 29
553 37
553 68
553 105
553 157
553 292
553 347
553 382
553 419
553 475
553 495
553 507
553 515
553 519
553 529
553 537
553 565
554 3
554 46
554 112
554 120
554 277
554 345
554 350
554 351
554 365
554 441
554 501
554 502
554 507
554 510
554 527
554 538
554 568
554 576
554 582
555 39
555 84
555 163
555 174
555 253
555 316
555 337
555 344
555 346
555 359
555 364
555 410
555 413
555 508
555 518
555 550
555 589
555 592
555 598
556 51
556 164
556 203
556 223
556 226
556 250
556 257
556 322
556 380
556 445
556 455
556 485
556 492
556 494
556 530
556 535
556 546
556 575
556 584
557 73
557 134
557 213
557 265
557 302
557 350
557 391
557 409
557 422
557 439
557 445
557 458
557 464
557 508
557 533
557 564
557 579
557 581
557 582
558 23
558 58
558 71
558 74
558 89
558 221
558 251
558 255
558 286
558 392
558 393
558 449
558 464
558 479
558 492
558 518
558 541
558 573
558 576
558 578
559 24
559 116
559 121
559 176
559 186
559 194
559 249
559 289
559 374
559 387
559 395
559 402
559 405
559 503
559 526
559 529
559 544
559 572
559 577
559 578
560 70
560 92
560 153
560 167
560 230
560 347
560 415
560 419
560 421
560 435
560 460
560 462
560 471
560 482
560 485
560 501
560 525
560 540
560 548
560 590
561 1
561 35
561 66
561 110
561 233
561 270
561 285
561 295
561 352
561 364
561 374
561 434
561 437
561 441
561 475
561 485
561 505
561 522
561 528
561 563
562 61
562 65
562 67
562 77
562 102
562 116
562 200
562 299
562 323
562 353
562 368
562 374
562 405
562 423
562 483
562 489
562 533
562 548
562 572
562 591
562 596
563 38
563 131
563 138
563 177
563 302
563 350
563 397
563 403
563 404
563 454
563 486
563 498
563 499
563 503
563 522
563 539
563 542
563 561
563 565
563 575
563 599
564 14
564 34
564 69
564 96
564 120
564 155
564 173
564 181
564 208
564 290
564 292
564 389
564 415
564 447
564 488
564 514
564 520
564 526
564 541
564 557
564 582
565 15
565 43
565 85
565 93
565 99
565 154
565 205
565 241
565 304
565 305
565 399
565 484
565 488
565 505
565 510
565 514
565 520
565 553
565 563
565 586
565 588
566 21
566 51
566 115
566 133
566 157
566 161
566 179
566 212
566 307
566 339
566 341
566 352
566 376
566 412
566 437
566 459
566 496
566 503
566 569
566 590
566 597
567 176
567 227
567 234
567 275
567 314
567 318
567 380
567 407
567 411
567 422
567 428
567 438
567 458
567 460
567 518
567 541
567 549
567 569
567 595
567 597
567 599
568 147
568 161
568 201
568 235
568 237
568 239
568 324
568 334
568 338
568 349
568 357
568 366
568 377
568 380
568 453
568 460
568 492
568 533
568 534
568 554
568 583
569 25
569 75
569 136
569 182
569 273
569 276
569 286
569 337
569 383
569 386
569 406
569 504
569 507
569 540
569 549
569 566
569 567
569 570
569 578
569 580
569 587
570 37
570 45
570 48
570 68
570 130
570 175
570 266
570 335
570 372
570 444
570 479
570 483
570 497
570 498
570 526
570 547
570 548
570 569
570 572
570 579
570 587
571 8
571 44
571 79
571 83
571 128
571 161
571 213
571 249
571 256
571 285
571 290
571 336
571 339
571 361
571 387
571 389
571 455
571 460
571 492
571 509
571 525
572 33
572 57
572 105
572 136
572 158
572 211
572 266
572 347
572 354
572 379
572 469
572 498
572 500
572 507
572 523
572 539
572 559
572 562
572 570
572 575
572 598
573 10
573 184
573 209
573 222
573 225
573 294
573 326
573 388
573 416
573 418
573 419
573 423
573 430
573 438
573 500
573 505
573 512
573 536
573 558
573 578
573 581
574 12
574 26
574 29
574 124
574 127
574 183
574 236
574 245
574 261
574 305
574 326
574 358
574 369
574 402
574 472
574 473
574 491
574 524
574 579
574 582
574 592
575 54
575 94
575 130
575 134
575 203
575 207
575 232
575 247
575 297
575 333
575 412
575 448
575 452
575 455
575 526
575 535
575 556
575 563
575 572
575 594
575 595
575 598
576 53
576 66
576 98
576 130
576 156
576 177
576 184
576 308
576 329
576 362
576 394
576 407
576 428
576 477
576 497
576 505
576 515
576 519
576 541
576 552
576 554
576 558
577 15
577 114
577 155
577 168
577 174
577 177
577 204
577 250
577 281
577 364
577 371
577 406
577 416
577 426
577 463
577 503
577 521
577 549
577 559
577 592
577 593
577 599
578 25
578 79
578 198
578 206
578 207
578 226
578 246
578 279
578 284
578 307
578 324
578 337
578 348
578 542
578 545
578 546
578 552
578 558
578 559
578 569
578 573
578 597
579 33
579 75
579 151
579 242
579 325
579 329
579 338
579 341
579 359
579 438
579 440
579 499
579 513
579 530
579 532
579 533
579 536
579 540
579 557
579 570
579 574
579 594
580 20
580 44
580 113
580 165
580 184
580 193
580 195
580 254
580 257
580 293
580 300
580 372
580 381
580 414
580 452
580 490
580 499
580 504
580 524
580 533
580 535
580 569
581 3
581 31
581 69
581 78
581 123
581 144
581 206
581 222
581 264
581 268
581 299
581 322
581 345
581 424
581 433
581 435
581 472
581 477
581 521
581 542
581 557
581 573
581 584
582 10
582 59
582 100
582 106
582 146
582 204
582 207
582 275
582 303
582 348
582 350
582 385
582 398
582 405
582 415
582 476
582 503
582 543
582 554
582 557
582 564
582 574
582 592
583 0
583 50
583 101
583 153
583 221
583 256
583 278
583 310
583 315
583 330
583 359
583 366
583 367
583 437
583 457
583 478
583 481
583 486
583 513
583 525
583 568
583 584
583 587
584 13
584 39
584 55
584 201
584 242
584 286
584 344
584 360
584 382
584 385
584 416
584 432
584 435
584 458
584 501
584 504
584 505
584 511
584 522
584 531
584 556
584 581
584 583
585 47
585 59
585 60
585 234
585 278
585 287
585 312
585 314
585 316
585 325
585 401
585 405
585 427
585 436
585 442
585 450
585 463
585 471
585 507
585 546
585 591
585 592
585 599
586 7
586 13
586 14
586 16
586 77
586 87
586 92
586 98
586 143
586 197
586 302
586 335
586 367
586 377
586 401
586 402
586 411
586 471
586 502
586 518
586 523
586 565
586 598
587 16
587 85
587 103
587 120
587 133
587 141
587 258
587 270
587 273
587 297
587 326
587 349
587 401
587 406
587 488
587 489
587 509
587 546
587 551
587 569
587 570
587 583
587 597
588 31
588 41
588 202
588 207
588 295
588 324
588 352
588 357
588 376
588 410
588 436
588 480
588 484
588 497
588 513
588 516
588 520
588 540
588 565
588 591
588 594
588 598
588 599
589 19
589 22
589 171
589 172
589 181
589 183
589 201
589 236
589 237
589 269
589 294
589 326
589 342
589 344
589 355
589 357
589 386
589 391
589 395
589 541
589 555
589 592
589 595
590 2
590 35
590 114
590 137
590 147
590 155
590 202
590 248
590 260
590 282
590 286
590 305
590 316
590 320
590 324
590 349
590 371
590 395
590 428
590 449
590 484
590 560
590 566
590 591
591 17
591 97
591 122
591 163
591 184
591 186
591 198
591 216
591 221
591 258
591 297
591 322
591 372
591 424
591 438
591 444
591 467
591 562
591 585
591 588
591 590
591 596
591 598
591 599
592 12
592 53
592 82
592 121
592 149
592 226
592 240
592 244
592 346
592 388
592 435
592 473
592 507
592 513
592 516
592 523
592 540
592 555
592 574
592 577
592 582
592 585
592 589
592 596
593 33
593 55
593 103
593 209
593 219
593 222
593 238
593 279
593 307
593 318
593 373
593 384
593 401
593 403
593 426
593 436
593 443
593 444
593 446
593 494
593 511
593 577
593 596
593 598
594 13
594 22
594 32
594 108
594 159
594 165
594 183
594 246
594 265
594 337
594 386
594 391
594 398
594 447
594 457
594 500
594 511
594 520
594 522
594 528
594 533
594 575
594 579
594 588
595 1
595 192
595 202
595 213
595 243
595 249
595 253
595 359
595 362
595 373
595 382
595 387
595 403
595 429
595 445
595 447
595 466
595 475
595 509
595 524
595 526
595 567
595 575
595 589
596 18
596 30
596 38
596 63
596 122
596 151
596 171
596 278
596 280
596 294
596 315
596 367
596 416
596 449
596 456
596 462
596 476
596 477
596 481
596 525
596 562
596 591
596 592
596 593
596 599
597 1
597 58
597 95
597 96
597 100
597 183
597 238
597 247
597 248
597 337
597 338
597 368
597 385
597 405
597 425
597 466
597 474
597 490
597 530
597 543
597 546
597 566
597 567
597 578
597 587
598 37
598 149
598 187
598 236
598 256
598 284
598 321
598 354
598 356
598 389
598 395
598 400
598 429
598 439
598 461
598 487
598 492
598 540
598 555
598 572
598 575
598 586
598 588
598 591
598 593
599 84
599 109
599 118
599 170
599 287
599 291
599 353
599 364
599 379
599 392
599 404
599 429
599 446
599 479
599 482
599 488
599 502
599 514
599 563
599 567
599 577
599 585
599 588
599 591
599 596
