398 542
443 524
343 385
218 592
42 457
93 501
475 499
424 521
359 406
149 410
484 580
350 592
443 517
266 579
356 542
490 552
365 472
152 219
540 599
298 403
320 562
18 329
97 446
499 510
320 417
27 599
137 173
47 493
160 597
247 581
395 580
292 452
444 564
342 444
56 330
534 574
129 584
519 549
233 556
380 436
117 519
19 327
535 587
136 574
302 474
428 548
114 586
173 535
552 586
142 567
306 596
398 587
296 578
136 598
220 417
64 488
551 576
182 440
184 508
40 385
111 372
496 579
426 435
408 485
425 585
483 574
447 524
365 596
185 355
442 595
375 464
517 594
556 581
336 534
63 589
84 454
339 515
414 505
15 421
36 395
274 490
203 464
227 470
233 488
433 587
397 496
71 548
493 497
75 545
349 589
355 528
488 570
288 417
306 503
475 590
380 449
22 193
78 454
375 597
180 549
182 394
184 394
309 573
277 548
117 421
317 376
500 581
359 541
359 424
70 592
288 535
36 298
473 541
40 88
127 406
436 551
130 524
75 590
115 557
221 589
78 457
415 573
398 464
151 552
250 587
16 596
309 518
236 246
328 548
294 329
207 535
261 581
137 591
184 408
93 595
111 505
4 274
154 419
356 496
362 596
454 502
21 236
121 592
340 505
396 576
487 513
496 535
482 598
305 556
91 489
475 573
154 315
483 579
452 587
454 489
346 548
438 454
424 486
520 597
192 422
452 547
270 558
215 573
273 289
183 233
83 579
50 542
424 493
414 555
384 464
419 444
475 523
352 543
449 545
117 599
177 440
18 472
435 570
404 555
557 578
456 489
419 562
302 578
196 542
318 578
292 597
23 365
212 410
236 557
27 586
125 355
306 526
36 529
77 551
386 406
260 534
339 426
587 595
435 520
518 584
150 598
46 114
419 595
6 556
29 379
184 561
516 517
372 576
263 499
505 507
198 493
515 573
263 512
71 589
518 579
88 513
251 552
143 570
183 403
259 578
90 322
71 110
534 557
117 184
482 519
375 531
449 472
306 473
312 517
500 540
40 570
149 409
388 508
375 380
340 450
346 508
296 339
422 520
23 369
133 587
65 443
312 524
350 452
308 387
223 581
339 473
256 296
594 596
151 499
188 562
388 394
161 493
54 400
75 573
316 591
482 537
46 579
322 517
68 596
237 512
552 580
129 322
223 573
97 438
277 527
294 472
41 196
223 578
136 592
484 587
527 556
440 444
101 574
543 573
26 264
139 539
167 532
386 477
98 236
121 547
306 362
396 488
352 404
496 580
445 490
227 251
444 595
247 595
273 330
438 524
133 542
80 422
415 590
396 556
219 524
107 339
239 438
283 377
452 592
385 551
133 284
161 579
515 524
400 543
343 527
162 505
18 274
402 446
424 581
370 372
308 511
99 543
192 592
196 565
65 524
317 488
252 515
273 469
328 574
97 582
433 580
107 519
136 277
433 469
514 598
90 395
210 513
380 464
260 589
512 543
408 595
86 571
397 591
532 555
250 595
125 571
340 576
566 580
513 584
296 550
527 534
342 482
91 379
404 543
259 417
98 308
210 359
249 269
49 408
86 562
88 450
532 562
422 592
557 598
409 509
500 556
159 435
16 579
507 562
146 475
256 551
29 270
4 425
26 564
356 591
433 542
346 447
220 404
576 586
30 326
288 342
549 591
508 577
21 140
521 595
268 577
215 572
84 489
433 535
150 578
377 520
70 435
426 598
299 518
515 598
268 350
330 598
150 564
270 569
41 298
131 562
150 370
30 409
202 581
370 419
227 599
51 571
343 500
346 574
49 388
93 542
388 548
159 407
428 436
535 552
131 318
207 587
266 596
156 576
425 475
86 593
23 474
261 315
387 573
433 484
416 534
336 574
406 524
156 552
484 592
88 142
306 518
473 596
497 589
540 556
161 473
162 540
343 394
50 316
140 446
550 570
189 284
284 587
376 540
308 446
275 489
78 414
80 452
152 284
227 586
299 415
529 543
127 342
346 523
421 534
84 379
56 562
552 599
312 518
189 277
387 555
67 543
160 592
416 548
372 599
512 559
505 575
193 551
64 308
377 581
449 464
485 562
146 400
41 516
83 129
505 599
534 589
7 504
322 403
415 425
74 336
219 239
450 591
342 577
121 319
53 328
46 361
551 581
159 488
590 595
406 485
51 259
34 473
294 558
270 409
435 452
400 546
385 581
370 521
33 482
327 512
19 230
202 522
98 446
559 586
415 585
256 429
485 598
309 493
223 555
521 525
524 558
283 376
269 592
370 403
296 562
336 527
370 482
107 513
543 555
508 574
409 410
217 591
499 543
137 398
247 319
414 489
296 318
137 580
583 598
489 524
453 542
446 482
53 260
370 562
404 421
500 590
268 597
289 568
517 587
437 534
210 218
484 535
130 517
57 547
259 443
261 579
68 83
86 406
343 540
330 409
456 570
21 308
356 498
546 552
548 571
215 553
386 515
574 575
212 273
302 407
484 542
129 524
349 574
251 490
520 592
260 449
408 458
299 365
417 524
203 578
521 553
542 591
343 488
19 376
180 571
215 590
517 533
340 599
90 219
314 573
314 419
318 598
227 552
239 517
350 536
42 489
317 551
439 547
150 562
376 513
433 496
142 488
217 425
38 563
77 460
140 249
207 580
50 535
49 386
180 521
493 596
294 384
444 532
296 515
428 589
496 565
518 599
461 573
173 591
448 551
416 422
416 528
143 488
77 596
386 485
104 548
252 589
576 599
101 543
73 585
111 586
519 595
288 482
74 578
386 582
63 548
249 582
268 435
548 589
80 462
161 472
326 327
256 500
438 443
352 499
336 349
26 387
154 169
210 314
250 542
320 598
284 580
30 565
452 520
57 454
275 379
21 355
302 597
274 599
134 349
47 596
156 599
490 505
561 592
233 551
198 563
417 578
7 365
377 556
68 365
380 591
217 398
440 449
385 448
56 326
127 595
214 230
114 599
10 587
302 318
543 585
329 380
115 473
372 552
27 552
380 440
38 585
499 573
535 591
540 570
78 489
10 316
214 249
188 457
482 535
284 546
106 340
74 416
16 361
473 518
571 598
202 479
274 576
535 580
596 598
306 369
490 537
496 591
116 424
65 395
143 429
277 534
6 513
444 598
467 581
177 568
142 570
146 585
274 552
314 499
387 475
188 595
29 593
127 590
315 336
425 573
547 592
326 410
256 471
422 452
425 590
49 519
183 596
152 535
0 22
115 230
385 556
527 572
252 527
515 521
36 438
376 436
251 599
140 596
250 580
68 579
471 475
407 592
106 586
438 517
578 598
28 557
162 586
93 557
403 438
475 555
192 547
46 424
250 591
306 493
73 513
221 275
365 579
167 407
64 566
137 397
104 397
397 398
403 517
315 359
263 586
305 567
322 463
53 589
330 415
384 528
277 554
315 581
375 440
140 214
90 517
435 547
583 590
435 592
67 585
139 372
379 414
508 589
431 596
22 233
261 570
408 557
65 540
121 597
263 555
395 428
161 596
400 518
439 496
266 518
162 599
592 597
169 434
27 457
192 520
67 590
212 571
134 574
237 239
250 496
500 565
215 585
167 592
41 580
270 476
275 454
478 489
260 548
346 388
180 515
125 595
424 554
369 596
407 419
46 463
34 431
512 590
289 433
588 591
185 446
261 422
149 273
320 578
217 433
73 404
152 591
221 527
130 443
404 590
131 581
408 521
292 592
404 573
518 596
369 582
316 542
570 581
294 440
482 485
359 500
515 569
573 585
247 489
30 273
56 289
273 410
457 536
490 586
230 568
362 534
302 595
29 489
535 547
193 555
356 532
394 508
428 572
563 596
451 488
493 574
424 518
580 587
217 542
372 586
283 305
33 521
33 444
361 561
431 434
116 599
376 402
193 556
214 236
198 362
182 464
203 384
80 597
283 488
251 546
379 489
288 386
217 284
75 263
419 578
64 249
198 579
416 550
534 584
80 302
134 527
173 458
417 419
218 436
54 493
251 586
400 590
586 592
552 576
350 459
375 449
219 438
38 590
4 586
484 591
246 449
249 355
239 567
264 266
236 446
387 539
372 560
269 547
578 586
154 488
246 472
402 570
169 500
355 449
131 519
319 426
29 454
159 520
218 385
7 121
522 552
101 548
370 519
264 573
106 576
198 431
269 597
75 432
296 419
428 534
433 591
305 402
402 556
125 557
73 543
578 599
84 457
19 350
26 590
189 472
395 524
547 558
264 555
407 502
28 438
53 426
581 585
173 177
47 518
177 182
237 585
71 534
402 436
514 597
125 575
134 589
247 571
548 574
40 526
316 496
356 580
339 388
396 581
329 464
400 512
299 473
446 491
223 512
302 554
202 556
104 508
91 380
237 320
292 573
134 428
70 558
256 570
130 431
260 574
28 562
576 589
421 589
210 349
317 556
160 292
490 599
189 508
488 513
41 587
63 514
535 542
275 457
97 185
167 442
388 421
212 289
292 547
298 438
136 421
305 424
396 436
15 56
202 359
183 395
380 384
513 551
117 595
361 596
361 431
512 591
184 346
562 595
239 524
536 542
136 428
15 586
328 329
327 499
21 485
259 595
403 483
99 400
140 355
18 246
221 328
266 431
288 581
207 591
350 520
99 264
579 585
490 576
322 597
4 599
294 441
4 505
454 457
189 574
137 520
230 499
305 581
210 570
500 522
284 591
327 555
221 346
406 515
573 577
346 527
220 370
57 592
421 479
223 264
330 468
499 503
152 566
407 454
448 567
505 586
219 443
38 230
419 557
484 496
139 576
356 397
177 472
512 555
90 587
220 519
250 436
398 484
110 505
349 416
101 527
482 515
377 500
252 263
316 548
264 492
67 512
230 555
416 551
309 579
203 535
386 598
116 552
151 385
104 421
505 572
350 597
203 440
352 387
543 587
586 593
115 475
444 578
534 576
386 455
23 83
319 521
34 309
98 214
462 590
233 504
379 521
316 587
111 466
149 326
448 540
361 493
317 448
50 595
417 444
77 362
385 577
305 359
490 519
396 570
182 442
453 551
440 472
183 298
457 596
426 557
246 464
299 579
193 527
396 484
421 508
283 570
251 443
169 508
407 597
28 417
356 473
340 552
452 597
275 414
33 557
527 574
436 448
227 477
129 312
488 575
51 485
485 595
456 520
312 322
289 409
308 355
440 486
294 449
319 557
395 443
410 596
396 551
49 506
239 443
521 571
369 518
315 590
70 597
362 473
274 531
156 505
292 520
350 547
91 414
585 590
16 319
38 352
369 575
406 595
261 377
63 534
317 396
318 362
268 592
110 599
218 499
386 519
319 595
196 591
425 543
397 587
183 517
407 520
481 555
398 563
408 559
542 587
329 472
425 512
397 580
415 558
218 540
160 547
414 589
327 404
167 597
314 590
452 474
308 327
513 581
356 587
252 548
270 330
294 380
116 372
189 394
377 523
57 422
314 585
320 485
512 585
15 394
107 598
53 574
22 551
309 431
336 589
283 343
30 410
180 466
415 451
77 299
259 408
376 487
252 508
369 579
151 576
275 547
573 590
261 540
252 388
343 581
42 454
114 558
133 504
312 395
23 473
407 435
160 591
142 595
457 489
185 236
387 585
339 598
342 426
0 540
426 580
151 490
227 576
156 298
464 553
188 288
247 408
485 515
73 590
111 599
182 375
149 289
314 352
320 594
355 446
505 576
499 555
139 586
51 339
26 543
116 586
212 326
104 455
428 574
107 562
133 580
298 517
10 580
388 534
541 543
247 328
540 551
63 74
527 589
326 445
554 557
298 524
508 512
586 599
551 555
402 500
376 551
362 518
319 515
177 464
202 424
115 585
127 557
316 589
67 462
565 595
433 434
342 578
377 570
466 592
513 540
185 597
556 598
515 535
99 146
496 587
375 472
309 596
223 585
7 493
270 410
18 553
203 472
369 493
207 560
180 598
349 394
444 482
482 557
101 394
269 452
131 521
149 447
538 542
428 537
160 268
547 597
398 449
408 491
460 599
167 269
430 542
425 555
312 468
427 574
51 91
74 527
93 578
372 527
431 497
417 469
340 490
425 556
139 490
263 590
428 527
237 590
42 588
403 443
65 403
365 576
192 597
431 579
288 557
34 596
110 589
159 592
220 578
426 519
162 576
569 589
330 410
475 549
283 477
106 552
221 361
292 560
207 541
86 426
88 448
435 597
384 449
10 519
185 539
314 580
387 400
47 410
142 540
0 570
188 521
54 573
376 467
397 579
384 472
422 597
478 540
377 513
215 475
169 448
520 547
7 431
196 484
414 454
436 570
143 551
19 54
6 570
214 482
521 598
499 590
152 580
320 486
375 384
448 581
237 415
473 579
562 598
414 457
436 513
509 512
555 573
557 562
47 83
379 457
237 555
143 556
151 586
150 566
50 484
375 409
318 406
193 581
322 438
343 591
328 508
212 409
336 507
169 315
445 552
361 579
64 446
562 584
587 592
515 578
71 597
328 589
114 559
154 540
342 551
519 598
173 587
27 576
233 315
16 266
70 520
517 524
246 329
546 579
159 547
398 535
130 580
6 402
317 590
580 591
409 595
362 533
