0 410
0 430
0 464
0 478
0 494
1 59
1 117
1 309
1 463
1 520
2 458
2 459
2 481
2 515
2 581
3 351
3 406
3 445
3 595
3 599
4 161
4 191
4 280
4 414
4 567
5 74
5 137
5 140
5 353
5 594
6 129
6 241
6 284
6 490
6 597
7 382
7 490
7 525
7 536
7 577
8 380
8 426
8 505
8 510
8 569
9 68
9 114
9 398
9 543
9 556
10 100
10 280
10 528
10 585
10 595
11 225
11 315
11 396
11 416
11 544
12 108
12 289
12 521
12 576
12 596
13 361
13 414
13 476
13 515
13 577
14 15
14 134
14 260
14 305
14 594
15 14
15 234
15 247
15 488
15 572
16 291
16 308
16 435
16 500
16 583
17 21
17 219
17 413
17 542
17 562
18 59
18 401
18 406
18 553
18 561
19 142
19 399
19 409
19 580
19 591
20 112
20 209
20 408
20 533
20 593
21 17
21 187
21 252
21 577
21 588
22 135
22 259
22 432
22 551
22 570
23 428
23 494
23 551
23 562
23 573
24 115
24 184
24 350
24 388
24 575
25 211
25 220
25 266
25 351
25 401
26 361
26 366
26 399
26 500
26 529
27 444
27 520
27 555
27 576
27 595
28 116
28 324
28 358
28 374
28 502
29 98
29 433
29 488
29 562
29 597
30 293
30 294
30 430
30 442
30 543
31 82
31 283
31 431
31 439
31 456
32 76
32 147
32 232
32 552
32 576
33 252
33 271
33 515
33 553
33 564
34 318
34 363
34 366
34 383
34 592
35 98
35 143
35 189
35 199
35 317
36 186
36 321
36 479
36 492
36 573
37 446
37 448
37 539
37 588
37 590
38 330
38 400
38 443
38 482
38 564
39 294
39 395
39 475
39 534
39 598
40 130
40 347
40 421
40 523
40 571
41 104
41 290
41 407
41 564
41 570
42 277
42 402
42 461
42 477
42 599
43 70
43 339
43 423
43 478
43 571
44 67
44 358
44 383
44 534
44 560
45 55
45 231
45 285
45 555
45 589
46 327
46 391
46 506
46 563
46 585
47 360
47 382
47 440
47 476
47 562
48 257
48 283
48 405
48 417
48 443
49 146
49 155
49 209
49 290
49 578
50 69
50 389
50 394
50 439
50 485
51 487
51 533
51 550
51 572
51 584
52 296
52 464
52 480
52 595
52 596
53 111
53 180
53 372
53 430
53 582
54 122
54 190
54 518
54 525
54 568
55 45
55 550
55 551
55 566
55 598
56 58
56 544
56 567
56 586
56 592
57 66
57 105
57 366
57 536
57 554
58 56
58 192
58 508
58 552
58 556
59 1
59 18
59 113
59 381
59 461
60 471
60 520
60 562
60 569
60 590
61 447
61 477
61 503
61 543
61 593
62 222
62 296
62 382
62 566
62 567
63 241
63 410
63 464
63 570
63 591
64 276
64 449
64 493
64 576
64 596
65 229
65 325
65 420
65 535
65 561
66 57
66 277
66 315
66 398
66 494
67 44
67 320
67 510
67 572
67 575
68 9
68 239
68 332
68 505
68 535
69 50
69 79
69 236
69 408
69 522
70 43
70 330
70 357
70 475
70 484
71 530
71 541
71 552
71 562
71 585
72 193
72 441
72 533
72 590
72 596
73 395
73 437
73 520
73 527
73 594
74 5
74 107
74 533
74 568
74 582
75 102
75 302
75 334
75 547
75 567
76 32
76 335
76 456
76 507
76 549
77 387
77 427
77 502
77 526
77 591
78 230
78 423
78 557
78 587
78 591
79 69
79 334
79 446
79 549
79 591
80 131
80 146
80 377
80 442
80 548
81 166
81 215
81 253
81 337
81 513
82 31
82 315
82 456
82 489
82 537
83 150
83 248
83 385
83 449
83 452
84 292
84 424
84 444
84 454
84 564
85 144
85 276
85 533
85 591
85 598
86 175
86 254
86 519
86 545
86 565
87 120
87 194
87 470
87 497
87 511
88 208
88 282
88 395
88 556
88 564
89 274
89 305
89 372
89 440
89 547
90 147
90 220
90 452
90 524
90 564
91 423
91 466
91 498
91 562
91 565
92 308
92 346
92 468
92 571
92 590
93 469
93 481
93 496
93 505
93 565
94 297
94 335
94 387
94 440
94 593
95 130
95 147
95 365
95 472
95 544
96 337
96 356
96 412
96 432
96 547
97 157
97 440
97 475
97 582
97 595
98 29
98 35
98 364
98 546
98 566
99 561
99 574
99 582
99 591
99 594
100 10
100 282
100 517
100 524
100 599
101 472
101 539
101 567
101 590
101 597
102 75
102 399
102 474
102 495
102 548
103 398
103 410
103 470
103 504
103 571
104 41
104 437
104 459
104 494
104 526
105 57
105 553
105 560
105 567
105 593
106 320
106 395
106 534
106 560
106 598
107 74
107 186
107 472
107 577
107 580
108 12
108 148
108 165
108 328
108 569
109 119
109 214
109 215
109 390
109 462
110 189
110 359
110 412
110 473
110 559
111 53
111 329
111 347
111 505
111 511
112 20
112 243
112 270
112 289
112 511
113 59
113 239
113 557
113 558
113 563
114 9
114 513
114 517
114 534
114 577
115 24
115 200
115 484
115 531
115 574
116 28
116 125
116 198
116 281
116 498
117 1
117 449
117 507
117 591
117 595
118 215
118 350
118 378
118 543
118 550
119 109
119 158
119 472
119 495
119 563
120 87
120 198
120 286
120 581
120 598
121 352
121 410
121 511
121 521
121 579
122 54
122 274
122 354
122 426
122 551
123 322
123 390
123 440
123 519
123 565
124 224
124 505
124 543
124 550
124 594
125 116
125 126
125 210
125 472
125 598
126 125
126 445
126 490
126 570
126 587
127 361
127 512
127 518
127 559
127 584
128 152
128 496
128 498
128 553
128 576
129 6
129 267
129 342
129 357
129 451
130 40
130 95
130 400
130 582
130 593
131 80
131 394
131 454
131 530
131 571
132 151
132 516
132 558
132 561
132 590
133 318
133 377
133 390
133 453
133 589
134 14
134 512
134 548
134 577
134 585
135 22
135 245
135 467
135 514
135 590
136 409
136 484
136 496
136 532
136 543
137 5
137 444
137 492
137 503
137 555
138 190
138 386
138 472
138 478
138 539
139 173
139 279
139 446
139 550
139 578
140 5
140 143
140 167
140 193
140 468
141 189
141 324
141 425
141 450
141 520
142 19
142 240
142 312
142 561
142 578
143 35
143 140
143 313
143 491
143 545
144 85
144 472
144 547
144 575
144 576
145 155
145 235
145 437
145 571
145 590
146 49
146 80
146 454
146 476
146 535
147 32
147 90
147 95
147 379
147 493
148 108
148 164
148 408
148 458
148 554
149 223
149 313
149 554
149 555
149 574
149 588
150 83
150 437
150 493
150 517
150 527
150 569
151 132
151 227
151 323
151 504
151 524
151 582
152 128
152 420
152 434
152 509
152 597
152 598
153 183
153 199
153 201
153 308
153 321
153 450
154 288
154 322
154 377
154 411
154 456
154 502
155 49
155 145
155 183
155 208
155 392
155 427
156 311
156 396
156 460
156 476
156 511
156 517
157 97
157 211
157 424
157 463
157 525
157 585
158 119
158 306
158 344
158 536
158 581
158 590
159 246
159 460
159 461
159 550
159 581
159 588
160 180
160 287
160 316
160 500
160 565
160 585
161 4
161 273
161 338
161 500
161 506
161 548
162 208
162 353
162 478
162 499
162 534
162 543
163 251
163 487
163 492
163 504
163 556
163 573
164 148
164 165
164 227
164 303
164 397
164 597
165 108
165 164
165 194
165 543
165 571
165 591
166 81
166 170
166 384
166 430
166 467
166 515
167 140
167 314
167 344
167 381
167 469
167 490
168 353
168 398
168 469
168 509
168 520
168 543
169 346
169 365
169 541
169 542
169 585
169 595
170 166
170 349
170 375
170 449
170 515
170 587
171 376
171 393
171 431
171 464
171 501
171 594
172 368
172 420
172 432
172 512
172 586
172 588
173 139
173 189
173 415
173 532
173 554
173 566
174 257
174 435
174 478
174 497
174 546
174 571
175 86
175 183
175 286
175 298
175 384
175 529
176 454
176 471
176 485
176 503
176 576
176 577
177 523
177 524
177 547
177 557
177 558
177 566
178 425
178 454
178 480
178 482
178 556
178 596
179 181
179 250
179 356
179 544
179 578
179 582
180 53
180 160
180 204
180 359
180 522
180 575
181 179
181 225
181 289
181 474
181 520
181 542
182 301
182 461
182 513
182 558
182 563
182 588
183 153
183 155
183 175
183 368
183 395
183 567
184 24
184 297
184 367
184 451
184 511
184 525
185 452
185 455
185 463
185 490
185 555
185 590
186 36
186 107
186 216
186 238
186 260
186 593
187 21
187 204
187 272
187 362
187 469
187 483
188 313
188 408
188 483
188 503
188 524
188 551
189 35
189 110
189 141
189 173
189 264
189 595
190 54
190 138
190 251
190 384
190 537
190 571
191 4
191 299
191 314
191 323
191 407
191 566
192 58
192 365
192 371
192 512
192 527
192 590
193 72
193 140
193 413
193 424
193 455
193 534
194 87
194 165
194 275
194 283
194 530
194 570
195 205
195 238
195 246
195 457
195 485
195 522
196 247
196 249
196 426
196 479
196 556
196 581
197 367
197 499
197 528
197 552
197 557
197 581
198 116
198 120
198 366
198 370
198 420
198 484
199 35
199 153
199 200
199 388
199 527
199 576
200 115
200 199
200 241
200 405
200 406
200 454
201 153
201 285
201 351
201 370
201 431
201 546
202 341
202 400
202 420
202 502
202 518
202 592
203 215
203 346
203 389
203 521
203 586
203 593
204 180
204 187
204 261
204 391
204 403
204 551
205 195
205 213
205 402
205 454
205 508
205 522
206 273
206 433
206 478
206 536
206 573
206 592
207 297
207 329
207 380
207 451
207 506
207 516
208 88
208 155
208 162
208 248
208 484
208 585
209 20
209 49
209 252
209 360
209 451
209 584
210 125
210 340
210 461
210 556
210 569
210 575
211 25
211 157
211 295
211 435
211 498
211 573
212 386
212 485
212 507
212 508
212 523
212 580
213 205
213 242
213 375
213 417
213 456
213 599
214 109
214 241
214 380
214 481
214 507
214 572
215 81
215 109
215 118
215 203
215 310
215 556
216 186
216 217
216 290
216 346
216 510
216 513
217 216
217 319
217 480
217 522
217 553
217 584
218 306
218 369
218 442
218 443
218 466
218 557
219 17
219 312
219 452
219 471
219 545
219 567
220 25
220 90
220 375
220 438
220 480
220 491
221 251
221 421
221 556
221 557
221 583
221 592
222 62
222 373
222 374
222 385
222 477
222 587
223 149
223 322
223 442
223 474
223 581
223 590
224 124
224 375
224 404
224 428
224 516
224 568
225 11
225 181
225 368
225 384
225 447
225 554
226 374
226 500
226 534
226 548
226 569
226 588
227 151
227 164
227 239
227 262
227 355
227 556
228 368
228 377
228 532
228 559
228 593
228 599
229 65
229 281
229 474
229 521
229 548
229 589
230 78
230 336
230 486
230 522
230 529
230 535
231 45
231 285
231 424
231 505
231 534
231 576
232 32
232 366
232 374
232 379
232 499
232 517
233 325
233 404
233 528
233 530
233 544
233 572
234 15
234 459
234 505
234 537
234 546
234 569
235 145
235 396
235 437
235 501
235 582
235 597
236 69
236 250
236 299
236 348
236 429
236 550
237 455
237 498
237 534
237 557
237 583
237 585
238 186
238 195
238 418
238 450
238 535
238 570
239 68
239 113
239 227
239 487
239 527
239 583
240 142
240 362
240 416
240 448
240 460
240 567
241 6
241 63
241 200
241 214
241 426
241 434
242 213
242 312
242 350
242 458
242 531
242 563
243 112
243 374
243 471
243 477
243 495
243 515
244 325
244 474
244 499
244 526
244 549
244 570
245 135
245 316
245 443
245 526
245 527
245 582
246 159
246 195
246 320
246 452
246 528
246 541
247 15
247 196
247 525
247 557
247 572
247 584
248 83
248 208
248 378
248 451
248 468
248 490
249 196
249 270
249 300
249 335
249 549
249 591
250 179
250 236
250 422
250 479
250 531
250 537
251 163
251 190
251 221
251 294
251 302
251 406
252 21
252 33
252 209
252 488
252 506
252 546
253 81
253 287
253 411
253 438
253 496
253 574
254 86
254 359
254 466
254 526
254 549
254 582
255 310
255 425
255 427
255 445
255 465
255 490
256 339
256 429
256 514
256 529
256 560
256 570
257 48
257 174
257 467
257 514
257 517
257 561
258 393
258 423
258 480
258 493
258 529
258 598
259 22
259 343
259 471
259 535
259 575
259 599
260 14
260 186
260 426
260 488
260 530
260 539
261 204
261 315
261 345
261 462
261 503
261 589
262 227
262 346
262 422
262 432
262 440
262 491
262 560
263 404
263 438
263 475
263 476
263 510
263 521
263 587
264 189
264 397
264 428
264 429
264 541
264 567
264 589
265 372
265 417
265 429
265 537
265 555
265 585
265 590
266 25
266 268
266 449
266 460
266 474
266 506
266 595
267 129
267 268
267 417
267 465
267 483
267 545
267 586
268 266
268 267
268 303
268 306
268 519
268 567
268 592
269 272
269 288
269 308
269 318
269 399
269 500
269 565
270 112
270 249
270 339
270 410
270 483
270 514
270 574
271 33
271 278
271 285
271 464
271 520
271 559
271 574
272 187
272 269
272 314
272 462
272 473
272 526
272 530
273 161
273 206
273 297
273 332
273 546
273 584
273 596
274 89
274 122
274 283
274 428
274 441
274 476
274 584
275 194
275 292
275 298
275 520
275 539
275 569
275 575
276 64
276 85
276 344
276 380
276 388
276 453
276 541
277 42
277 66
277 350
277 351
277 507
277 524
277 565
278 271
278 347
278 399
278 435
278 497
278 524
278 547
279 139
279 307
279 432
279 486
279 513
279 532
279 535
280 4
280 10
280 327
280 389
280 412
280 469
280 574
281 116
281 229
281 460
281 463
281 492
281 579
281 591
282 88
282 100
282 433
282 449
282 538
282 547
282 570
283 31
283 48
283 194
283 274
283 354
283 420
283 594
284 6
284 292
284 310
284 333
284 432
284 514
284 598
285 45
285 201
285 231
285 271
285 499
285 568
285 597
286 120
286 175
286 295
286 445
286 449
286 493
286 558
287 160
287 253
287 303
287 304
287 403
287 501
287 550
288 154
288 269
288 416
288 441
288 476
288 569
288 585
289 12
289 112
289 181
289 417
289 521
289 589
289 596
290 41
290 49
290 216
290 374
290 482
290 487
290 590
291 16
291 344
291 378
291 419
291 423
291 510
291 571
292 84
292 275
292 284
292 412
292 508
292 582
292 588
293 30
293 347
293 371
293 473
293 539
293 560
293 596
294 30
294 39
294 251
294 355
294 397
294 428
294 498
295 211
295 286
295 406
295 444
295 516
295 554
295 588
296 52
296 62
296 341
296 364
296 402
296 519
296 588
297 94
297 184
297 207
297 273
297 364
297 381
297 591
298 175
298 275
298 330
298 365
298 477
298 552
298 565
299 191
299 236
299 386
299 456
299 487
299 566
299 594
300 249
300 338
300 476
300 542
300 569
300 593
300 594
301 182
301 471
301 493
301 495
301 536
301 539
301 586
302 75
302 251
302 304
302 373
302 475
302 514
302 540
303 164
303 268
303 287
303 538
303 550
303 583
303 590
304 287
304 302
304 329
304 475
304 542
304 555
304 585
305 14
305 89
305 478
305 492
305 529
305 554
305 569
306 158
306 218
306 268
306 423
306 531
306 552
306 588
307 279
307 354
307 417
307 418
307 537
307 563
307 589
308 16
308 92
308 153
308 269
308 400
308 483
308 543
308 563
309 1
309 325
309 419
309 526
309 537
309 552
309 557
309 569
310 215
310 255
310 284
310 387
310 417
310 471
310 526
310 569
311 156
311 362
311 404
311 436
311 459
311 461
311 554
311 580
312 142
312 219
312 242
312 524
312 568
312 569
312 574
312 583
313 143
313 149
313 188
313 370
313 468
313 501
313 513
313 570
314 167
314 191
314 272
314 455
314 490
314 539
314 547
314 599
315 11
315 66
315 82
315 261
315 377
315 405
315 446
315 544
316 160
316 245
316 357
316 366
316 440
316 507
316 574
316 592
317 35
317 329
317 340
317 486
317 575
317 582
317 587
317 591
318 34
318 133
318 269
318 388
318 489
318 578
318 583
318 593
319 217
319 323
319 345
319 383
319 424
319 442
319 463
319 581
320 67
320 106
320 246
320 446
320 525
320 528
320 544
320 593
321 36
321 153
321 336
321 343
321 363
321 392
321 479
321 548
322 123
322 154
322 223
322 331
322 333
322 409
322 472
322 487
323 151
323 191
323 319
323 332
323 360
323 362
323 398
323 512
324 28
324 141
324 359
324 470
324 536
324 546
324 560
324 567
325 65
325 233
325 244
325 309
325 382
325 500
325 504
325 510
326 415
326 450
326 499
326 512
326 528
326 564
326 572
326 587
327 46
327 280
327 337
327 385
327 451
327 503
327 565
327 581
328 108
328 331
328 353
328 390
328 462
328 487
328 490
328 585
329 111
329 207
329 304
329 317
329 424
329 458
329 541
329 592
330 38
330 70
330 298
330 418
330 427
330 507
330 526
330 564
331 322
331 328
331 382
331 438
331 507
331 524
331 542
331 594
332 68
332 273
332 323
332 447
332 448
332 467
332 535
332 549
333 284
333 322
333 342
333 396
333 473
333 497
333 513
333 558
334 75
334 79
334 338
334 341
334 429
334 467
334 555
334 562
335 76
335 94
335 249
335 358
335 460
335 465
335 512
335 555
336 230
336 321
336 385
336 436
336 514
336 524
336 560
336 580
337 81
337 96
337 327
337 347
337 404
337 469
337 477
337 512
338 161
338 300
338 334
338 416
338 431
338 480
338 481
338 561
339 43
339 256
339 270
339 370
339 443
339 544
339 549
339 569
340 210
340 317
340 459
340 497
340 498
340 508
340 559
340 562
341 202
341 296
341 334
341 368
341 545
341 565
341 568
341 587
342 129
342 333
342 433
342 487
342 507
342 525
342 528
342 572
343 259
343 321
343 348
343 475
343 485
343 573
343 579
343 581
344 158
344 167
344 276
344 291
344 381
344 522
344 571
344 583
345 261
345 319
345 475
345 480
345 487
345 552
345 595
345 596
346 92
346 169
346 203
346 216
346 262
346 404
346 501
346 523
347 40
347 111
347 278
347 293
347 337
347 541
347 555
347 589
348 236
348 343
348 388
348 481
348 484
348 511
348 536
348 569
349 170
349 361
349 406
349 436
349 528
349 552
349 559
349 595
350 24
350 118
350 242
350 277
350 372
350 489
350 491
350 569
351 3
351 25
351 201
351 277
351 492
351 493
351 578
351 593
352 121
352 356
352 428
352 497
352 500
352 583
352 592
352 599
353 5
353 162
353 168
353 328
353 475
353 517
353 522
353 590
354 122
354 283
354 307
354 380
354 486
354 536
354 545
354 599
355 227
355 294
355 361
355 363
355 545
355 567
355 578
355 579
356 96
356 179
356 352
356 372
356 438
356 485
356 511
356 521
357 70
357 129
357 316
357 380
357 504
357 540
357 592
357 599
358 28
358 44
358 335
358 432
358 465
358 476
358 505
358 529
358 568
359 110
359 180
359 254
359 324
359 464
359 465
359 523
359 571
359 586
360 47
360 209
360 323
360 380
360 382
360 425
360 446
360 463
360 527
361 13
361 26
361 127
361 349
361 355
361 418
361 506
361 540
361 547
362 187
362 240
362 311
362 323
362 374
362 435
362 512
362 571
362 595
363 34
363 321
363 355
363 441
363 471
363 527
363 544
363 566
363 587
364 98
364 296
364 297
364 371
364 394
364 468
364 484
364 541
364 576
365 95
365 169
365 192
365 298
365 399
365 438
365 469
365 502
365 572
366 26
366 34
366 57
366 198
366 232
366 316
366 459
366 542
366 588
367 184
367 197
367 417
367 468
367 558
367 561
367 567
367 581
367 584
368 172
368 183
368 225
368 228
368 341
368 453
368 521
368 565
368 597
369 218
369 414
369 429
369 469
369 482
369 505
369 539
369 547
369 579
370 198
370 201
370 313
370 339
370 403
370 418
370 436
370 440
370 589
371 192
371 293
371 364
371 491
371 530
371 541
371 549
371 566
371 579
372 53
372 89
372 265
372 350
372 356
372 426
372 462
372 574
372 576
373 222
373 302
373 396
373 455
373 480
373 482
373 526
373 561
373 594
374 28
374 222
374 226
374 232
374 243
374 290
374 362
374 402
374 516
375 170
375 213
375 220
375 224
375 420
375 458
375 467
375 513
375 589
376 171
376 398
376 413
376 441
376 510
376 517
376 523
376 559
376 592
377 80
377 133
377 154
377 228
377 315
377 387
377 547
377 560
377 577
378 118
378 248
378 291
378 385
378 538
378 563
378 567
378 587
378 591
379 147
379 232
379 393
379 415
379 447
379 519
379 533
379 548
379 573
380 8
380 207
380 214
380 276
380 354
380 357
380 360
380 403
380 489
381 59
381 167
381 297
381 344
381 443
381 502
381 517
381 545
381 561
382 7
382 47
382 62
382 325
382 331
382 360
382 423
382 493
382 505
383 34
383 44
383 319
383 391
383 532
383 538
383 560
383 561
383 596
384 166
384 175
384 190
384 225
384 438
384 455
384 529
384 549
384 580
385 83
385 222
385 327
385 336
385 378
385 457
385 491
385 510
385 599
386 138
386 212
386 299
386 547
386 568
386 580
386 582
386 592
386 597
387 77
387 94
387 310
387 377
387 390
387 408
387 473
387 533
387 534
388 24
388 199
388 276
388 318
388 348
388 414
388 453
388 517
388 573
389 50
389 203
389 280
389 450
389 491
389 529
389 542
389 578
389 589
390 109
390 123
390 133
390 328
390 387
390 460
390 578
390 580
390 589
391 46
391 204
391 383
391 408
391 445
391 447
391 489
391 541
391 555
392 155
392 321
392 410
392 411
392 447
392 453
392 484
392 504
392 583
393 171
393 258
393 379
393 394
393 484
393 509
393 529
393 586
393 596
394 50
394 131
394 364
394 393
394 506
394 527
394 568
394 587
394 593
395 39
395 73
395 88
395 106
395 183
395 402
395 419
395 503
395 542
396 11
396 156
396 235
396 333
396 373
396 438
396 481
396 540
396 591
396 594
397 164
397 264
397 294
397 417
397 422
397 499
397 503
397 532
397 554
397 599
398 9
398 66
398 103
398 168
398 323
398 376
398 527
398 538
398 570
398 582
399 19
399 26
399 102
399 269
399 278
399 365
399 462
399 561
399 564
399 592
400 38
400 130
400 202
400 308
400 432
400 452
400 499
400 516
400 568
400 584
401 18
401 25
401 402
401 457
401 474
401 488
401 552
401 558
401 563
401 584
402 42
402 205
402 296
402 374
402 395
402 401
402 432
402 574
402 578
402 585
403 204
403 287
403 370
403 380
403 459
403 498
403 522
403 544
403 561
403 578
404 224
404 233
404 263
404 311
404 337
404 346
404 503
404 519
404 540
404 566
405 48
405 200
405 315
405 447
405 488
405 508
405 513
405 516
405 517
405 518
406 3
406 18
406 200
406 251
406 295
406 349
406 445
406 528
406 586
406 590
407 41
407 191
407 466
407 477
407 506
407 514
407 568
407 578
407 591
407 597
408 20
408 69
408 148
408 188
408 387
408 391
408 413
408 420
408 539
408 597
409 19
409 136
409 322
409 425
409 441
409 446
409 536
409 547
409 579
409 585
410 0
410 63
410 103
410 121
410 270
410 392
410 413
410 415
410 582
410 587
411 154
411 253
411 392
411 433
411 436
411 450
411 462
411 495
411 518
411 571
412 96
412 110
412 280
412 292
412 466
412 480
412 566
412 576
412 591
412 595
413 17
413 193
413 376
413 408
413 410
413 426
413 471
413 534
413 540
413 588
414 4
414 13
414 369
414 388
414 418
414 435
414 442
414 514
414 538
414 548
415 173
415 326
415 379
415 410
415 439
415 467
415 496
415 518
415 551
415 566
416 11
416 240
416 288
416 338
416 422
416 437
416 546
416 556
416 595
416 598
417 48
417 213
417 265
417 267
417 289
417 307
417 310
417 367
417 397
417 463
418 238
418 307
418 330
418 361
418 370
418 414
418 483
418 486
418 500
418 593
419 291
419 309
419 395
419 446
419 520
419 525
419 527
419 555
419 590
419 595
420 65
420 152
420 172
420 198
420 202
420 283
420 375
420 408
420 504
420 575
421 40
421 221
421 464
421 485
421 492
421 522
421 544
421 570
421 571
421 575
422 250
422 262
422 397
422 416
422 443
422 446
422 450
422 451
422 455
422 536
423 43
423 78
423 91
423 258
423 291
423 306
423 382
423 509
423 529
423 548
424 84
424 157
424 193
424 231
424 319
424 329
424 468
424 523
424 552
424 560
424 574
425 141
425 178
425 255
425 360
425 409
425 445
425 510
425 518
425 563
425 580
425 586
426 8
426 122
426 196
426 241
426 260
426 372
426 413
426 454
426 480
426 552
426 596
427 77
427 155
427 255
427 330
427 439
427 444
427 461
427 465
427 501
427 571
427 598
428 23
428 224
428 264
428 274
428 294
428 352
428 459
428 531
428 576
428 583
428 596
429 236
429 256
429 264
429 265
429 334
429 369
429 493
429 534
429 562
429 583
429 590
430 0
430 30
430 53
430 166
430 435
430 437
430 469
430 489
430 533
430 562
430 575
431 31
431 171
431 201
431 338
431 467
431 489
431 500
431 566
431 580
431 583
431 589
432 22
432 96
432 172
432 262
432 279
432 284
432 358
432 400
432 402
432 530
432 545
433 29
433 206
433 282
433 342
433 411
433 501
433 502
433 505
433 554
433 558
433 583
434 152
434 241
434 436
434 442
434 501
434 506
434 522
434 557
434 571
434 583
434 595
435 16
435 174
435 211
435 278
435 362
435 414
435 430
435 463
435 548
435 571
435 579
436 311
436 336
436 349
436 370
436 411
436 434
436 512
436 527
436 551
436 554
436 576
437 73
437 104
437 145
437 150
437 235
437 416
437 430
437 536
437 578
437 585
437 593
438 220
438 253
438 263
438 331
438 356
438 365
438 384
438 396
438 448
438 461
438 520
439 31
439 50
439 415
439 427
439 483
439 520
439 543
439 570
439 574
439 577
439 592
440 47
440 89
440 94
440 97
440 123
440 262
440 316
440 370
440 447
440 532
440 598
441 72
441 274
441 288
441 363
441 376
441 409
441 447
441 453
441 463
441 508
441 576
442 30
442 80
442 218
442 223
442 319
442 414
442 434
442 496
442 508
442 554
442 581
443 38
443 48
443 218
443 245
443 339
443 381
443 422
443 474
443 513
443 526
443 572
444 27
444 84
444 137
444 295
444 427
444 445
444 478
444 501
444 510
444 580
444 599
445 3
445 126
445 255
445 286
445 391
445 406
445 425
445 444
445 482
445 586
445 595
446 37
446 79
446 139
446 315
446 320
446 360
446 409
446 419
446 422
446 552
446 598
447 61
447 225
447 332
447 379
447 391
447 392
447 405
447 440
447 441
447 581
447 598
448 37
448 240
448 332
448 438
448 479
448 486
448 489
448 495
448 573
448 585
448 589
449 64
449 83
449 117
449 170
449 266
449 282
449 286
449 559
449 564
449 575
449 582
450 141
450 153
450 238
450 326
450 389
450 411
450 422
450 457
450 510
450 573
450 589
451 129
451 184
451 207
451 209
451 248
451 327
451 422
451 516
451 564
451 583
451 598
452 83
452 90
452 185
452 219
452 246
452 400
452 513
452 557
452 567
452 571
452 597
453 133
453 276
453 368
453 388
453 392
453 441
453 478
453 483
453 494
453 503
453 592
454 84
454 131
454 146
454 176
454 178
454 200
454 205
454 426
454 568
454 579
454 582
455 185
455 193
455 237
455 314
455 373
455 384
455 422
455 481
455 551
455 552
455 588
456 31
456 76
456 82
456 154
456 213
456 299
456 504
456 541
456 583
456 587
456 595
457 195
457 385
457 401
457 450
457 465
457 495
457 497
457 511
457 521
457 557
457 563
458 2
458 148
458 242
458 329
458 375
458 469
458 513
458 532
458 546
458 589
458 599
459 2
459 104
459 234
459 311
459 340
459 366
459 403
459 428
459 468
459 502
459 579
460 156
460 159
460 240
460 266
460 281
460 335
460 390
460 516
460 532
460 537
460 554
460 558
461 42
461 59
461 159
461 182
461 210
461 311
461 427
461 438
461 469
461 486
461 489
461 504
462 109
462 261
462 272
462 328
462 372
462 399
462 411
462 474
462 489
462 493
462 566
462 581
463 1
463 157
463 185
463 281
463 319
463 360
463 417
463 435
463 441
463 479
463 584
463 586
464 0
464 52
464 63
464 171
464 271
464 359
464 421
464 475
464 514
464 546
464 584
464 597
465 255
465 267
465 335
465 358
465 359
465 427
465 457
465 466
465 512
465 548
465 580
465 583
466 91
466 218
466 254
466 407
466 412
466 465
466 472
466 486
466 538
466 545
466 569
466 590
467 135
467 166
467 257
467 332
467 334
467 375
467 415
467 431
467 491
467 510
467 518
467 558
468 92
468 140
468 248
468 313
468 364
468 367
468 424
468 459
468 544
468 555
468 583
468 588
469 93
469 167
469 168
469 187
469 280
469 337
469 365
469 369
469 430
469 458
469 461
469 586
470 87
470 103
470 324
470 499
470 504
470 507
470 527
470 535
470 553
470 562
470 568
470 596
471 60
471 176
471 219
471 243
471 259
471 301
471 310
471 363
471 413
471 473
471 525
471 535
472 95
472 101
472 107
472 119
472 125
472 138
472 144
472 322
472 466
472 487
472 519
472 541
473 110
473 272
473 293
473 333
473 387
473 471
473 497
473 518
473 553
473 558
473 574
473 594
474 102
474 181
474 223
474 229
474 244
474 266
474 401
474 443
474 462
474 521
474 530
474 574
475 39
475 70
475 97
475 263
475 302
475 304
475 343
475 345
475 353
475 464
475 571
475 575
476 13
476 47
476 146
476 156
476 263
476 274
476 288
476 300
476 358
476 537
476 568
476 597
477 42
477 61
477 222
477 243
477 298
477 337
477 407
477 488
477 521
477 541
477 580
477 592
477 597
478 0
478 43
478 138
478 162
478 174
478 206
478 305
478 444
478 453
478 513
478 528
478 562
478 577
479 36
479 196
479 250
479 321
479 448
479 463
479 509
479 540
479 542
479 555
479 574
479 577
479 589
480 52
480 178
480 217
480 220
480 258
480 338
480 345
480 373
480 412
480 426
480 508
480 555
480 594
481 2
481 93
481 214
481 338
481 348
481 396
481 455
481 485
481 547
481 562
481 568
481 579
481 586
482 38
482 178
482 290
482 369
482 373
482 445
482 499
482 509
482 523
482 538
482 577
482 584
482 590
483 187
483 188
483 267
483 270
483 308
483 418
483 439
483 453
483 511
483 524
483 531
483 547
483 586
484 70
484 115
484 136
484 198
484 208
484 348
484 364
484 392
484 393
484 498
484 534
484 535
484 560
485 50
485 176
485 195
485 212
485 343
485 356
485 421
485 481
485 501
485 515
485 516
485 552
485 581
486 230
486 279
486 317
486 354
486 418
486 448
486 461
486 466
486 490
486 537
486 565
486 598
486 599
487 51
487 163
487 239
487 290
487 299
487 322
487 328
487 342
487 345
487 472
487 491
487 531
487 573
488 15
488 29
488 252
488 260
488 401
488 405
488 477
488 493
488 498
488 538
488 563
488 585
488 592
489 82
489 318
489 350
489 380
489 391
489 430
489 431
489 448
489 461
489 462
489 497
489 575
489 578
490 6
490 7
490 126
490 167
490 185
490 248
490 255
490 314
490 328
490 486
490 495
490 503
490 573
491 143
491 220
491 262
491 350
491 371
491 385
491 389
491 467
491 487
491 553
491 556
491 570
491 595
492 36
492 137
492 163
492 281
492 305
492 351
492 421
492 529
492 532
492 540
492 561
492 597
492 599
493 64
493 147
493 150
493 258
493 286
493 301
493 351
493 382
493 429
493 462
493 488
493 502
493 584
494 0
494 23
494 66
494 104
494 453
494 511
494 536
494 573
494 577
494 579
494 580
494 589
494 595
495 102
495 119
495 243
495 301
495 411
495 448
495 457
495 490
495 568
495 577
495 584
495 592
495 598
496 93
496 128
496 136
496 253
496 415
496 442
496 533
496 537
496 539
496 540
496 559
496 566
496 578
497 87
497 174
497 278
497 333
497 340
497 352
497 457
497 473
497 489
497 526
497 563
497 593
497 597
498 91
498 116
498 128
498 211
498 237
498 294
498 340
498 403
498 484
498 488
498 504
498 509
498 542
498 564
499 162
499 197
499 232
499 244
499 285
499 326
499 397
499 400
499 470
499 482
499 518
499 573
499 586
499 599
500 16
500 26
500 160
500 161
500 226
500 269
500 325
500 352
500 418
500 431
500 510
500 511
500 532
500 539
501 171
501 235
501 287
501 313
501 346
501 427
501 433
501 434
501 444
501 485
501 549
501 572
501 575
501 596
502 28
502 77
502 154
502 202
502 365
502 381
502 433
502 459
502 493
502 525
502 549
502 579
502 583
502 589
503 61
503 137
503 176
503 188
503 261
503 327
503 395
503 397
503 404
503 453
503 490
503 506
503 510
503 516
504 103
504 151
504 163
504 325
504 357
504 392
504 420
504 456
504 461
504 470
504 498
504 506
504 521
504 553
505 8
505 68
505 93
505 111
505 124
505 231
505 234
505 358
505 369
505 382
505 433
505 562
505 579
505 581
506 46
506 161
506 207
506 252
506 266
506 361
506 394
506 407
506 434
506 503
506 504
506 515
506 555
506 599
507 76
507 117
507 212
507 214
507 277
507 316
507 330
507 331
507 342
507 470
507 524
507 542
507 551
507 568
508 58
508 205
508 212
508 292
508 340
508 405
508 441
508 442
508 480
508 521
508 533
508 559
508 575
508 578
509 152
509 168
509 393
509 423
509 479
509 482
509 498
509 516
509 546
509 557
509 565
509 574
509 575
509 596
510 8
510 67
510 216
510 263
510 291
510 325
510 376
510 385
510 425
510 444
510 450
510 467
510 500
510 503
511 87
511 111
511 112
511 121
511 156
511 184
511 348
511 356
511 457
511 483
511 494
511 500
511 542
511 588
512 127
512 134
512 172
512 192
512 323
512 326
512 335
512 337
512 362
512 436
512 465
512 515
512 524
512 593
513 81
513 114
513 182
513 216
513 279
513 313
513 333
513 375
513 405
513 443
513 452
513 458
513 478
513 572
514 135
514 256
514 257
514 270
514 284
514 302
514 336
514 407
514 414
514 464
514 529
514 563
514 569
514 584
515 2
515 13
515 33
515 166
515 170
515 243
515 485
515 506
515 512
515 544
515 562
515 572
515 581
515 590
516 132
516 207
516 224
516 295
516 374
516 400
516 405
516 451
516 460
516 485
516 503
516 509
516 518
516 533
516 584
517 100
517 114
517 150
517 156
517 232
517 257
517 353
517 376
517 381
517 388
517 405
517 533
517 580
517 591
517 594
518 54
518 127
518 202
518 405
518 411
518 415
518 425
518 467
518 473
518 499
518 516
518 543
518 551
518 556
518 572
519 86
519 123
519 268
519 296
519 379
519 404
519 472
519 522
519 525
519 531
519 559
519 572
519 576
519 589
519 597
520 1
520 27
520 60
520 73
520 141
520 168
520 181
520 271
520 275
520 419
520 438
520 439
520 521
520 542
520 578
521 12
521 121
521 203
521 229
521 263
521 289
521 356
521 368
521 457
521 474
521 477
521 504
521 508
521 520
521 587
522 69
522 180
522 195
522 205
522 217
522 230
522 344
522 353
522 403
522 421
522 434
522 519
522 531
522 565
522 587
523 40
523 177
523 212
523 346
523 359
523 376
523 424
523 482
523 524
523 538
523 573
523 576
523 578
523 588
523 598
524 90
524 100
524 151
524 177
524 188
524 277
524 278
524 312
524 331
524 336
524 483
524 507
524 512
524 523
524 584
525 7
525 54
525 157
525 184
525 247
525 320
525 342
525 419
525 471
525 502
525 519
525 530
525 532
525 579
525 586
526 77
526 104
526 244
526 245
526 254
526 272
526 309
526 310
526 330
526 373
526 443
526 497
526 535
526 547
526 577
527 73
527 150
527 192
527 199
527 239
527 245
527 360
527 363
527 394
527 398
527 419
527 436
527 470
527 544
527 584
528 10
528 197
528 233
528 246
528 320
528 326
528 342
528 349
528 406
528 478
528 540
528 544
528 557
528 566
528 594
529 26
529 175
529 230
529 256
529 258
529 305
529 358
529 384
529 389
529 393
529 423
529 492
529 514
529 538
529 560
529 591
530 71
530 131
530 194
530 233
530 260
530 272
530 371
530 432
530 474
530 525
530 546
530 550
530 562
530 574
530 586
530 596
531 115
531 242
531 250
531 306
531 428
531 483
531 487
531 519
531 522
531 532
531 535
531 545
531 552
531 579
531 591
531 599
532 136
532 173
532 228
532 279
532 383
532 397
532 440
532 458
532 460
532 492
532 500
532 525
532 531
532 538
532 577
532 582
533 20
533 51
533 72
533 74
533 85
533 379
533 387
533 430
533 496
533 508
533 516
533 517
533 548
533 553
533 572
533 589
534 39
534 44
534 106
534 114
534 162
534 193
534 226
534 231
534 237
534 387
534 413
534 429
534 484
534 545
534 579
534 598
535 65
535 68
535 146
535 230
535 238
535 259
535 279
535 332
535 470
535 471
535 484
535 526
535 531
535 541
535 542
535 555
536 7
536 57
536 158
536 206
536 301
536 324
536 348
536 354
536 409
536 422
536 437
536 494
536 570
536 586
536 589
536 595
537 82
537 190
537 234
537 250
537 265
537 307
537 309
537 460
537 476
537 486
537 496
537 554
537 558
537 559
537 573
537 597
538 282
538 303
538 378
538 383
538 398
538 414
538 466
538 482
538 488
538 523
538 529
538 532
538 556
538 563
538 588
538 593
539 37
539 101
539 138
539 260
539 275
539 293
539 301
539 314
539 369
539 408
539 496
539 500
539 553
539 557
539 577
539 584
540 302
540 357
540 361
540 396
540 404
540 413
540 479
540 492
540 496
540 528
540 544
540 551
540 559
540 566
540 573
540 585
541 71
541 169
541 246
541 264
541 276
541 329
541 347
541 364
541 371
541 391
541 456
541 472
541 477
541 535
541 556
541 564
541 585
542 17
542 169
542 181
542 300
542 304
542 331
542 366
542 389
542 395
542 479
542 498
542 507
542 511
542 520
542 535
542 587
542 592
543 9
543 30
543 61
543 118
543 124
543 136
543 162
543 165
543 168
543 308
543 439
543 518
543 549
543 551
543 566
543 577
543 585
544 11
544 56
544 95
544 179
544 233
544 315
544 320
544 339
544 363
544 403
544 421
544 468
544 515
544 527
544 528
544 540
544 553
545 86
545 143
545 219
545 267
545 341
545 354
545 355
545 381
545 432
545 466
545 531
545 534
545 550
545 556
545 586
545 594
545 599
546 98
546 174
546 201
546 234
546 252
546 273
546 324
546 416
546 458
546 464
546 509
546 530
546 558
546 565
546 566
546 574
546 582
547 75
547 89
547 96
547 144
547 177
547 278
547 282
547 314
547 361
547 369
547 377
547 386
547 409
547 481
547 483
547 526
547 560
548 80
548 102
548 134
548 161
548 226
548 229
548 321
548 379
548 414
548 423
548 435
548 465
548 533
548 560
548 577
548 579
548 592
549 76
549 79
549 244
549 249
549 254
549 332
549 339
549 371
549 384
549 501
549 502
549 543
549 554
549 560
549 567
549 575
549 580
549 588
550 51
550 55
550 118
550 124
550 139
550 159
550 236
550 287
550 303
550 530
550 545
550 553
550 554
550 557
550 561
550 572
550 576
550 594
551 22
551 23
551 55
551 122
551 188
551 204
551 415
551 436
551 455
551 507
551 518
551 540
551 543
551 554
551 556
551 561
551 582
551 594
552 32
552 58
552 71
552 197
552 298
552 306
552 309
552 345
552 349
552 401
552 424
552 426
552 446
552 455
552 485
552 531
552 568
552 571
553 18
553 33
553 105
553 128
553 217
553 470
553 473
553 491
553 504
553 533
553 539
553 544
553 550
553 561
553 563
553 573
553 581
553 593
553 594
554 57
554 148
554 149
554 173
554 225
554 295
554 305
554 311
554 397
554 433
554 436
554 442
554 460
554 537
554 549
554 550
554 551
554 561
554 594
555 27
555 45
555 137
555 149
555 185
555 265
555 304
555 334
555 335
555 347
555 391
555 419
555 468
555 479
555 480
555 506
555 535
555 558
555 585
556 9
556 58
556 88
556 163
556 178
556 196
556 210
556 215
556 221
556 227
556 416
556 491
556 518
556 538
556 541
556 545
556 551
556 587
556 590
557 78
557 113
557 177
557 197
557 218
557 221
557 237
557 247
557 309
557 434
557 452
557 457
557 509
557 528
557 539
557 550
557 565
557 585
557 587
558 113
558 132
558 177
558 182
558 286
558 333
558 367
558 401
558 433
558 460
558 467
558 473
558 537
558 546
558 555
558 564
558 565
558 582
558 583
559 110
559 127
559 228
559 271
559 340
559 349
559 376
559 449
559 496
559 508
559 519
559 537
559 540
559 578
559 580
559 587
559 588
559 592
559 598
560 44
560 105
560 106
560 256
560 262
560 293
560 324
560 336
560 377
560 383
560 424
560 484
560 529
560 547
560 548
560 549
560 563
560 577
560 588
561 18
561 65
561 99
561 132
561 142
561 257
561 338
561 367
561 373
561 381
561 383
561 399
561 403
561 492
561 550
561 551
561 553
561 554
561 564
561 594
562 17
562 23
562 29
562 47
562 60
562 71
562 91
562 334
562 340
562 429
562 430
562 470
562 478
562 481
562 505
562 515
562 530
562 570
562 572
562 581
563 46
563 113
563 119
563 182
563 242
563 307
563 308
563 378
563 401
563 425
563 457
563 488
563 497
563 514
563 538
563 553
563 560
563 565
563 574
563 598
564 33
564 38
564 41
564 84
564 88
564 90
564 326
564 330
564 399
564 449
564 451
564 498
564 541
564 558
564 561
564 567
564 579
564 586
564 596
564 597
565 86
565 91
565 93
565 123
565 160
565 269
565 277
565 298
565 327
565 341
565 368
565 486
565 509
565 522
565 546
565 557
565 558
565 563
565 575
565 597
566 55
566 62
566 98
566 173
566 177
566 191
566 299
566 363
566 371
566 404
566 412
566 415
566 431
566 462
566 496
566 528
566 540
566 543
566 546
566 594
566 599
567 4
567 56
567 62
567 75
567 101
567 105
567 183
567 219
567 240
567 264
567 268
567 324
567 355
567 367
567 378
567 452
567 549
567 564
567 586
567 591
567 597
568 54
568 74
568 224
568 285
568 312
568 341
568 358
568 386
568 394
568 400
568 407
568 454
568 470
568 476
568 481
568 495
568 507
568 552
568 580
568 581
568 586
569 8
569 60
569 108
569 150
569 210
569 226
569 234
569 275
569 288
569 300
569 305
569 309
569 310
569 312
569 339
569 348
569 350
569 466
569 514
569 577
569 587
570 22
570 41
570 63
570 126
570 194
570 238
570 244
570 256
570 282
570 313
570 398
570 421
570 439
570 491
570 536
570 562
570 581
570 587
570 588
570 596
570 597
571 40
571 43
571 92
571 103
571 131
571 145
571 165
571 174
571 190
571 291
571 344
571 359
571 362
571 411
571 421
571 427
571 434
571 435
571 452
571 475
571 552
572 15
572 51
572 67
572 214
572 233
572 247
572 326
572 342
572 365
572 443
572 501
572 513
572 515
572 518
572 519
572 533
572 550
572 562
572 577
572 589
572 596
573 23
573 36
573 163
573 206
573 211
573 343
573 379
573 388
573 448
573 450
573 487
573 490
573 494
573 499
573 523
573 537
573 540
573 553
573 580
573 589
573 592
574 99
574 115
574 149
574 253
574 270
574 271
574 280
574 312
574 316
574 372
574 402
574 424
574 439
574 473
574 474
574 479
574 509
574 530
574 546
574 563
574 576
574 593
575 24
575 67
575 144
575 180
575 210
575 259
575 275
575 317
575 420
575 421
575 430
575 449
575 475
575 489
575 501
575 508
575 509
575 549
575 565
575 592
575 593
575 598
576 12
576 27
576 32
576 64
576 128
576 144
576 176
576 199
576 231
576 364
576 372
576 412
576 428
576 436
576 441
576 519
576 523
576 550
576 574
576 578
576 580
576 586
577 7
577 13
577 21
577 107
577 114
577 134
577 176
577 377
577 439
577 478
577 479
577 482
577 494
577 495
577 526
577 532
577 539
577 543
577 548
577 560
577 569
577 572
578 49
578 139
578 142
578 179
578 318
578 351
578 355
578 389
578 390
578 402
578 403
578 407
578 437
578 489
578 496
578 508
578 520
578 523
578 559
578 576
578 579
578 596
579 121
579 281
579 343
579 355
579 369
579 371
579 409
579 435
579 454
579 459
579 481
579 494
579 502
579 505
579 525
579 531
579 534
579 548
579 564
579 578
579 582
579 584
580 19
580 107
580 212
580 311
580 336
580 384
580 386
580 390
580 425
580 431
580 444
580 465
580 477
580 494
580 517
580 549
580 559
580 568
580 573
580 576
580 591
580 598
581 2
581 120
581 158
581 159
581 196
581 197
581 223
581 319
581 327
581 343
581 367
581 442
581 447
581 462
581 485
581 505
581 515
581 553
581 562
581 568
581 570
581 598
582 53
582 74
582 97
582 99
582 130
582 151
582 179
582 235
582 245
582 254
582 292
582 317
582 386
582 398
582 410
582 449
582 454
582 532
582 546
582 551
582 558
582 579
583 16
583 221
583 237
583 239
583 303
583 312
583 318
583 344
583 352
583 392
583 428
583 429
583 431
583 433
583 434
583 451
583 456
583 465
583 468
583 502
583 558
583 584
583 595
584 51
584 127
584 209
584 217
584 247
584 273
584 274
584 367
584 400
584 401
584 463
584 464
584 482
584 493
584 495
584 514
584 516
584 524
584 527
584 539
584 579
584 583
584 596
585 10
585 46
585 71
585 134
585 157
585 160
585 169
585 208
585 237
585 265
585 288
585 304
585 328
585 402
585 409
585 437
585 448
585 488
585 540
585 541
585 543
585 555
585 557
586 56
586 172
586 203
586 267
586 301
586 359
586 393
586 406
586 425
586 445
586 463
586 469
586 481
586 483
586 499
586 525
586 530
586 536
586 545
586 564
586 567
586 568
586 576
587 78
587 126
587 170
587 222
587 263
587 317
587 326
587 341
587 363
587 378
587 394
587 410
587 456
587 521
587 522
587 542
587 556
587 557
587 559
587 569
587 570
587 596
587 597
588 21
588 37
588 149
588 159
588 172
588 182
588 226
588 292
588 295
588 296
588 306
588 366
588 413
588 455
588 468
588 511
588 523
588 538
588 549
588 559
588 560
588 570
588 597
589 45
589 133
589 229
589 261
589 264
589 289
589 307
589 347
589 370
589 375
589 389
589 390
589 431
589 448
589 450
589 458
589 479
589 494
589 502
589 519
589 533
589 536
589 572
589 573
590 37
590 60
590 72
590 92
590 101
590 132
590 135
590 145
590 158
590 185
590 192
590 223
590 265
590 290
590 303
590 353
590 406
590 419
590 429
590 466
590 482
590 515
590 556
590 599
591 19
591 63
591 77
591 78
591 79
591 85
591 99
591 117
591 165
591 249
591 281
591 297
591 317
591 378
591 396
591 407
591 412
591 517
591 529
591 531
591 567
591 580
591 593
591 596
592 34
592 56
592 202
592 206
592 221
592 268
592 316
592 329
592 352
592 357
592 376
592 386
592 399
592 439
592 453
592 477
592 488
592 495
592 542
592 548
592 559
592 573
592 575
592 595
593 20
593 61
593 94
593 105
593 130
593 186
593 203
593 228
593 300
593 318
593 320
593 351
593 394
593 418
593 437
593 497
593 512
593 538
593 553
593 574
593 575
593 591
593 595
593 599
594 5
594 14
594 73
594 99
594 124
594 171
594 283
594 299
594 300
594 331
594 373
594 396
594 473
594 480
594 517
594 528
594 545
594 550
594 551
594 553
594 554
594 561
594 566
594 596
595 3
595 10
595 27
595 52
595 97
595 117
595 169
595 189
595 266
595 345
595 349
595 362
595 412
595 416
595 419
595 434
595 445
595 456
595 491
595 494
595 536
595 583
595 592
595 593
595 599
596 12
596 52
596 64
596 72
596 178
596 273
596 289
596 293
596 345
596 383
596 393
596 426
596 428
596 470
596 501
596 509
596 530
596 564
596 570
596 572
596 578
596 584
596 587
596 591
596 594
597 6
597 29
597 101
597 152
597 164
597 235
597 285
597 368
597 386
597 407
597 408
597 452
597 464
597 476
597 477
597 492
597 497
597 519
597 537
597 564
597 565
597 567
597 570
597 587
597 588
598 39
598 55
598 85
598 106
598 120
598 125
598 152
598 258
598 284
598 416
598 427
598 440
598 446
598 447
598 451
598 486
598 495
598 523
598 534
598 559
598 563
598 575
598 580
598 581
598 599
599 3
599 42
599 100
599 213
599 228
599 259
599 314
599 352
599 354
599 357
599 385
599 397
599 444
599 458
599 486
599 492
599 499
599 506
599 531
599 545
599 566
599 590
599 593
599 595
599 598
