400 426
55 412
191 598
156 596
346 359
298 514
326 458
143 512
20 542
148 459
301 542
123 578
52 590
570 594
239 507
538 571
392 417
156 572
571 583
208 500
316 442
318 434
339 446
13 502
25 280
373 563
376 552
160 597
186 297
481 594
267 536
91 265
495 556
297 507
426 574
266 586
13 495
397 453
482 536
241 454
293 330
30 86
273 345
149 428
400 553
130 552
2 168
527 594
457 569
325 423
113 564
402 593
223 571
226 227
194 408
211 250
191 485
69 248
93 226
171 178
533 538
453 549
239 569
419 493
421 524
522 556
471 524
444 594
9 576
31 519
40 533
527 563
237 352
397 549
180 395
262 507
145 563
99 426
452 505
172 419
209 228
277 509
153 378
337 435
524 596
100 550
84 163
552 575
257 559
172 267
264 433
194 485
140 220
152 476
6 459
285 587
413 459
23 315
264 346
583 596
7 580
528 534
212 487
140 324
12 196
279 574
262 530
162 296
452 495
59 583
95 507
400 498
424 504
2 461
227 346
337 571
176 178
432 455
439 587
481 528
99 449
172 505
27 518
342 370
549 559
70 472
218 497
202 407
314 557
262 270
339 543
414 469
200 534
226 522
128 552
330 572
257 319
421 553
287 485
549 583
417 511
164 522
59 597
149 475
189 542
176 407
127 535
76 176
120 287
245 318
372 509
210 387
355 492
545 556
24 270
285 559
272 556
408 423
226 498
326 500
402 518
283 534
146 460
333 570
143 265
58 592
41 435
97 353
215 305
226 397
7 528
414 530
107 220
18 250
574 586
482 495
48 280
145 328
314 439
107 577
307 390
500 519
224 471
349 379
30 387
158 212
358 491
326 334
311 574
226 553
79 436
281 485
378 578
502 563
359 549
358 567
280 504
522 526
525 563
233 402
236 547
113 527
373 544
438 553
441 532
419 496
100 541
140 436
345 548
27 593
285 440
51 301
224 508
80 299
62 544
176 457
33 432
426 564
146 205
444 471
49 417
127 301
290 547
93 461
439 539
153 520
334 386
210 449
416 570
93 382
215 378
227 418
490 528
19 543
476 498
9 597
373 417
231 376
340 542
326 537
441 559
412 504
55 593
353 526
281 345
248 367
424 592
352 413
371 533
124 235
508 528
456 534
258 353
9 496
173 423
331 423
170 414
297 347
181 574
312 456
536 594
519 538
496 580
479 548
153 165
211 526
547 575
148 488
171 396
279 530
112 254
148 351
273 589
169 524
301 397
250 471
330 537
402 561
478 575
514 580
331 452
334 549
264 545
272 443
527 571
293 523
3 586
237 595
543 552
547 557
330 505
404 413
264 434
438 498
69 552
569 586
533 564
435 585
239 599
80 547
100 324
70 569
38 534
402 456
524 547
200 385
111 181
202 550
435 545
166 206
170 200
23 254
150 441
208 454
485 497
312 590
354 428
10 538
312 339
186 372
70 579
162 237
237 434
352 361
441 597
228 545
30 460
436 566
130 543
438 460
375 547
68 534
241 571
476 524
405 435
192 416
283 539
414 585
314 578
494 507
481 552
84 596
352 479
189 398
104 186
32 311
85 333
530 586
181 367
120 549
27 460
52 508
471 545
149 370
134 563
196 486
52 355
380 509
530 562
369 434
277 281
208 581
228 499
264 375
561 572
341 375
112 502
210 594
545 548
414 444
452 460
464 498
464 583
250 405
79 575
172 594
243 543
301 568
144 296
416 536
315 433
406 423
281 564
66 290
283 296
428 445
412 588
51 571
123 339
490 562
273 533
352 484
424 476
133 508
249 297
439 566
355 555
229 537
380 545
345 577
224 488
152 596
189 379
128 194
75 528
22 564
414 541
6 557
9 101
273 371
112 165
241 425
159 214
109 370
296 358
168 571
188 550
229 414
428 578
75 194
168 373
227 287
228 407
375 533
265 574
251 389
148 462
5 548
514 542
40 137
482 505
162 448
53 164
35 287
326 441
220 334
143 514
352 563
296 340
280 558
207 550
316 436
137 574
31 414
435 542
443 494
312 419
97 444
149 571
371 500
158 581
433 439
402 490
169 397
122 439
296 435
423 586
27 293
181 564
331 574
353 407
44 557
596 597
285 534
40 412
228 395
379 506
77 79
207 330
441 457
271 447
544 586
160 525
268 358
253 406
552 563
348 398
52 556
334 594
153 454
389 493
406 570
439 493
331 556
160 271
162 562
252 432
4 144
528 538
231 273
488 572
345 520
110 264
168 494
210 524
83 358
101 432
50 421
412 540
345 441
55 526
556 574
171 590
498 562
527 570
239 585
335 367
482 570
211 488
456 524
279 547
190 561
33 585
157 488
95 182
206 512
170 573
257 599
196 588
367 464
397 590
148 542
154 318
121 372
287 510
380 519
146 532
236 406
168 451
564 578
196 497
83 490
192 306
255 290
99 379
248 596
514 553
456 545
491 556
285 596
61 578
443 580
50 171
82 293
120 400
446 552
471 544
481 491
426 511
310 336
276 586
478 522
156 224
433 496
434 596
38 563
144 567
236 274
426 599
488 505
346 564
6 560
68 265
413 594
488 525
331 406
169 311
481 562
170 536
174 527
72 518
571 572
79 312
83 390
26 433
207 498
172 586
156 327
19 508
44 378
266 473
380 546
58 298
62 525
11 359
358 562
15 375
36 531
272 388
491 520
220 458
25 204
423 569
279 389
51 432
378 576
497 504
333 594
417 545
290 474
19 191
241 424
389 390
326 578
570 574
260 373
123 352
326 327
110 496
519 571
345 545
197 331
128 504
223 593
538 575
388 390
31 400
144 390
237 524
254 481
348 561
188 426
500 542
416 549
240 340
23 88
435 496
220 540
224 365
44 568
460 559
450 479
267 505
412 569
442 564
359 594
31 497
308 316
97 551
61 537
140 469
306 457
348 519
113 123
20 401
133 158
413 520
413 484
15 336
436 590
218 441
202 479
390 395
526 580
476 596
151 379
174 200
450 583
376 569
432 438
188 595
226 337
340 473
110 548
130 574
383 389
536 549
285 376
69 118
112 423
68 580
367 584
491 586
149 597
318 450
174 583
346 580
497 538
494 564
378 526
518 543
302 346
471 475
223 554
406 579
192 501
75 438
296 563
73 236
450 545
217 218
453 532
145 553
313 421
412 431
412 532
157 487
536 570
495 586
188 373
372 380
176 190
362 435
71 345
2 534
243 374
33 500
478 500
84 478
67 181
461 543
55 139
223 335
277 381
446 490
93 592
282 340
428 475
435 443
28 570
91 381
399 428
496 522
86 560
162 599
507 583
211 565
212 496
306 406
95 325
417 508
314 563
115 318
389 457
502 578
14 19
202 492
439 457
353 453
439 549
444 519
318 488
273 439
561 562
28 242
507 597
91 504
127 260
310 337
500 572
146 459
442 527
495 507
499 594
434 548
207 583
173 382
267 595
271 588
497 553
496 575
228 484
194 587
396 434
10 572
281 393
500 571
482 490
412 590
419 478
298 533
229 507
265 562
69 508
18 353
376 528
160 589
270 433
346 494
358 377
143 210
206 456
371 395
283 577
196 243
311 424
254 536
442 536
334 479
176 478
212 241
433 561
432 519
254 364
200 547
186 449
312 407
97 416
337 497
545 597
272 356
188 584
372 586
265 331
358 557
296 367
101 330
346 355
243 588
460 561
173 243
2 432
20 538
167 367
150 173
152 572
177 532
188 583
84 528
133 333
151 503
390 597
158 561
267 282
522 575
177 233
73 441
129 511
298 356
248 508
254 310
164 589
367 424
61 536
281 341
297 520
124 290
547 562
550 557
37 59
406 558
23 532
214 588
51 218
397 559
454 544
419 488
421 527
212 530
450 580
143 539
5 518
287 428
473 526
556 586
36 550
495 574
10 303
559 572
214 583
453 545
402 565
208 518
348 534
177 560
5 453
206 208
146 157
438 487
495 583
75 331
239 249
310 534
421 561
150 538
62 87
250 581
552 572
475 578
491 578
232 434
457 583
298 581
68 548
6 173
27 485
51 491
145 552
315 591
110 591
23 568
339 533
395 433
72 589
383 435
298 588
123 228
532 559
6 595
380 522
330 495
385 389
373 395
198 400
184 190
130 477
189 520
316 496
9 354
134 139
158 285
186 586
49 356
372 491
236 400
456 572
471 556
375 432
50 76
442 482
433 538
80 389
482 594
213 380
476 527
439 559
151 570
262 475
215 473
134 575
262 512
373 413
124 533
314 560
277 428
367 371
189 538
459 569
527 536
177 364
340 371
414 548
307 439
169 442
7 224
171 475
202 389
22 301
104 490
411 435
395 477
443 457
394 424
306 310
398 432
326 488
129 279
2 584
514 569
308 421
145 525
95 544
3 507
370 596
459 460
248 467
11 529
359 570
5 276
137 542
10 276
281 366
28 512
50 533
310 596
61 594
353 470
7 524
100 191
59 527
444 534
504 505
72 520
459 556
83 597
137 519
236 553
407 432
31 563
215 599
90 380
91 557
257 530
76 498
294 441
370 582
464 552
249 556
433 575
315 518
3 494
314 466
262 329
266 337
339 454
144 227
346 502
333 359
272 524
44 475
478 597
508 520
479 596
7 374
190 409
337 526
91 571
316 457
84 522
99 101
423 553
464 550
428 564
249 574
57 166
140 522
475 502
348 421
315 532
441 443
36 522
127 459
280 561
395 503
490 494
95 254
460 553
20 546
166 415
372 554
192 491
22 355
36 561
400 413
25 379
390 406
376 417
70 229
146 375
218 559
519 544
206 293
528 552
49 478
13 379
345 570
223 569
169 498
370 530
28 339
40 556
423 583
170 290
168 340
80 571
214 444
86 481
270 578
553 569
348 434
279 529
229 556
89 249
129 456
499 525
400 549
464 514
559 575
69 569
547 594
153 169
173 523
402 581
148 500
192 582
373 521
46 271
175 178
297 320
129 549
224 267
298 481
267 313
397 544
402 557
186 545
372 415
277 550
370 575
75 424
177 502
270 366
237 340
206 572
134 297
379 533
450 575
476 547
113 479
312 580
423 510
337 438
325 413
36 192
239 443
22 407
152 434
190 564
359 536
151 443
33 575
305 306
110 575
318 520
454 525
401 407
50 451
452 578
438 533
314 559
61 306
178 494
143 234
271 412
241 248
562 575
156 359
375 550
397 587
402 428
25 466
248 592
417 520
38 525
311 481
276 325
22 417
355 485
211 360
265 314
3 532
227 575
191 525
530 572
371 424
150 436
426 520
10 513
500 552
283 543
13 564
457 461
208 223
225 413
464 504
49 207
178 480
273 550
272 554
436 569
426 499
134 277
305 438
419 442
270 563
276 573
548 596
104 491
270 333
371 438
318 548
138 438
316 522
171 322
243 538
83 219
301 571
215 494
152 586
333 565
156 421
316 405
164 436
311 596
229 540
379 444
19 178
257 536
359 505
107 497
38 476
280 581
443 454
133 504
372 416
88 568
20 527
279 510
481 499
11 526
214 353
181 429
494 522
107 502
397 528
450 497
419 598
315 537
459 498
442 550
502 564
97 196
494 525
150 499
151 165
153 203
417 590
129 370
315 542
376 544
570 597
392 416
127 461
166 588
461 549
280 452
172 562
528 571
128 498
166 500
249 495
287 320
15 335
62 355
227 416
250 444
298 413
241 455
257 378
407 471
158 170
218 266
473 514
58 461
3 452
242 436
276 491
390 407
464 533
283 504
199 249
145 578
348 514
348 436
376 565
30 557
417 450
442 570
333 441
11 547
72 595
271 520
257 426
40 384
62 508
101 569
528 544
174 207
446 543
471 525
258 378
442 594
246 311
306 590
215 520
538 542
271 443
58 533
293 516
86 528
490 527
15 459
55 160
446 518
144 485
5 434
264 575
524 563
140 292
434 444
58 486
166 528
406 574
174 586
211 316
272 456
370 487
44 543
68 98
160 536
433 478
283 380
190 311
28 99
424 496
25 137
297 473
315 355
194 528
569 580
93 436
113 576
157 269
72 507
312 330
76 104
70 586
52 574
416 594
220 578
478 496
498 553
11 473
104 496
400 497
130 518
223 306
133 523
426 519
88 505
239 594
348 480
352 521
151 550
351 414
157 262
100 464
214 328
38 446
301 499
309 339
112 454
120 540
355 525
293 592
59 594
243 497
250 389
294 378
371 597
210 352
229 452
63 395
473 485
419 436
475 563
479 524
212 499
433 506
200 293
149 526
428 461
545 557
13 79
15 202
150 477
438 472
81 189
124 162
107 299
416 527
277 578
276 574
191 429
505 532
548 597
164 575
177 266
530 559
76 536
557 562
266 567
580 594
236 580
334 532
157 592
473 580
563 578
310 554
353 578
375 517
378 570
496 508
120 418
86 124
416 419
379 598
237 290
461 569
33 136
88 419
414 543
266 453
376 531
380 574
457 488
358 566
290 334
390 424
49 234
395 450
310 548
421 468
482 527
525 564
88 512
80 164
152 561
409 421
30 566
128 485
174 541
