0 3
0 22
0 303
0 540
0 570
1 337
1 338
1 474
1 533
1 594
2 3
2 502
2 513
2 560
2 566
3 0
3 2
3 501
3 526
3 546
4 274
4 425
4 505
4 586
4 599
5 216
5 348
5 429
5 447
5 532
6 358
6 402
6 513
6 556
6 570
7 121
7 365
7 431
7 493
7 504
8 123
8 383
8 413
8 470
8 541
9 14
9 351
9 481
9 582
9 594
10 55
10 316
10 519
10 580
10 587
11 242
11 427
11 483
11 536
11 539
12 28
12 69
12 258
12 402
12 502
13 459
13 532
13 554
13 565
13 569
14 9
14 434
14 514
14 561
14 577
15 56
15 157
15 394
15 421
15 586
16 266
16 319
16 361
16 579
16 596
17 262
17 283
17 318
17 455
17 507
18 246
18 274
18 329
18 472
18 553
19 54
19 230
19 327
19 350
19 376
20 441
20 469
20 487
20 532
20 584
21 140
21 236
21 308
21 355
21 485
22 0
22 193
22 233
22 241
22 551
23 83
23 365
23 369
23 473
23 474
24 387
24 525
24 526
24 549
24 564
25 220
25 344
25 364
25 559
25 575
26 264
26 387
26 543
26 564
26 590
27 457
27 552
27 576
27 586
27 599
28 12
28 417
28 438
28 557
28 562
29 270
29 379
29 454
29 489
29 593
30 273
30 326
30 409
30 410
30 565
31 132
31 312
31 437
31 479
31 569
32 364
32 471
32 511
32 531
32 570
33 141
33 444
33 482
33 521
33 557
34 309
34 360
34 431
34 473
34 596
35 224
35 255
35 463
35 526
35 564
36 298
36 347
36 395
36 438
36 529
37 229
37 416
37 522
37 532
37 554
38 230
38 352
38 563
38 585
38 590
39 248
39 291
39 307
39 480
39 594
40 88
40 265
40 385
40 526
40 570
41 196
41 298
41 516
41 580
41 587
42 124
42 454
42 457
42 489
42 588
43 145
43 232
43 359
43 480
43 529
44 327
44 467
44 491
44 498
44 559
45 66
45 420
45 462
45 516
45 544
46 114
46 361
46 424
46 463
46 579
47 83
47 410
47 493
47 518
47 596
48 172
48 474
48 509
48 544
48 559
49 386
49 388
49 408
49 506
49 519
50 316
50 484
50 535
50 542
50 595
51 91
51 259
51 339
51 485
51 571
52 208
52 406
52 426
52 458
52 516
53 260
53 328
53 426
53 574
53 589
54 19
54 244
54 400
54 493
54 573
55 10
55 92
55 256
55 290
55 582
56 15
56 289
56 326
56 330
56 562
57 244
57 422
57 454
57 547
57 592
58 280
58 389
58 476
58 509
58 539
59 393
59 492
59 529
59 583
59 593
60 179
60 326
60 476
60 529
60 559
61 258
61 382
61 557
61 566
61 572
62 102
62 199
62 405
62 537
62 554
63 74
63 514
63 534
63 548
63 589
64 249
64 308
64 446
64 488
64 566
65 395
65 403
65 443
65 524
65 540
66 45
66 89
66 289
66 392
66 523
67 462
67 512
67 543
67 585
67 590
68 83
68 200
68 365
68 579
68 596
69 12
69 206
69 506
69 522
69 566
70 435
70 520
70 558
70 592
70 597
71 110
71 534
71 548
71 589
71 597
72 337
72 384
72 401
72 484
72 538
73 404
73 513
73 543
73 585
73 590
74 63
74 336
74 416
74 527
74 578
75 263
75 432
75 545
75 573
75 590
76 201
76 304
76 399
76 411
76 538
77 299
77 362
77 460
77 551
77 596
78 391
78 414
78 454
78 457
78 489
79 260
79 445
79 552
79 561
79 577
80 302
80 422
80 452
80 462
80 597
81 211
81 235
81 484
81 546
81 564
82 213
82 392
82 550
82 559
82 569
83 23
83 47
83 68
83 129
83 579
84 379
84 420
84 454
84 457
84 489
85 341
85 378
85 520
85 528
85 583
86 406
86 426
86 562
86 571
86 593
87 102
87 258
87 514
87 544
87 555
88 40
88 142
88 448
88 450
88 513
89 66
89 190
89 514
89 523
89 544
90 219
90 322
90 395
90 517
90 587
91 51
91 379
91 380
91 414
91 489
92 55
92 461
92 469
92 556
92 582
93 501
93 542
93 557
93 578
93 595
94 113
94 502
94 566
94 572
94 578
95 112
95 432
95 463
95 468
95 584
96 287
96 401
96 423
96 477
96 523
97 185
97 255
97 438
97 446
97 582
98 214
98 236
98 290
98 308
98 446
99 146
99 264
99 335
99 400
99 543
100 103
100 502
100 561
100 566
100 572
101 394
101 527
101 543
101 548
101 574
102 62
102 87
102 360
102 439
102 510
103 100
103 198
103 529
103 538
103 560
104 397
104 421
104 455
104 508
104 548
105 460
105 556
105 568
105 577
105 593
106 332
106 340
106 552
106 576
106 586
107 339
107 513
107 519
107 562
107 598
108 195
108 208
108 466
108 497
108 577
109 132
109 434
109 561
109 577
109 589
110 71
110 367
110 505
110 589
110 599
111 372
111 466
111 505
111 586
111 599
112 95
112 522
112 531
112 532
112 584
113 94
113 135
113 516
113 543
113 572
114 46
114 558
114 559
114 586
114 599
115 230
115 473
115 475
115 557
115 585
116 372
116 424
116 552
116 586
116 599
117 184
117 421
117 519
117 595
117 599
118 245
118 412
118 494
118 528
118 536
119 461
119 462
119 506
119 536
119 588
120 133
120 460
120 503
120 553
120 575
121 7
121 319
121 547
121 592
121 597
122 367
122 368
122 399
122 411
122 586
123 8
123 321
123 453
123 470
123 580
124 42
124 335
124 487
124 539
124 558
125 355
125 557
125 571
125 575
125 595
126 379
126 465
126 494
126 504
126 550
127 342
127 406
127 557
127 590
127 595
128 381
128 414
128 453
128 469
128 584
129 83
129 312
129 322
129 524
129 584
130 431
130 443
130 517
130 524
130 580
131 318
131 519
131 521
131 562
131 581
132 31
132 109
132 445
132 540
132 561
132 568
133 120
133 284
133 504
133 542
133 580
133 587
134 310
134 349
134 428
134 527
134 574
134 589
135 113
135 393
135 502
135 506
135 531
135 572
136 277
136 421
136 428
136 574
136 592
136 598
137 173
137 397
137 398
137 520
137 580
137 591
138 146
138 265
138 309
138 393
138 507
138 526
139 301
139 372
139 490
139 539
139 576
139 586
140 21
140 214
140 249
140 355
140 446
140 596
141 33
141 248
141 539
141 558
141 559
141 563
142 88
142 488
142 540
142 567
142 570
142 595
143 144
143 429
143 488
143 551
143 556
143 570
144 143
144 427
144 440
144 479
144 559
144 569
145 43
145 423
145 466
145 563
145 567
145 594
146 99
146 138
146 228
146 400
146 475
146 585
147 178
147 304
147 481
147 505
147 516
147 560
148 321
148 324
148 389
148 465
148 557
148 594
149 273
149 289
149 326
149 409
149 410
149 447
150 370
150 562
150 564
150 566
150 578
150 598
151 385
151 490
151 499
151 552
151 576
151 586
152 219
152 284
152 535
152 566
152 580
152 591
153 154
153 286
153 301
153 522
153 541
153 554
154 153
154 169
154 315
154 419
154 488
154 540
155 165
155 181
155 311
155 351
155 541
155 545
156 298
156 367
156 505
156 552
156 576
156 599
157 15
157 290
157 378
157 442
157 447
157 541
158 503
158 533
158 536
158 581
158 583
158 593
159 407
159 435
159 488
159 520
159 547
159 592
160 268
160 292
160 547
160 591
160 592
160 597
161 165
161 472
161 473
161 493
161 579
161 596
162 163
162 505
162 540
162 576
162 586
162 599
163 162
163 267
163 453
163 546
163 549
163 564
164 224
164 413
164 453
164 470
164 582
164 585
165 155
165 161
165 379
165 495
165 565
165 582
166 191
166 246
166 378
166 418
166 430
166 593
167 269
167 407
167 442
167 532
167 592
167 597
168 206
168 313
168 345
168 400
168 459
168 572
169 154
169 315
169 434
169 448
169 500
169 508
170 258
170 345
170 383
170 435
170 572
170 597
171 392
171 456
171 478
171 511
171 516
171 531
172 48
172 420
172 437
172 514
172 523
172 544
173 137
173 177
173 458
173 535
173 587
173 591
174 354
174 383
174 459
174 495
174 504
174 572
175 222
175 413
175 439
175 453
175 470
175 587
176 222
176 224
176 413
176 453
176 470
176 514
177 173
177 182
177 440
177 464
177 472
177 568
178 147
178 232
178 248
178 409
178 567
178 588
179 60
179 259
179 423
179 446
179 476
179 567
180 466
180 515
180 521
180 549
180 571
180 598
181 155
181 304
181 367
181 399
181 411
181 585
182 177
182 375
182 394
182 440
182 442
182 464
183 233
183 298
183 395
183 403
183 517
183 596
184 117
184 346
184 394
184 408
184 508
184 561
185 97
185 236
185 355
185 446
185 539
185 597
186 267
186 417
186 439
186 509
186 510
186 523
187 253
187 276
187 293
187 467
187 491
187 498
188 288
188 391
188 457
188 521
188 562
188 595
189 277
189 284
189 394
189 472
189 508
189 574
190 89
190 371
190 430
190 478
190 511
190 531
191 166
191 194
191 297
191 341
191 578
191 593
192 278
192 422
192 520
192 547
192 592
192 597
193 22
193 527
193 551
193 555
193 556
193 581
194 191
194 299
194 332
194 465
194 530
194 583
195 108
195 257
195 300
195 485
195 561
195 571
196 41
196 245
196 484
196 542
196 565
196 591
197 415
197 461
197 486
197 519
197 558
197 567
198 103
198 362
198 431
198 493
198 563
198 579
199 62
199 297
199 394
199 496
199 510
199 544
200 68
200 371
200 437
200 456
200 511
200 531
201 76
201 271
201 368
201 500
201 513
201 531
202 359
202 424
202 479
202 522
202 556
202 581
203 384
203 440
203 464
203 472
203 535
203 578
204 304
204 390
204 427
204 487
204 521
204 550
205 281
205 363
205 561
205 568
205 571
205 577
206 69
206 168
206 382
206 500
206 531
206 566
207 535
207 541
207 560
207 580
207 587
207 591
208 52
208 108
208 291
208 466
208 529
208 548
209 213
209 311
209 341
209 352
209 495
209 584
210 218
210 314
210 349
210 359
210 513
210 570
211 81
211 262
211 462
211 530
211 533
211 588
212 273
212 289
212 326
212 409
212 410
212 571
213 82
213 209
213 303
213 450
213 554
213 565
214 98
214 140
214 230
214 236
214 249
214 482
215 475
215 553
215 572
215 573
215 585
215 590
216 5
216 529
216 538
216 562
216 567
216 594
217 284
217 398
217 425
217 433
217 542
217 591
218 210
218 385
218 436
218 499
218 540
218 592
219 90
219 152
219 239
219 438
219 443
219 524
220 25
220 370
220 404
220 417
220 519
220 578
221 275
221 328
221 346
221 361
221 527
221 589
222 175
222 176
222 354
222 413
222 453
222 470
223 264
223 512
223 555
223 573
223 578
223 581
223 585
224 35
224 164
224 176
224 413
224 453
224 470
224 545
225 238
225 245
225 349
225 427
225 528
225 536
225 583
226 313
226 324
226 389
226 432
226 465
226 560
226 585
227 251
227 470
227 477
227 552
227 576
227 586
227 599
228 146
228 333
228 354
228 366
228 442
228 502
228 566
229 37
229 268
229 303
229 467
229 491
229 498
229 565
230 19
230 38
230 115
230 214
230 499
230 555
230 568
231 278
231 351
231 354
231 502
231 506
231 566
231 588
232 43
232 178
232 382
232 474
232 530
232 560
232 594
233 22
233 183
233 315
233 488
233 504
233 551
233 556
234 313
234 324
234 389
234 432
234 440
234 465
234 525
235 81
235 253
235 255
235 393
235 448
235 494
235 501
236 21
236 98
236 185
236 214
236 246
236 446
236 557
237 239
237 320
237 415
237 512
237 555
237 585
237 590
238 225
238 361
238 501
238 507
238 546
238 549
238 564
239 219
239 237
239 438
239 443
239 517
239 524
239 567
240 290
240 293
240 467
240 491
240 498
240 565
240 594
241 22
241 418
241 455
241 474
241 538
241 567
241 594
242 11
242 420
242 423
242 509
242 514
242 523
242 544
243 323
243 344
243 377
243 450
243 541
243 545
243 584
244 54
244 57
244 344
244 390
244 487
244 504
244 553
245 118
245 196
245 225
245 448
245 533
245 536
245 588
246 18
246 166
246 236
246 329
246 449
246 464
246 472
247 319
247 328
247 408
247 489
247 571
247 581
247 595
248 39
248 141
248 178
248 418
248 476
248 480
248 594
249 64
249 140
249 214
249 269
249 355
249 368
249 582
250 436
250 496
250 542
250 580
250 587
250 591
250 595
251 227
251 443
251 490
251 546
251 552
251 586
251 599
252 263
252 388
252 508
252 515
252 527
252 548
252 589
253 187
253 235
253 348
253 468
253 483
253 563
253 582
254 257
254 281
254 287
254 331
254 434
254 553
254 568
255 35
255 97
255 235
255 390
255 455
255 546
255 585
256 55
256 296
256 429
256 471
256 500
256 551
256 570
257 195
257 254
257 405
257 445
257 498
257 568
257 571
258 12
258 61
258 87
258 170
258 354
258 566
258 570
259 51
259 179
259 408
259 417
259 443
259 578
259 595
260 53
260 79
260 449
260 534
260 548
260 574
260 589
261 315
261 377
261 422
261 540
261 570
261 579
261 581
262 17
262 211
262 277
262 410
262 501
262 525
262 526
263 75
263 252
263 499
263 512
263 555
263 586
263 590
264 26
264 99
264 223
264 266
264 492
264 555
264 573
265 40
265 138
265 295
265 336
265 501
265 560
265 564
266 16
266 264
266 353
266 431
266 518
266 579
266 596
267 163
267 186
267 358
267 455
267 458
267 480
267 525
268 160
268 229
268 350
268 435
268 577
268 592
268 597
269 167
269 249
269 345
269 452
269 547
269 592
269 597
270 29
270 330
270 409
270 410
270 476
270 558
270 569
271 201
271 342
271 381
271 528
271 530
271 583
271 593
272 340
272 374
272 486
272 504
272 559
272 569
272 585
273 30
273 149
273 212
273 289
273 330
273 410
273 469
274 4
274 18
274 490
274 531
274 552
274 576
274 599
275 221
275 379
275 414
275 454
275 457
275 489
275 547
276 187
276 467
276 491
276 498
276 508
276 536
276 565
277 136
277 189
277 262
277 527
277 534
277 548
277 554
278 192
278 231
278 366
278 382
278 459
278 506
278 574
279 304
279 367
279 368
279 399
279 411
279 526
279 556
279 576
280 58
280 307
280 313
280 389
280 404
280 432
280 465
280 479
281 205
281 254
281 460
281 497
281 568
281 577
281 583
281 591
282 305
282 430
282 456
282 471
282 478
282 511
282 531
282 574
283 17
283 305
283 343
283 376
283 377
283 477
283 488
283 570
284 133
284 152
284 189
284 217
284 546
284 580
284 587
284 591
285 391
285 396
285 483
285 485
285 537
285 553
285 569
285 575
286 153
286 297
286 323
286 510
286 522
286 541
286 545
286 584
287 96
287 254
287 382
287 466
287 474
287 477
287 481
287 530
288 188
288 342
288 386
288 417
288 482
288 535
288 557
288 581
289 56
289 66
289 149
289 212
289 273
289 409
289 433
289 568
290 55
290 98
290 157
290 240
290 335
290 522
290 563
290 582
291 39
291 208
291 310
291 317
291 436
291 474
291 538
291 567
292 160
292 452
292 520
292 547
292 560
292 573
292 592
292 597
293 187
293 240
293 303
293 392
293 464
293 467
293 491
293 498
294 329
294 380
294 384
294 440
294 441
294 449
294 472
294 558
295 265
295 468
295 486
295 501
295 546
295 549
295 563
295 564
296 256
296 318
296 339
296 419
296 515
296 550
296 562
296 578
297 191
297 199
297 286
297 420
297 422
297 509
297 510
297 523
298 36
298 41
298 156
298 183
298 403
298 438
298 517
298 524
299 77
299 194
299 337
299 365
299 415
299 473
299 518
299 579
300 195
300 353
300 442
300 469
300 538
300 541
300 582
300 584
301 139
301 153
301 445
301 460
301 497
301 561
301 568
301 577
302 80
302 318
302 407
302 474
302 554
302 578
302 595
302 597
303 0
303 213
303 229
303 293
303 467
303 491
303 498
303 565
304 76
304 147
304 181
304 204
304 279
304 367
304 368
304 411
305 282
305 283
305 359
305 402
305 424
305 556
305 567
305 581
306 362
306 369
306 473
306 493
306 503
306 518
306 526
306 596
307 39
307 280
307 418
307 462
307 464
307 530
307 583
307 593
308 21
308 64
308 98
308 327
308 355
308 387
308 446
308 511
309 34
309 138
309 431
309 493
309 518
309 573
309 579
309 596
310 134
310 291
310 338
310 474
310 480
310 501
310 529
310 594
311 155
311 209
311 402
311 429
311 525
311 545
311 554
311 584
312 31
312 129
312 322
312 395
312 468
312 517
312 518
312 524
313 168
313 226
313 234
313 280
313 324
313 432
313 465
313 562
314 210
314 352
314 419
314 499
314 573
314 580
314 585
314 590
315 154
315 169
315 233
315 261
315 336
315 359
315 581
315 590
316 10
316 50
316 496
316 542
316 548
316 587
316 589
316 591
317 291
317 376
317 396
317 448
317 488
317 551
317 556
317 590
318 17
318 131
318 296
318 302
318 362
318 406
318 578
318 598
319 16
319 121
319 247
319 426
319 515
319 521
319 557
319 595
320 237
320 417
320 485
320 486
320 562
320 578
320 594
320 598
321 123
321 148
321 432
321 447
321 465
321 561
321 567
321 584
322 90
322 129
322 312
322 403
322 438
322 463
322 517
322 597
323 243
323 286
323 334
323 441
323 447
323 468
323 561
323 568
324 148
324 226
324 234
324 313
324 325
324 329
324 432
324 465
325 324
325 333
325 352
325 357
325 383
325 487
325 572
325 597
326 30
326 56
326 60
326 149
326 212
326 327
326 410
326 445
327 19
327 44
327 308
327 326
327 404
327 499
327 512
327 555
328 53
328 221
328 247
328 329
328 508
328 548
328 574
328 589
329 18
329 246
329 294
329 324
329 328
329 380
329 464
329 472
330 56
330 270
330 273
330 409
330 410
330 415
330 468
330 598
331 254
331 349
331 397
331 460
331 497
331 561
331 568
331 577
332 106
332 194
332 378
332 418
332 420
332 448
332 528
332 588
332 593
333 228
333 325
333 345
333 366
333 383
333 388
333 427
333 490
333 506
334 323
334 335
334 353
334 439
334 469
334 493
334 541
334 584
334 599
335 99
335 124
335 290
335 334
335 450
335 495
335 545
335 548
335 582
336 74
336 265
336 315
336 349
336 507
336 527
336 534
336 574
336 589
337 1
337 72
337 299
337 423
337 463
337 480
337 512
337 516
337 594
338 1
338 310
338 341
338 378
338 458
338 466
338 538
338 589
338 594
339 51
339 107
339 296
339 368
339 388
339 426
339 473
339 515
339 598
340 106
340 272
340 358
340 450
340 490
340 505
340 552
340 576
340 599
341 85
341 191
341 209
341 338
341 363
341 492
341 517
341 536
341 588
342 127
342 271
342 288
342 426
342 444
342 482
342 551
342 577
342 578
343 283
343 385
343 394
343 488
343 500
343 527
343 540
343 581
343 591
344 25
344 243
344 244
344 461
344 487
344 503
344 539
344 573
344 574
345 168
345 170
345 269
345 333
345 366
345 502
345 506
345 550
345 572
346 184
346 221
346 388
346 447
346 508
346 523
346 527
346 548
346 574
347 36
347 351
347 393
347 401
347 423
347 443
347 477
347 516
347 594
348 5
348 253
348 353
348 412
348 422
348 441
348 463
348 522
348 553
349 134
349 210
349 225
349 331
349 336
349 394
349 416
349 574
349 589
350 19
350 268
350 452
350 459
350 520
350 536
350 547
350 592
350 597
351 9
351 155
351 231
351 347
351 458
351 477
351 516
351 529
351 547
352 38
352 209
352 314
352 325
352 357
352 387
352 404
352 499
352 543
353 266
353 300
353 334
353 348
353 429
353 554
353 569
353 582
353 584
354 174
354 222
354 228
354 231
354 258
354 357
354 390
354 506
354 566
355 21
355 125
355 140
355 185
355 249
355 308
355 446
355 449
355 528
356 397
356 473
356 496
356 498
356 532
356 542
356 580
356 587
356 591
357 325
357 352
357 354
357 399
357 415
357 479
357 486
357 503
357 537
358 6
358 267
358 340
358 507
358 525
358 526
358 549
358 564
358 570
359 43
359 202
359 210
359 305
359 315
359 406
359 424
359 500
359 541
360 34
360 102
360 366
360 392
360 487
360 550
360 558
360 559
360 569
361 16
361 46
361 221
361 238
361 431
361 493
361 561
361 579
361 596
362 77
362 198
362 306
362 318
362 473
362 518
362 533
362 534
362 596
363 205
363 341
363 373
363 412
363 492
363 530
363 533
363 536
363 568
364 25
364 32
364 485
364 486
364 503
364 525
364 550
364 553
364 575
365 7
365 23
365 68
365 299
365 374
365 472
365 576
365 579
365 596
366 228
366 278
366 333
366 345
366 360
366 421
366 510
366 566
366 572
367 110
367 122
367 156
367 181
367 279
367 304
367 399
367 411
367 518
368 122
368 201
368 249
368 279
368 304
368 339
368 399
368 411
368 519
369 23
369 306
369 401
369 493
369 518
369 575
369 579
369 582
369 596
370 150
370 220
370 372
370 374
370 403
370 419
370 482
370 519
370 521
370 562
371 190
371 200
371 430
371 471
371 478
371 481
371 501
371 511
371 531
371 564
372 111
372 116
372 139
372 370
372 527
372 552
372 560
372 576
372 586
372 599
373 363
373 418
373 432
373 462
373 481
373 533
373 536
373 548
373 583
373 588
374 272
374 365
374 370
374 392
374 480
374 503
374 504
374 553
374 558
374 563
375 182
375 380
375 384
375 409
375 440
375 449
375 464
375 472
375 531
375 597
376 19
376 283
376 317
376 402
376 436
376 467
376 487
376 513
376 540
376 551
377 243
377 261
377 283
377 500
377 513
377 520
377 523
377 556
377 570
377 581
378 85
378 157
378 166
378 332
378 338
378 381
378 462
378 530
378 569
378 588
379 29
379 84
379 91
379 126
379 165
379 275
379 414
379 457
379 489
379 521
380 91
380 294
380 329
380 375
380 384
380 436
380 440
380 449
380 464
380 591
381 128
381 271
381 378
381 403
381 492
381 530
381 533
381 545
381 588
381 593
382 61
382 206
382 232
382 278
382 287
382 385
382 459
382 506
382 566
382 572
383 8
383 170
383 174
383 325
383 333
383 437
383 459
383 468
383 502
383 566
384 72
384 203
384 294
384 375
384 380
384 391
384 449
384 464
384 472
384 528
385 40
385 151
385 218
385 343
385 382
385 448
385 551
385 556
385 577
385 581
386 49
386 288
386 406
386 455
386 477
386 485
386 515
386 519
386 582
386 598
387 24
387 26
387 308
387 352
387 400
387 475
387 539
387 555
387 573
387 585
388 49
388 252
388 333
388 339
388 346
388 394
388 421
388 508
388 534
388 548
389 58
389 148
389 226
389 234
389 280
389 395
389 399
389 432
389 465
389 576
390 204
390 244
390 255
390 354
390 416
390 423
390 451
390 461
390 558
390 563
391 78
391 188
391 285
391 384
391 416
391 427
391 486
391 504
391 569
391 575
392 66
392 82
392 171
392 293
392 360
392 374
392 427
392 550
392 553
392 563
393 59
393 135
393 138
393 235
393 347
393 525
393 526
393 546
393 549
393 564
394 15
394 101
394 182
394 184
394 189
394 199
394 343
394 349
394 388
394 508
395 36
395 65
395 90
395 183
395 312
395 389
395 428
395 443
395 524
395 580
396 285
396 317
396 436
396 484
396 488
396 551
396 556
396 570
396 576
396 581
397 104
397 137
397 331
397 356
397 398
397 496
397 579
397 580
397 587
397 591
398 137
398 217
398 397
398 449
398 464
398 484
398 535
398 542
398 563
398 587
399 76
399 122
399 181
399 279
399 357
399 367
399 368
399 389
399 411
399 599
400 54
400 99
400 146
400 168
400 387
400 512
400 518
400 543
400 546
400 590
401 72
401 96
401 347
401 369
401 429
401 476
401 529
401 558
401 567
401 594
402 6
402 12
402 305
402 311
402 376
402 436
402 446
402 500
402 556
402 570
403 65
403 183
403 298
403 322
403 370
403 381
403 438
403 443
403 483
403 517
404 73
404 220
404 280
404 327
404 352
404 421
404 543
404 555
404 573
404 590
405 62
405 257
405 439
405 444
405 509
405 510
405 514
405 523
405 544
405 579
406 52
406 86
406 127
406 318
406 359
406 386
406 485
406 515
406 524
406 595
407 159
407 167
407 302
407 419
407 435
407 454
407 502
407 520
407 592
407 597
408 49
408 184
408 247
408 259
408 458
408 485
408 491
408 521
408 557
408 559
408 595
409 30
409 149
409 178
409 212
409 270
409 289
409 330
409 375
409 410
409 509
409 595
410 30
410 47
410 149
410 212
410 262
410 270
410 273
410 326
410 330
410 409
410 596
411 76
411 122
411 181
411 279
411 304
411 367
411 368
411 399
411 447
411 498
411 588
412 118
412 348
412 363
412 430
412 492
412 510
412 533
412 536
412 583
412 588
412 593
413 8
413 164
413 175
413 176
413 222
413 224
413 453
413 470
413 560
413 596
413 598
414 78
414 91
414 128
414 275
414 379
414 454
414 457
414 489
414 505
414 555
414 589
415 197
415 237
415 299
415 330
415 357
415 425
415 451
415 558
415 573
415 585
415 590
416 37
416 74
416 349
416 390
416 391
416 422
416 528
416 534
416 548
416 550
416 551
417 28
417 186
417 220
417 259
417 288
417 320
417 419
417 444
417 469
417 524
417 578
418 166
418 241
418 248
418 307
418 332
418 373
418 492
418 530
418 547
418 583
418 588
419 154
419 296
419 314
419 370
419 407
419 417
419 444
419 557
419 562
419 578
419 595
420 45
420 84
420 172
420 242
420 297
420 332
420 510
420 514
420 523
420 544
420 571
421 15
421 104
421 117
421 136
421 366
421 388
421 404
421 479
421 508
421 534
421 589
422 57
422 80
422 192
422 261
422 297
422 348
422 416
422 452
422 520
422 592
422 597
423 96
423 145
423 179
423 242
423 337
423 347
423 390
423 475
423 480
423 516
423 567
424 46
424 116
424 202
424 305
424 359
424 486
424 493
424 518
424 521
424 554
424 581
425 4
425 217
425 415
425 475
425 512
425 543
425 555
425 556
425 573
425 585
425 590
426 52
426 53
426 86
426 319
426 339
426 342
426 435
426 519
426 557
426 580
426 598
427 11
427 144
427 204
427 225
427 333
427 391
427 392
427 486
427 559
427 574
427 575
428 134
428 136
428 395
428 436
428 527
428 534
428 537
428 548
428 572
428 574
428 589
429 5
429 143
429 256
429 311
429 353
429 401
429 468
429 478
429 495
429 554
429 582
430 166
430 190
430 282
430 371
430 412
430 456
430 471
430 478
430 511
430 531
430 542
431 7
431 34
431 130
431 198
431 266
431 309
431 361
431 434
431 497
431 579
431 596
432 75
432 95
432 226
432 234
432 280
432 313
432 321
432 324
432 373
432 389
432 465
433 217
433 289
433 434
433 469
433 484
433 496
433 535
433 542
433 580
433 587
433 591
434 14
434 109
434 169
434 254
434 431
434 433
434 460
434 497
434 561
434 568
434 577
435 70
435 159
435 170
435 268
435 407
435 426
435 452
435 520
435 547
435 570
435 592
435 597
436 218
436 250
436 291
436 376
436 380
436 396
436 402
436 428
436 448
436 513
436 551
436 570
437 31
437 172
437 200
437 383
437 479
437 494
437 503
437 534
437 537
437 539
437 569
437 575
438 28
438 36
438 97
438 219
438 239
438 298
438 322
438 403
438 443
438 454
438 517
438 524
439 102
439 175
439 186
439 334
439 405
439 496
439 509
439 510
439 514
439 523
439 544
439 547
440 144
440 177
440 182
440 203
440 234
440 294
440 375
440 380
440 444
440 449
440 472
440 486
441 20
441 294
441 323
441 348
441 442
441 468
441 469
441 470
441 495
441 563
441 565
441 593
442 157
442 167
442 182
442 228
442 300
442 441
442 468
442 545
442 554
442 565
442 584
442 595
443 65
443 130
443 219
443 239
443 251
443 259
443 347
443 395
443 403
443 438
443 517
443 524
444 33
444 342
444 405
444 417
444 419
444 440
444 482
444 532
444 564
444 578
444 595
444 598
445 79
445 132
445 257
445 301
445 326
445 490
445 497
445 552
445 561
445 568
445 571
445 577
446 64
446 97
446 98
446 140
446 179
446 185
446 236
446 308
446 355
446 402
446 482
446 491
447 5
447 149
447 157
447 321
447 323
447 346
447 411
447 469
447 522
447 524
447 563
447 582
448 88
448 169
448 235
448 245
448 317
448 332
448 385
448 436
448 540
448 551
448 567
448 581
449 246
449 260
449 294
449 355
449 375
449 380
449 384
449 398
449 440
449 464
449 472
449 545
450 88
450 213
450 243
450 335
450 340
450 463
450 469
450 545
450 554
450 563
450 575
450 591
451 390
451 415
451 461
451 488
451 492
451 537
451 539
451 550
451 553
451 563
451 575
451 583
452 80
452 269
452 292
452 350
452 422
452 435
452 474
452 520
452 547
452 587
452 592
452 597
453 123
453 128
453 163
453 164
453 175
453 176
453 222
453 224
453 413
453 470
453 542
453 551
454 29
454 42
454 57
454 78
454 84
454 275
454 407
454 414
454 438
454 457
454 489
454 502
455 17
455 104
455 241
455 255
455 267
455 386
455 495
455 501
455 526
455 546
455 549
455 564
456 171
456 200
456 282
456 430
456 471
456 478
456 489
456 511
456 520
456 531
456 544
456 570
457 27
457 42
457 78
457 84
457 188
457 275
457 379
457 414
457 454
457 489
457 536
457 596
458 52
458 173
458 267
458 338
458 351
458 408
458 466
458 481
458 516
458 529
458 560
458 567
459 13
459 168
459 174
459 278
459 350
459 382
459 383
459 506
459 566
459 571
459 572
459 575
460 77
460 105
460 120
460 281
460 301
460 331
460 434
460 467
460 561
460 568
460 571
460 577
460 599
461 92
461 119
461 197
461 344
461 390
461 451
461 479
461 503
461 528
461 537
461 550
461 553
461 573
462 45
462 67
462 80
462 119
462 211
462 307
462 373
462 378
462 533
462 583
462 588
462 590
462 593
463 35
463 46
463 95
463 322
463 337
463 348
463 450
463 470
463 495
463 507
463 522
463 525
463 546
464 177
464 182
464 203
464 246
464 293
464 307
464 329
464 375
464 380
464 384
464 398
464 449
464 553
465 126
465 148
465 194
465 226
465 234
465 280
465 313
465 321
465 324
465 389
465 432
465 545
465 558
466 108
466 111
466 145
466 180
466 208
466 287
466 338
466 458
466 516
466 529
466 538
466 560
466 592
467 44
467 187
467 229
467 240
467 276
467 293
467 303
467 376
467 460
467 491
467 494
467 565
467 581
468 95
468 253
468 295
468 312
468 323
468 330
468 383
468 429
468 441
468 442
468 545
468 554
468 584
469 20
469 92
469 128
469 273
469 300
469 334
469 417
469 433
469 441
469 447
469 450
469 550
469 582
470 8
470 123
470 164
470 175
470 176
470 222
470 224
470 227
470 413
470 441
470 453
470 463
470 476
471 32
471 256
471 282
471 371
471 430
471 456
471 475
471 478
471 511
471 530
471 531
471 566
471 594
472 18
472 161
472 177
472 189
472 203
472 246
472 294
472 329
472 365
472 375
472 384
472 440
472 449
473 23
473 34
473 115
473 161
473 299
473 306
473 339
473 356
473 362
473 518
473 541
473 579
473 596
474 1
474 23
474 48
474 232
474 241
474 287
474 291
474 302
474 310
474 452
474 481
474 560
474 567
475 115
475 146
475 215
475 387
475 423
475 425
475 471
475 499
475 523
475 549
475 555
475 573
475 590
476 58
476 60
476 179
476 248
476 270
476 401
476 470
476 480
476 529
476 538
476 560
476 569
476 594
477 96
477 227
477 283
477 287
477 347
477 351
477 386
477 480
477 481
477 525
477 538
477 567
477 594
478 171
478 190
478 282
478 371
478 429
478 430
478 456
478 471
478 486
478 489
478 511
478 531
478 540
479 31
479 144
479 202
479 280
479 357
479 421
479 437
479 461
479 494
479 511
479 539
479 550
479 553
480 39
480 43
480 248
480 267
480 310
480 337
480 374
480 423
480 476
480 477
480 526
480 560
480 564
481 9
481 147
481 287
481 371
481 373
481 458
481 474
481 477
481 495
481 538
481 555
481 560
481 567
481 594
482 33
482 214
482 288
482 342
482 370
482 444
482 446
482 485
482 515
482 519
482 535
482 537
482 557
482 598
483 11
483 253
483 285
483 403
483 486
483 494
483 504
483 537
483 539
483 550
483 559
483 574
483 575
483 579
484 50
484 72
484 81
484 196
484 396
484 398
484 433
484 496
484 535
484 542
484 580
484 587
484 591
484 592
485 21
485 51
485 195
485 285
485 320
485 364
485 386
485 406
485 408
485 482
485 515
485 562
485 595
485 598
486 197
486 272
486 295
486 320
486 357
486 364
486 391
486 424
486 427
486 440
486 478
486 483
486 553
486 563
487 20
487 124
487 204
487 244
487 325
487 344
487 360
487 376
487 504
487 513
487 530
487 537
487 539
487 559
488 64
488 142
488 143
488 154
488 159
488 233
488 283
488 317
488 343
488 396
488 451
488 513
488 570
488 575
489 29
489 42
489 78
489 84
489 91
489 247
489 275
489 379
489 414
489 454
489 456
489 457
489 478
489 524
490 139
490 151
490 251
490 274
490 333
490 340
490 445
490 505
490 519
490 537
490 552
490 576
490 586
490 599
491 44
491 187
491 229
491 240
491 276
491 293
491 303
491 408
491 446
491 467
491 498
491 528
491 565
491 588
492 59
492 264
492 341
492 363
492 381
492 412
492 418
492 451
492 528
492 533
492 565
492 577
492 588
492 593
493 7
493 47
493 54
493 161
493 198
493 306
493 309
493 334
493 361
493 369
493 424
493 497
493 574
493 596
494 118
494 126
494 235
494 437
494 467
494 479
494 483
494 504
494 537
494 539
494 553
494 558
494 564
494 569
495 165
495 174
495 209
495 335
495 429
495 441
495 455
495 463
495 481
495 532
495 545
495 550
495 563
495 584
496 199
496 250
496 316
496 356
496 397
496 433
496 439
496 484
496 535
496 565
496 579
496 580
496 587
496 591
497 108
497 281
497 301
497 331
497 431
497 434
497 445
497 493
497 544
497 561
497 568
497 571
497 577
497 589
498 44
498 187
498 229
498 240
498 257
498 276
498 293
498 303
498 356
498 411
498 491
498 504
498 541
498 565
499 151
499 218
499 230
499 263
499 314
499 327
499 352
499 475
499 503
499 510
499 543
499 555
499 573
499 590
500 169
500 201
500 206
500 256
500 343
500 359
500 377
500 402
500 522
500 540
500 556
500 565
500 581
500 590
501 3
501 93
501 235
501 238
501 262
501 265
501 295
501 310
501 371
501 455
501 502
501 507
501 525
501 549
502 2
502 12
502 94
502 100
502 135
502 228
502 231
502 345
502 383
502 407
502 454
502 501
502 572
502 583
503 120
503 158
503 306
503 344
503 357
503 364
503 374
503 437
503 461
503 499
503 523
503 537
503 558
503 569
503 575
504 7
504 126
504 133
504 174
504 233
504 244
504 272
504 374
504 391
504 483
504 487
504 494
504 498
504 550
504 575
505 4
505 110
505 111
505 147
505 156
505 162
505 340
505 414
505 490
505 507
505 572
505 575
505 576
505 586
505 599
506 49
506 69
506 119
506 135
506 231
506 278
506 333
506 345
506 354
506 382
506 459
506 533
506 538
506 544
506 572
507 17
507 138
507 238
507 336
507 358
507 463
507 501
507 505
507 511
507 525
507 546
507 549
507 562
507 564
507 582
508 104
508 169
508 184
508 189
508 252
508 276
508 328
508 346
508 388
508 394
508 421
508 512
508 574
508 577
508 589
509 48
509 58
509 186
509 242
509 297
509 405
509 409
509 439
509 510
509 511
509 512
509 514
509 523
509 544
509 583
510 102
510 186
510 199
510 286
510 297
510 366
510 405
510 412
510 420
510 439
510 499
510 509
510 514
510 523
510 544
511 32
511 171
511 190
511 200
511 282
511 308
511 371
511 430
511 456
511 471
511 478
511 479
511 507
511 509
511 522
511 531
512 67
512 223
512 237
512 263
512 327
512 337
512 400
512 425
512 508
512 509
512 543
512 555
512 559
512 585
512 590
512 591
513 2
513 6
513 73
513 88
513 107
513 201
513 210
513 376
513 377
513 436
513 487
513 488
513 540
513 551
513 581
513 584
514 14
514 63
514 87
514 89
514 172
514 176
514 242
514 405
514 420
514 439
514 509
514 510
514 523
514 544
514 597
514 598
515 180
515 252
515 296
515 319
515 339
515 386
515 406
515 482
515 485
515 521
515 524
515 535
515 569
515 573
515 578
515 598
516 41
516 45
516 52
516 113
516 147
516 171
516 337
516 347
516 351
516 423
516 458
516 466
516 517
516 538
516 560
516 567
517 90
517 130
517 183
517 239
517 298
517 312
517 322
517 341
517 403
517 438
517 443
517 516
517 524
517 533
517 587
517 594
518 47
518 266
518 299
518 306
518 309
518 312
518 362
518 367
518 369
518 400
518 424
518 473
518 579
518 584
518 596
518 599
519 10
519 49
519 107
519 117
519 131
519 197
519 220
519 368
519 370
519 386
519 426
519 482
519 490
519 549
519 595
519 598
520 70
520 85
520 137
520 159
520 192
520 292
520 350
520 377
520 407
520 422
520 435
520 452
520 456
520 547
520 592
520 597
521 33
521 131
521 180
521 188
521 204
521 319
521 370
521 379
521 408
521 424
521 515
521 525
521 553
521 571
521 595
521 598
522 37
522 69
522 112
522 153
522 202
522 286
522 290
522 348
522 447
522 463
522 500
522 511
522 541
522 545
522 552
522 563
522 572
523 66
523 89
523 96
523 172
523 186
523 242
523 297
523 346
523 377
523 405
523 420
523 439
523 475
523 503
523 509
523 510
523 514
524 65
524 129
524 130
524 219
524 239
524 298
524 312
524 395
524 406
524 417
524 438
524 443
524 447
524 489
524 515
524 517
524 558
525 24
525 234
525 262
525 267
525 311
525 358
525 364
525 393
525 463
525 477
525 501
525 507
525 521
525 526
525 546
525 549
525 564
526 3
526 24
526 35
526 40
526 138
526 262
526 279
526 306
526 358
526 393
526 455
526 480
526 525
526 546
526 549
526 564
526 571
527 74
527 101
527 134
527 193
527 221
527 252
527 277
527 336
527 343
527 346
527 372
527 428
527 534
527 556
527 572
527 574
527 589
528 85
528 118
528 225
528 271
528 332
528 355
528 384
528 416
528 461
528 491
528 492
528 530
528 536
528 572
528 583
528 588
528 593
529 36
529 43
529 59
529 60
529 103
529 208
529 216
529 310
529 351
529 401
529 458
529 466
529 476
529 533
529 538
529 543
529 572
530 194
530 211
530 232
530 271
530 287
530 307
530 363
530 378
530 381
530 418
530 471
530 487
530 528
530 533
530 544
530 588
530 593
531 32
531 112
531 135
531 171
531 190
531 200
531 201
531 206
531 274
531 282
531 371
531 375
531 430
531 456
531 471
531 478
531 511
532 5
532 13
532 20
532 37
532 112
532 167
532 356
532 444
532 495
532 541
532 545
532 554
532 555
532 562
532 565
532 582
532 584
533 1
533 158
533 211
533 245
533 362
533 363
533 373
533 381
533 412
533 462
533 492
533 506
533 517
533 529
533 530
533 583
533 593
534 63
534 71
534 260
534 277
534 336
534 362
534 388
534 416
534 421
534 428
534 437
534 527
534 557
534 574
534 576
534 584
534 589
535 50
535 152
535 173
535 203
535 207
535 288
535 398
535 433
535 482
535 484
535 496
535 515
535 542
535 547
535 552
535 580
535 587
535 591
536 11
536 118
536 119
536 158
536 225
536 245
536 276
536 341
536 350
536 363
536 373
536 412
536 457
536 528
536 542
536 583
536 588
536 593
537 62
537 285
537 357
537 428
537 437
537 451
537 461
537 482
537 483
537 487
537 490
537 494
537 503
537 550
537 553
537 559
537 575
537 593
538 72
538 76
538 103
538 216
538 241
538 291
538 300
538 338
538 466
538 476
538 477
538 481
538 506
538 516
538 529
538 542
538 560
538 566
539 11
539 58
539 124
539 139
539 141
539 185
539 344
539 387
539 437
539 451
539 479
539 483
539 487
539 494
539 544
539 553
539 558
539 575
540 0
540 65
540 132
540 142
540 154
540 162
540 218
540 261
540 343
540 376
540 448
540 478
540 500
540 513
540 551
540 556
540 570
540 599
541 8
541 153
541 155
541 157
541 207
541 243
541 286
541 300
541 334
541 359
541 473
541 498
541 522
541 532
541 543
541 545
541 554
541 582
542 50
542 93
542 133
542 196
542 217
542 250
542 316
542 356
542 398
542 430
542 433
542 453
542 484
542 535
542 536
542 538
542 587
542 591
543 26
543 67
543 73
543 99
543 101
543 113
543 352
543 400
543 404
543 425
543 499
543 512
543 529
543 541
543 555
543 573
543 585
543 587
544 45
544 48
544 87
544 89
544 172
544 199
544 242
544 405
544 420
544 439
544 456
544 497
544 506
544 509
544 510
544 514
544 530
544 539
544 568
545 75
545 155
545 224
545 243
545 286
545 311
545 335
545 381
545 442
545 449
545 450
545 465
545 468
545 495
545 522
545 532
545 541
545 554
545 594
546 3
546 81
546 163
546 238
546 251
546 255
546 284
546 295
546 393
546 400
546 455
546 463
546 507
546 525
546 526
546 549
546 552
546 564
546 579
547 57
547 121
547 159
547 160
547 192
547 269
547 275
547 292
547 350
547 351
547 418
547 435
547 439
547 452
547 520
547 535
547 558
547 592
547 597
548 63
548 71
548 101
548 104
548 208
548 252
548 260
548 277
548 316
548 328
548 335
548 346
548 373
548 388
548 416
548 428
548 571
548 574
548 589
549 24
549 163
549 180
549 238
549 295
549 358
549 393
549 455
549 475
549 501
549 507
549 519
549 525
549 526
549 546
549 550
549 564
549 591
549 593
550 82
550 126
550 204
550 296
550 345
550 360
550 364
550 392
550 416
550 451
550 461
550 469
550 479
550 483
550 495
550 504
550 537
550 549
550 570
550 575
551 22
551 77
551 143
551 193
551 233
551 256
551 317
551 342
551 376
551 385
551 396
551 416
551 436
551 448
551 453
551 513
551 540
551 555
551 576
551 581
552 27
552 79
552 106
552 116
552 151
552 156
552 227
552 251
552 274
552 340
552 372
552 445
552 490
552 522
552 535
552 546
552 576
552 580
552 586
552 599
553 18
553 120
553 215
553 244
553 254
553 285
553 348
553 364
553 374
553 392
553 451
553 461
553 464
553 479
553 486
553 494
553 521
553 537
553 539
553 569
554 13
554 37
554 62
554 153
554 213
554 277
554 302
554 311
554 353
554 424
554 429
554 442
554 450
554 468
554 532
554 541
554 545
554 557
554 582
554 583
555 87
555 193
555 223
555 230
555 237
555 263
555 264
555 327
555 387
555 404
555 414
555 425
555 475
555 481
555 499
555 512
555 532
555 543
555 551
555 573
556 6
556 92
556 105
556 143
556 193
556 202
556 233
556 279
556 305
556 317
556 377
556 385
556 396
556 402
556 425
556 500
556 527
556 540
556 581
556 598
557 28
557 33
557 61
557 93
557 115
557 125
557 127
557 148
557 236
557 288
557 319
557 408
557 419
557 426
557 482
557 534
557 554
557 562
557 578
557 598
558 70
558 114
558 124
558 141
558 197
558 270
558 294
558 360
558 374
558 390
558 401
558 415
558 465
558 494
558 503
558 524
558 539
558 547
558 559
558 569
559 25
559 44
559 48
559 60
559 82
559 114
559 141
559 144
559 272
559 360
559 408
559 427
559 483
559 487
559 512
559 537
559 558
559 563
559 569
559 586
560 2
560 103
560 147
560 207
560 226
560 232
560 265
560 292
560 372
560 413
560 458
560 466
560 474
560 476
560 480
560 481
560 516
560 538
560 567
560 594
561 14
561 79
561 100
561 109
561 132
561 184
561 195
561 205
561 301
561 321
561 323
561 331
561 361
561 434
561 445
561 460
561 497
561 568
561 577
561 592
562 28
562 56
562 86
562 107
562 131
562 150
562 188
562 216
562 296
562 313
562 320
562 370
562 419
562 485
562 507
562 532
562 557
562 584
562 595
562 598
563 38
563 141
563 145
563 198
563 253
563 290
563 295
563 374
563 390
563 392
563 398
563 441
563 447
563 450
563 451
563 486
563 495
563 522
563 559
563 582
563 596
564 24
564 26
564 35
564 81
564 150
564 163
564 238
564 265
564 295
564 358
564 371
564 393
564 444
564 455
564 480
564 494
564 507
564 525
564 526
564 546
564 549
565 13
565 30
565 165
565 196
565 213
565 229
565 240
565 276
565 303
565 441
565 442
565 467
565 491
565 492
565 496
565 498
565 500
565 532
565 582
565 584
565 595
566 2
566 61
566 64
566 69
566 94
566 100
566 150
566 152
566 206
566 228
566 231
566 258
566 354
566 366
566 382
566 383
566 459
566 471
566 538
566 571
566 580
567 142
567 145
567 178
567 179
567 197
567 216
567 239
567 241
567 291
567 305
567 321
567 401
567 423
567 448
567 458
567 474
567 477
567 481
567 516
567 560
567 594
568 105
568 132
568 177
568 205
568 230
568 254
568 257
568 281
568 289
568 301
568 323
568 331
568 363
568 434
568 445
568 460
568 497
568 544
568 561
568 571
568 577
569 13
569 31
569 82
569 144
569 270
569 272
569 285
569 353
569 360
569 378
569 391
569 437
569 476
569 494
569 503
569 515
569 553
569 558
569 559
569 575
569 589
570 0
570 6
570 32
570 40
570 142
570 143
570 210
570 256
570 258
570 261
570 283
570 358
570 377
570 396
570 402
570 435
570 436
570 456
570 488
570 540
570 550
570 581
571 51
571 86
571 125
571 180
571 195
571 205
571 212
571 247
571 257
571 420
571 445
571 459
571 460
571 497
571 521
571 526
571 548
571 566
571 568
571 577
571 588
571 598
572 61
572 94
572 100
572 113
572 135
572 168
572 170
572 174
572 215
572 325
572 345
572 366
572 382
572 428
572 459
572 502
572 505
572 506
572 522
572 527
572 528
572 529
573 54
573 75
573 215
573 223
573 264
573 292
573 309
573 314
573 344
573 387
573 404
573 415
573 425
573 461
573 475
573 499
573 515
573 543
573 555
573 577
573 585
573 590
574 53
574 101
574 134
574 136
574 189
574 260
574 278
574 282
574 328
574 336
574 344
574 346
574 349
574 427
574 428
574 483
574 493
574 508
574 527
574 534
574 548
574 575
575 25
575 120
575 125
575 285
575 364
575 369
575 391
575 427
575 437
575 450
575 451
575 459
575 483
575 488
575 503
575 504
575 505
575 537
575 539
575 550
575 569
575 574
576 27
576 106
576 139
576 151
576 156
576 162
576 227
576 274
576 279
576 340
576 365
576 372
576 389
576 396
576 490
576 505
576 534
576 551
576 552
576 586
576 589
576 599
577 14
577 79
577 105
577 108
577 109
577 205
577 268
577 281
577 301
577 331
577 342
577 385
577 434
577 445
577 460
577 492
577 497
577 508
577 561
577 568
577 571
577 573
578 74
578 93
578 94
578 150
578 191
578 203
578 220
578 223
578 259
578 296
578 302
578 318
578 320
578 342
578 417
578 419
578 444
578 515
578 557
578 586
578 598
578 599
579 16
579 46
579 68
579 83
579 161
579 198
579 261
579 266
579 299
579 309
579 361
579 365
579 369
579 397
579 405
579 431
579 473
579 483
579 496
579 518
579 546
579 585
580 10
580 41
580 123
580 130
580 133
580 137
580 152
580 207
580 250
580 284
580 314
580 356
580 395
580 397
580 426
580 433
580 484
580 496
580 535
580 552
580 566
580 587
580 591
581 131
581 158
581 193
581 202
581 223
581 247
581 261
581 288
581 305
581 315
581 343
581 377
581 385
581 396
581 424
581 448
581 467
581 500
581 513
581 551
581 556
581 570
581 585
582 9
582 55
582 92
582 97
582 164
582 165
582 249
582 253
582 290
582 300
582 335
582 353
582 369
582 386
582 429
582 447
582 469
582 507
582 532
582 541
582 554
582 563
582 565
583 59
583 85
583 158
583 194
583 225
583 271
583 281
583 307
583 373
583 412
583 418
583 451
583 462
583 502
583 509
583 528
583 533
583 536
583 554
583 588
583 590
583 593
583 598
584 20
584 95
584 112
584 128
584 129
584 209
584 243
584 286
584 300
584 311
584 321
584 334
584 353
584 442
584 468
584 495
584 513
584 518
584 532
584 534
584 562
584 565
584 593
585 38
585 67
585 73
585 115
585 146
585 164
585 181
585 215
585 223
585 226
585 237
585 255
585 272
585 314
585 387
585 415
585 425
585 512
585 543
585 573
585 579
585 581
585 590
586 4
586 15
586 27
586 106
586 111
586 114
586 116
586 122
586 139
586 151
586 162
586 227
586 251
586 263
586 372
586 490
586 505
586 552
586 559
586 576
586 578
586 592
586 593
586 599
587 10
587 41
587 90
587 133
587 173
587 175
587 207
587 250
587 284
587 316
587 356
587 397
587 398
587 433
587 452
587 484
587 496
587 517
587 535
587 542
587 543
587 580
587 592
587 595
588 42
588 119
588 178
588 211
588 231
588 245
588 332
588 341
588 373
588 378
588 381
588 411
588 412
588 418
588 462
588 491
588 492
588 528
588 530
588 536
588 571
588 583
588 591
588 593
589 53
589 63
589 71
589 109
589 110
589 134
589 221
589 252
589 260
589 316
589 328
589 336
589 338
589 349
589 414
589 421
589 428
589 497
589 508
589 527
589 534
589 548
589 569
589 576
590 26
590 38
590 67
590 73
590 75
590 127
590 215
590 237
590 263
590 314
590 315
590 317
590 400
590 404
590 415
590 425
590 462
590 475
590 499
590 500
590 512
590 573
590 583
590 585
590 595
591 137
591 152
591 160
591 173
591 196
591 207
591 217
591 250
591 281
591 284
591 316
591 343
591 356
591 380
591 397
591 433
591 450
591 484
591 496
591 512
591 535
591 542
591 549
591 580
591 588
592 57
592 70
592 121
592 136
592 159
592 160
592 167
592 192
592 218
592 268
592 269
592 292
592 350
592 407
592 422
592 435
592 452
592 466
592 484
592 520
592 547
592 561
592 586
592 587
592 597
593 29
593 59
593 86
593 105
593 158
593 166
593 191
593 271
593 307
593 332
593 381
593 412
593 441
593 462
593 492
593 528
593 530
593 533
593 536
593 537
593 549
593 583
593 584
593 586
593 588
594 1
594 9
594 39
594 145
594 148
594 216
594 232
594 240
594 241
594 248
594 310
594 320
594 337
594 338
594 347
594 401
594 471
594 476
594 477
594 481
594 517
594 545
594 560
594 567
594 596
595 50
595 93
595 117
595 125
595 127
595 142
595 188
595 247
595 250
595 259
595 302
595 319
595 406
595 408
595 409
595 419
595 442
595 444
595 485
595 519
595 521
595 562
595 565
595 587
595 590
596 16
596 34
596 47
596 68
596 77
596 140
596 161
596 183
596 266
596 306
596 309
596 361
596 362
596 365
596 369
596 410
596 413
596 431
596 457
596 473
596 493
596 518
596 563
596 594
596 598
597 70
597 71
597 80
597 121
597 160
597 167
597 170
597 185
597 192
597 268
597 269
597 292
597 302
597 322
597 325
597 350
597 375
597 407
597 422
597 435
597 452
597 514
597 520
597 547
597 592
598 107
598 136
598 150
598 180
598 318
598 320
598 330
598 339
598 386
598 413
598 426
598 444
598 482
598 485
598 514
598 515
598 519
598 521
598 556
598 557
598 562
598 571
598 578
598 583
598 596
599 4
599 27
599 110
599 111
599 114
599 116
599 117
599 156
599 162
599 227
599 251
599 274
599 334
599 340
599 372
599 399
599 460
599 490
599 505
599 518
599 540
599 552
599 576
599 578
599 586
