103 291
141 578
87 346
401 461
257 510
23 377
320 571
194 595
197 241
166 355
387 553
523 539
201 327
244 419
335 473
307 526
376 405
270 305
419 502
4 178
522 563
482 513
316 550
334 445
338 503
438 570
149 573
319 440
29 504
563 566
44 564
426 574
249 351
193 570
178 430
108 537
382 541
310 521
426 449
332 416
7 358
366 533
386 559
54 589
76 359
296 320
450 584
372 563
325 328
57 477
204 340
280 316
502 529
194 516
106 456
288 315
136 383
106 565
146 562
170 578
337 466
265 283
466 579
65 563
231 252
360 550
328 421
123 281
139 332
283 572
146 557
303 316
405 557
463 570
84 567
257 468
421 574
524 596
178 293
161 379
303 574
74 524
40 286
10 506
282 327
139 527
541 579
473 541
202 574
542 596
418 419
202 500
389 573
305 562
68 300
103 592
285 503
387 421
101 420
373 399
273 318
316 500
360 539
437 462
139 482
153 591
198 516
332 506
124 514
307 323
261 573
30 463
268 545
292 561
210 358
111 559
206 273
419 543
171 539
464 584
567 579
265 538
558 568
16 303
252 320
389 420
375 394
529 571
437 473
185 432
123 307
15 577
78 596
10 566
372 452
174 253
35 514
514 573
456 557
37 523
398 515
313 566
465 562
28 516
319 584
400 478
438 464
208 571
465 579
119 192
48 591
0 445
241 559
77 129
210 482
191 324
417 529
516 535
301 308
340 430
359 450
399 534
332 539
149 502
189 553
318 578
136 533
430 588
226 558
281 284
318 557
343 575
325 464
476 535
392 574
175 562
300 596
119 432
168 563
285 570
529 558
343 498
327 340
311 574
7 187
62 468
210 325
377 486
378 578
5 97
500 526
503 531
513 566
320 460
48 193
0 542
25 522
109 260
278 420
44 479
97 419
190 405
430 466
382 412
516 524
152 492
23 524
166 587
225 432
157 427
193 559
226 571
208 551
300 437
424 522
78 198
264 488
180 207
419 558
306 571
245 518
182 468
400 587
160 172
473 475
264 495
376 553
267 455
29 577
393 573
537 547
246 450
186 479
277 329
261 399
68 596
316 574
500 504
288 524
54 329
292 460
498 520
7 502
317 452
426 550
50 550
252 417
291 582
114 587
186 531
79 90
378 507
547 566
93 479
348 438
372 572
178 562
416 584
54 320
412 503
267 521
61 557
280 514
153 367
198 339
533 537
419 492
366 432
510 574
337 465
31 518
124 420
553 591
92 93
239 286
65 562
16 500
329 568
77 352
296 335
24 340
255 271
264 594
257 323
27 562
262 545
287 401
162 279
242 479
334 596
559 592
412 453
87 158
110 560
111 531
93 559
370 372
244 571
189 475
135 462
447 456
303 569
192 592
57 503
166 521
348 372
28 236
319 341
89 490
421 550
206 260
355 513
456 562
308 563
161 185
112 227
202 550
318 497
382 552
533 573
348 482
349 492
424 563
285 463
127 252
12 339
513 584
382 479
26 557
100 417
339 542
140 379
308 468
279 591
337 588
307 545
167 558
157 500
437 479
562 565
300 476
561 571
144 427
53 239
475 565
41 565
557 591
302 379
175 550
514 547
438 587
37 513
222 377
21 327
286 352
275 529
325 513
206 497
426 510
557 567
236 568
329 343
334 341
416 513
327 579
149 533
41 591
101 455
319 400
90 286
492 529
462 541
430 586
171 513
567 568
398 523
299 424
562 591
48 163
328 510
449 500
398 447
61 138
290 450
1 170
273 378
168 421
131 571
104 547
75 124
246 562
310 547
317 563
311 430
349 450
392 550
138 579
161 255
516 518
393 521
197 468
218 420
537 591
341 410
78 518
460 568
101 537
50 316
323 531
552 592
210 566
531 570
417 571
181 253
290 468
241 307
41 430
313 593
455 533
464 478
157 426
310 573
424 433
206 578
305 456
75 261
76 397
260 401
479 592
570 592
23 516
62 545
412 592
6 386
119 271
267 280
163 475
329 492
21 591
460 558
156 170
174 185
158 578
128 529
306 416
146 598
383 594
392 426
506 584
275 503
383 547
162 553
81 575
478 587
466 591
168 392
191 510
325 584
234 578
306 554
170 234
461 579
321 334
466 475
103 473
110 399
114 584
101 573
152 527
210 246
156 401
131 264
75 336
130 140
341 563
387 449
64 114
25 188
74 333
518 542
78 187
179 577
50 421
341 572
492 568
65 522
104 389
61 574
504 570
309 325
207 432
355 539
394 542
306 492
126 245
510 553
171 566
372 522
392 510
0 552
158 537
119 150
16 316
161 207
287 497
308 572
420 537
376 596
163 534
167 571
335 394
195 393
399 420
273 461
328 550
7 558
378 436
16 574
53 599
208 342
299 372
107 242
307 468
552 559
168 451
135 570
356 498
328 451
129 524
226 510
382 592
398 416
150 255
427 550
104 195
234 497
182 268
334 518
337 579
40 79
407 427
416 523
438 584
224 452
135 552
399 514
201 562
152 244
27 154
242 272
167 590
349 359
97 502
523 584
393 533
464 568
341 398
265 522
75 280
153 553
137 141
265 448
32 437
311 456
167 473
283 299
382 504
26 526
376 380
50 526
163 318
139 313
265 563
348 478
531 559
420 547
123 545
108 366
399 537
281 378
464 566
311 568
424 452
317 562
161 432
234 333
311 425
524 542
392 551
23 74
389 390
502 561
14 497
15 566
97 417
386 503
68 245
0 535
189 562
268 323
107 186
104 537
275 570
321 371
10 587
135 495
156 171
160 174
290 545
130 160
23 480
226 236
318 350
128 502
392 427
158 310
430 518
87 547
401 444
199 513
260 497
478 584
516 596
392 451
191 360
376 562
531 592
553 579
398 583
437 552
463 552
359 587
21 52
461 578
206 549
565 567
14 461
252 419
346 383
492 498
476 596
123 182
427 502
366 547
383 389
97 561
378 401
21 430
421 510
520 541
281 578
128 475
171 584
498 568
202 449
136 559
320 343
77 239
447 566
303 328
240 280
112 557
189 305
264 547
248 424
31 68
287 288
537 573
468 545
141 347
111 541
421 571
267 397
140 546
450 592
35 185
300 533
337 338
460 498
76 584
257 290
186 504
479 541
245 288
394 518
37 532
48 376
455 591
242 463
300 524
272 570
61 591
209 356
356 554
398 478
40 352
131 244
503 570
40 186
93 592
340 405
197 268
321 394
3 236
424 572
41 579
302 556
138 565
455 573
388 445
464 587
273 544
272 552
346 547
292 571
349 566
25 301
26 421
226 502
389 533
475 567
41 571
107 310
53 286
308 522
438 585
338 437
54 311
275 531
382 463
25 563
195 383
529 568
557 565
465 591
240 573
245 260
175 553
520 558
523 587
584 587
131 306
261 533
465 567
461 515
27 146
462 473
449 497
451 501
323 456
15 587
65 372
377 535
197 351
53 352
92 555
14 117
246 482
302 432
321 524
343 502
182 463
518 596
451 506
16 530
90 460
27 591
242 402
445 548
339 596
199 501
383 521
464 482
156 578
366 393
389 521
579 591
449 451
343 561
152 558
341 523
39 244
321 542
201 557
320 568
194 596
265 572
565 579
92 462
430 465
268 468
456 588
387 510
207 225
124 507
182 545
261 521
321 535
163 468
346 521
166 359
319 447
215 382
363 401
417 419
445 476
561 584
30 192
168 500
412 570
53 333
386 592
338 386
306 561
400 566
305 529
108 533
234 287
208 520
385 416
31 104
417 460
39 152
271 432
400 557
455 514
462 592
356 520
360 587
447 478
103 552
288 518
416 587
17 184
292 502
299 563
462 552
84 557
17 262
275 592
225 465
245 542
28 130
239 240
248 563
84 153
112 567
52 558
387 451
273 578
201 496
400 539
15 539
39 492
39 571
167 187
262 511
270 591
514 579
110 270
387 526
378 379
30 512
76 313
28 558
393 420
236 252
437 504
343 520
335 531
111 503
376 591
492 561
26 550
179 508
89 561
61 565
170 281
460 499
28 596
127 355
349 400
171 359
272 285
456 565
521 573
270 456
52 571
452 491
332 587
267 301
130 255
313 325
313 438
445 518
355 482
340 579
437 541
300 516
463 541
14 578
401 497
318 565
323 468
17 545
450 523
352 517
150 253
420 521
139 566
138 562
476 518
337 553
102 157
377 516
149 521
466 533
286 359
271 379
535 542
239 333
44 503
208 568
279 376
301 572
22 437
194 476
319 482
157 451
178 405
89 419
114 566
187 417
323 545
451 500
128 561
185 302
447 576
449 574
416 539
327 565
170 461
262 351
320 498
174 379
25 572
191 550
161 460
272 542
192 272
476 531
281 401
355 438
32 462
339 599
473 592
220 452
426 583
6 412
316 426
187 520
248 522
135 386
449 450
240 547
210 464
35 573
92 570
539 566
334 476
291 427
455 537
497 578
168 574
189 567
199 386
57 592
301 452
524 535
101 407
279 525
174 285
416 438
452 522
291 451
154 412
194 339
106 465
107 552
119 160
140 432
348 421
264 514
246 348
30 504
286 333
202 427
44 570
78 535
522 572
129 333
77 90
290 485
81 424
265 372
87 573
299 597
162 548
72 79
291 303
81 572
447 464
348 513
520 529
225 253
319 566
44 552
62 364
136 547
464 523
285 531
351 443
377 596
241 323
386 473
29 559
340 475
504 559
39 573
447 523
225 271
35 455
288 542
386 570
79 333
29 552
32 531
535 596
349 584
283 563
341 584
270 588
539 584
340 567
492 571
0 596
438 539
498 561
62 182
30 479
287 290
156 273
193 537
158 533
568 571
475 557
267 399
175 526
179 587
255 586
14 141
17 351
260 578
321 596
175 305
31 476
195 389
328 546
292 520
460 492
462 504
526 550
450 566
268 270
394 516
198 518
452 563
26 360
445 524
279 565
191 439
356 502
466 553
197 257
275 437
478 506
157 510
10 192
93 573
81 522
447 506
37 539
520 571
337 591
179 348
405 579
335 412
37 290
463 504
283 424
393 455
360 526
92 382
179 566
392 526
531 541
90 352
308 532
445 535
140 253
52 529
455 564
87 183
17 468
201 567
449 510
451 526
114 450
6 572
500 574
377 524
74 596
110 309
334 535
191 427
359 565
109 206
244 509
465 565
107 504
108 573
462 479
175 579
335 338
574 591
334 542
545 561
195 533
195 367
252 561
271 505
299 317
236 554
129 352
377 542
179 199
455 547
332 527
313 587
84 258
50 516
255 379
311 565
366 399
106 162
124 280
178 279
424 513
222 596
412 559
125 162
288 596
570 573
239 352
163 465
291 574
550 574
387 550
287 347
189 591
349 447
207 379
103 193
234 461
513 539
128 498
241 351
383 593
198 464
199 482
35 264
109 497
460 554
482 539
510 526
355 587
500 510
287 578
351 545
262 307
339 476
563 572
325 587
110 537
329 520
136 573
303 457
81 563
553 567
301 522
299 572
360 574
329 561
115 138
108 526
248 558
281 461
338 592
106 346
547 573
197 545
146 565
76 438
112 562
166 398
186 338
207 342
31 516
360 449
242 592
65 572
48 153
32 541
417 436
328 526
347 378
194 542
123 262
162 567
57 193
349 590
160 379
10 15
376 579
167 520
174 432
504 567
356 568
192 559
248 572
427 574
503 552
366 577
539 587
109 578
166 523
405 567
498 558
89 558
199 447
272 463
400 506
280 533
460 502
62 262
335 541
160 543
308 452
257 545
257 351
332 450
84 466
321 445
339 535
412 473
400 523
356 558
267 310
337 430
125 327
452 572
456 567
521 547
222 535
158 240
253 302
156 497
32 116
89 568
426 526
246 584
394 445
292 317
130 253
338 559
283 466
394 524
222 542
541 559
291 387
202 554
478 482
318 509
562 567
68 70
255 302
310 346
240 514
260 461
270 553
77 470
541 552
187 292
394 476
285 592
74 222
343 558
75 366
6 570
279 466
231 302
52 54
141 461
112 579
131 417
79 129
248 317
29 541
346 387
7 529
378 461
332 398
557 579
185 225
541 570
356 491
83 389
329 498
422 432
226 529
208 561
317 572
241 545
111 426
301 563
268 298
21 153
149 537
393 514
306 529
401 578
275 473
393 505
463 479
57 335
222 594
6 559
405 466
514 521
27 327
445 545
506 561
271 558
109 261
201 553
346 514
261 405
319 355
377 488
305 465
40 333
366 383
405 475
152 561
449 526
198 596
283 317
