84 525
497 576
261 525
423 562
245 574
127 574
280 596
298 514
251 558
511 527
184 591
505 584
60 81
135 204
546 597
391 557
340 449
268 422
179 398
108 546
63 474
447 529
157 342
302 315
361 481
293 466
78 379
400 408
381 410
345 377
365 465
518 567
443 485
439 529
438 573
4 479
191 508
417 441
508 510
522 594
157 439
402 574
238 552
518 558
245 335
290 564
516 592
369 536
524 574
135 369
386 476
441 561
359 583
527 554
368 597
13 481
415 582
0 501
511 594
423 461
298 396
227 318
501 584
585 592
255 558
398 594
23 558
436 593
436 507
526 595
379 537
162 481
422 567
245 337
445 484
212 548
197 222
270 587
112 554
367 596
577 592
210 526
427 585
523 572
232 575
430 507
274 543
4 436
59 585
251 340
89 548
23 233
303 487
415 564
324 578
96 380
106 551
407 506
104 379
142 438
164 541
391 493
1 595
238 597
371 577
53 576
171 355
261 493
524 595
380 526
548 562
399 565
224 518
294 596
103 363
344 384
342 526
2 380
185 529
494 499
232 233
124 514
221 558
411 567
121 592
526 559
348 582
277 377
288 461
324 369
296 499
480 490
541 558
27 543
500 594
30 423
274 438
149 475
224 532
300 519
413 470
163 265
113 375
497 570
496 526
423 487
63 283
67 562
12 574
76 457
365 554
345 408
363 450
132 474
26 574
367 493
277 282
298 458
142 379
507 592
402 518
183 399
270 561
574 579
149 380
167 294
439 598
335 511
173 496
279 578
106 110
149 493
120 190
106 497
533 594
290 516
555 589
348 453
514 564
35 523
416 519
567 569
399 534
2 243
22 589
332 539
82 494
193 580
104 468
343 501
0 261
18 467
490 580
288 489
296 495
333 481
321 505
30 596
418 523
26 523
396 470
163 293
205 493
425 468
142 332
475 484
285 422
434 493
326 573
83 293
410 488
573 581
296 527
137 525
399 405
36 497
23 355
526 533
87 461
217 278
217 537
481 583
405 518
151 509
327 330
458 567
543 582
183 488
13 584
235 568
441 541
74 146
509 587
133 320
544 548
454 563
133 587
540 592
425 597
447 528
468 477
508 514
288 390
219 593
384 548
314 368
412 575
172 440
502 516
104 542
340 457
272 494
436 495
369 497
490 493
219 236
112 439
265 594
503 582
355 589
377 568
412 566
151 411
391 546
436 588
275 582
152 187
212 349
485 549
450 585
470 475
407 576
416 584
243 265
361 552
432 584
385 582
71 558
453 548
479 548
447 474
488 564
53 298
240 495
333 479
210 426
121 458
430 497
269 450
363 491
108 251
4 548
499 526
405 547
227 543
265 363
342 454
3 581
454 543
192 324
447 564
432 467
175 517
235 541
40 541
149 592
386 569
333 425
390 495
229 349
133 519
232 478
107 443
453 534
475 553
192 545
236 423
440 489
494 593
390 486
411 466
185 411
497 534
64 510
511 584
12 530
234 398
38 534
337 594
416 596
59 582
388 461
410 555
512 543
487 523
436 465
184 298
137 590
100 582
317 541
415 549
399 458
407 410
70 560
434 468
494 496
466 548
506 521
548 570
64 514
487 512
532 579
113 381
425 502
426 524
371 590
210 359
482 599
402 427
417 525
224 533
35 373
418 461
349 568
443 447
309 346
238 368
374 494
377 519
503 526
149 524
523 592
466 534
506 539
52 355
197 496
417 503
548 552
491 546
405 585
318 593
390 450
241 565
476 514
558 576
501 518
283 418
303 368
582 592
215 466
142 491
26 320
361 426
562 596
248 319
472 541
185 440
374 562
187 598
350 486
388 573
514 565
445 557
196 543
307 350
272 396
314 436
426 593
231 547
344 584
196 332
179 268
458 509
441 521
135 532
302 586
124 574
268 443
253 595
340 438
275 548
40 42
321 361
466 508
392 599
212 418
501 529
191 373
175 570
380 568
268 434
326 589
494 521
78 407
280 330
229 414
449 454
234 439
146 414
84 227
380 567
236 486
255 527
243 300
470 544
494 528
465 480
415 443
110 506
445 453
197 586
398 400
405 482
317 320
59 534
23 89
484 508
34 319
260 524
509 571
298 523
78 528
243 595
522 561
307 485
473 474
76 388
222 581
416 449
473 574
386 594
359 595
400 410
465 466
381 521
132 315
89 309
344 555
290 571
340 543
34 564
398 582
512 573
181 564
440 445
454 546
259 487
172 547
335 570
359 447
416 479
494 556
278 583
183 597
277 528
190 441
119 461
412 517
416 470
149 598
32 528
280 436
231 384
270 275
132 272
349 587
432 468
183 594
238 317
196 388
417 465
314 542
351 537
412 454
110 561
96 564
324 588
454 535
3 263
303 342
204 582
164 543
40 517
351 518
282 590
343 477
438 499
204 466
280 536
279 346
282 426
232 454
303 494
10 528
392 534
514 599
492 558
491 574
3 554
260 590
100 443
137 439
191 539
11 474
346 592
253 457
113 468
348 483
187 496
524 580
501 554
337 569
373 485
103 587
380 519
74 457
327 418
190 547
270 461
440 579
167 560
294 589
405 582
502 586
318 567
53 592
592 596
439 557
408 458
234 497
197 523
516 548
494 504
344 481
18 30
184 330
307 593
204 511
171 315
526 564
374 545
379 572
399 475
337 555
449 558
232 330
70 441
74 558
333 575
477 596
243 507
209 319
561 563
526 575
555 598
407 538
449 551
380 556
38 563
438 579
270 422
52 541
399 523
34 368
567 595
349 521
83 571
318 552
335 586
120 564
192 540
373 595
215 490
333 486
445 556
541 567
35 410
81 375
208 564
543 597
511 541
496 511
375 482
413 555
521 581
326 587
21 23
96 525
587 597
367 506
278 537
32 340
450 498
179 529
184 580
384 593
222 593
430 457
269 426
517 521
345 506
497 588
133 566
464 557
285 561
326 327
496 547
522 524
375 532
392 558
32 474
236 487
300 580
482 502
505 565
39 67
400 598
457 523
166 279
282 493
300 439
345 554
163 418
407 567
22 362
317 432
361 571
14 564
476 582
187 541
461 545
173 546
482 540
483 524
485 561
143 522
26 260
466 597
163 591
294 573
502 538
32 71
106 434
367 425
121 535
233 506
14 458
343 400
185 485
18 191
39 343
60 243
521 537
413 520
405 543
400 402
36 384
476 596
379 509
351 554
36 399
468 531
396 490
454 538
493 501
231 283
485 556
407 481
142 427
416 577
84 555
430 539
440 535
350 563
402 559
259 468
408 495
525 583
345 527
473 537
151 416
238 593
497 531
209 362
245 438
476 545
422 557
10 534
263 279
470 482
493 526
210 516
541 576
124 527
589 595
440 491
335 396
321 598
12 302
181 481
307 417
113 580
423 501
408 509
263 268
145 546
471 532
277 554
506 524
0 544
219 481
167 396
300 524
307 578
418 441
350 548
107 427
330 390
81 532
248 590
374 402
107 245
414 580
5 425
362 595
1 561
275 440
296 414
224 528
190 293
374 559
384 453
4 373
248 597
449 596
335 490
337 578
412 436
386 539
367 481
208 438
472 501
555 592
100 371
447 595
380 534
514 545
365 551
3 499
100 450
502 554
591 596
411 432
567 597
418 450
554 576
557 582
52 453
574 582
263 385
319 483
112 400
458 542
166 232
108 594
396 434
496 505
107 209
269 439
417 534
313 467
350 375
173 486
307 566
18 447
64 443
502 599
11 510
146 283
205 497
5 212
496 566
379 450
384 417
120 422
474 552
516 537
538 554
333 414
375 402
470 532
187 335
327 337
415 521
439 521
151 596
145 430
22 594
573 578
261 512
426 577
464 558
418 486
10 582
27 121
525 560
434 483
70 413
365 516
411 586
319 536
461 598
398 487
240 592
96 309
209 573
313 495
321 449
505 573
78 487
36 482
449 470
231 495
485 560
87 476
384 551
268 458
416 573
76 277
313 496
342 432
293 532
466 478
518 555
508 532
127 215
241 506
87 586
167 498
248 259
345 469
272 472
537 553
350 582
278 468
596 599
453 568
511 593
525 596
35 590
53 302
290 391
417 453
146 582
390 496
11 550
359 579
182 525
509 595
107 351
541 589
549 567
182 222
441 464
445 595
293 527
208 468
425 549
410 588
14 476
532 537
112 479
274 377
479 558
171 361
172 377
508 545
152 543
233 270
53 417
361 543
457 583
385 597
371 466
321 343
415 560
324 590
593 598
164 327
2 358
575 595
192 595
407 502
405 562
191 540
391 515
162 412
436 547
280 538
205 427
351 412
405 430
212 566
175 217
71 344
234 540
217 508
96 597
81 391
227 567
11 476
253 555
375 551
231 425
427 547
432 507
22 416
275 516
314 415
83 492
232 423
13 314
348 578
475 561
520 594
192 521
52 496
474 597
59 398
302 557
268 581
505 525
143 263
222 260
83 501
84 599
400 484
219 367
554 582
579 594
526 570
67 508
450 514
326 497
373 501
447 594
143 586
566 597
293 580
133 358
343 483
346 555
408 427
557 564
450 487
471 586
557 581
500 573
167 290
481 482
523 586
375 415
269 270
363 447
513 592
137 465
212 296
162 443
82 386
172 589
374 561
71 164
384 427
475 516
373 593
10 573
502 549
504 505
290 313
413 445
343 497
12 592
42 104
326 574
386 589
477 524
473 592
391 594
288 373
396 417
330 583
475 530
313 371
332 441
13 594
179 205
108 157
135 526
505 511
124 509
163 555
398 536
369 450
490 508
60 369
259 396
119 171
445 457
120 587
528 594
340 525
386 501
157 566
275 567
408 543
205 411
208 385
217 355
586 598
313 381
349 465
119 490
124 412
38 596
132 537
63 596
392 422
391 552
358 400
182 569
534 568
0 485
377 586
265 557
528 561
342 589
550 555
60 585
204 550
466 595
234 567
441 554
34 309
272 482
187 362
371 505
152 365
385 584
288 290
491 493
283 505
240 501
229 547
240 324
248 260
363 398
27 215
519 537
485 545
547 570
2 410
402 586
332 468
106 582
30 535
235 547
386 547
418 573
296 332
278 492
152 379
303 582
108 516
381 536
259 465
81 324
508 555
241 491
222 573
367 586
5 526
190 522
298 350
405 559
193 407
181 413
100 597
193 221
1 501
110 412
183 574
82 248
320 531
449 590
235 282
507 554
309 490
327 432
76 427
493 531
191 385
269 589
294 449
166 522
324 568
221 591
278 596
303 482
219 537
476 547
132 282
146 490
204 577
575 594
548 560
163 530
3 83
151 443
64 520
340 496
179 511
472 574
127 413
274 473
482 560
475 595
520 564
315 583
193 457
564 582
342 380
240 359
241 367
440 500
346 425
350 554
461 541
351 388
408 454
447 506
38 525
315 425
82 592
381 580
350 557
300 481
40 361
501 560
374 491
391 471
302 413
14 586
181 506
179 566
2 590
558 573
438 591
314 585
321 489
215 326
388 422
405 597
503 509
567 599
143 193
110 475
509 513
588 594
21 549
261 443
34 231
113 508
313 351
285 470
119 441
253 307
368 515
119 302
430 450
145 434
221 327
521 577
541 564
358 574
344 505
164 556
494 515
423 573
379 599
432 523
42 454
518 586
233 561
511 542
184 576
21 493
205 565
392 547
210 470
345 581
368 375
392 434
175 371
358 492
359 555
67 330
391 589
32 594
457 542
298 538
173 564
135 509
482 526
497 509
505 576
76 490
358 487
361 385
505 561
398 537
241 318
487 598
18 596
181 589
238 534
349 422
133 490
227 259
355 423
265 504
13 586
514 538
184 573
358 414
412 488
534 550
494 532
14 511
274 280
482 512
565 586
183 589
104 279
145 414
319 515
285 362
251 407
255 487
84 253
285 396
481 596
173 449
342 438
278 585
465 470
36 491
351 445
367 583
12 182
288 513
438 567
224 399
436 585
457 594
426 547
233 480
458 557
320 518
335 518
508 557
185 348
285 414
0 583
132 503
385 552
171 596
333 434
227 541
175 293
162 369
234 585
224 373
454 537
349 590
279 440
283 502
577 593
52 390
399 548
40 539
171 589
260 346
121 559
454 528
532 539
533 557
260 489
320 532
193 333
516 588
510 554
243 365
235 528
578 597
103 371
512 518
89 558
487 528
219 536
593 596
388 592
103 593
355 502
589 592
166 514
414 493
1 597
221 583
536 573
70 313
475 549
39 555
71 346
185 197
521 547
369 574
523 544
337 597
296 410
261 574
229 330
157 509
530 597
458 584
78 581
327 414
294 408
521 548
574 592
314 567
74 282
255 345
21 103
39 584
371 427
64 368
236 598
240 263
4 263
315 596
302 563
344 485
434 561
430 573
390 522
288 363
490 597
143 551
236 574
558 578
120 554
10 521
192 514
407 423
303 374
196 348
432 491
235 510
236 589
309 470
365 548
63 524
137 349
506 548
505 532
362 576
415 453
443 593
522 532
251 514
472 511
326 494
255 476
384 470
557 579
317 318
320 590
355 544
375 488
430 440
5 385
172 476
275 464
408 517
388 430
489 497
400 468
319 381
1 315
151 579
35 561
60 543
279 593
157 553
381 502
491 535
465 496
285 571
21 566
426 493
525 571
344 589
38 300
348 474
475 543
196 515
368 562
332 520
251 274
343 392
272 535
554 568
11 259
209 593
