566 567
304 411
418 485
131 187
451 493
317 322
448 521
327 546
473 567
336 554
56 323
4 35
343 595
398 490
24 486
106 366
551 554
222 583
560 562
430 479
92 522
388 506
335 422
563 566
472 598
329 518
251 591
398 493
320 521
65 445
501 582
354 360
500 511
45 47
56 482
410 463
430 522
381 403
54 507
401 551
222 450
121 539
291 583
560 593
225 565
377 388
141 388
516 592
240 577
65 252
466 584
268 508
204 225
509 599
77 360
494 558
244 303
320 349
357 573
234 261
263 292
230 404
106 565
470 477
45 598
409 560
431 548
201 460
292 541
42 261
453 558
154 589
238 319
183 458
392 501
247 553
57 201
519 521
154 596
193 332
377 415
547 554
94 459
209 535
399 556
386 425
351 516
317 489
299 546
304 477
418 589
408 587
209 366
299 492
302 502
225 593
284 463
96 482
539 579
480 513
409 523
138 516
235 418
589 591
60 469
321 554
363 364
350 545
155 565
284 537
446 568
16 587
542 567
546 554
429 486
382 478
205 383
542 582
245 590
67 354
341 501
43 64
122 587
374 552
195 484
161 180
275 521
109 295
225 523
165 588
41 566
260 462
483 584
65 357
242 362
492 537
328 463
418 593
292 551
147 547
349 504
67 398
18 131
510 590
139 544
308 328
591 592
465 562
29 71
319 584
410 526
199 557
403 549
468 584
394 599
291 516
205 513
131 563
350 368
499 598
445 558
401 584
74 126
368 517
410 521
394 463
529 565
131 327
8 325
347 466
365 388
393 513
121 388
363 425
313 576
115 540
278 539
551 574
201 203
357 387
360 505
185 575
517 523
445 544
136 515
234 295
396 461
182 474
258 599
474 505
524 539
430 466
159 410
209 592
411 585
329 484
347 569
480 593
531 576
477 539
512 558
90 598
56 324
252 403
105 599
451 469
37 576
275 278
41 517
505 592
362 510
288 501
219 437
8 522
195 444
431 520
71 427
509 580
465 520
14 452
187 455
119 591
374 422
232 369
323 401
197 573
219 598
344 554
284 599
445 580
431 529
141 161
184 263
535 586
155 595
161 486
180 585
199 362
77 255
132 289
447 477
14 382
292 356
111 479
553 582
193 410
467 560
581 593
544 585
231 392
551 579
117 289
408 486
230 576
344 568
507 529
590 597
85 590
35 451
553 591
321 582
360 551
470 582
418 568
537 566
536 554
350 589
43 554
544 576
464 517
322 511
449 586
175 517
185 363
541 585
429 506
466 571
73 336
0 592
499 535
246 447
29 549
252 516
328 567
383 393
98 299
324 579
489 516
338 576
142 260
309 503
347 531
427 475
47 393
289 544
517 579
335 386
45 163
29 574
581 588
233 473
219 538
398 465
401 403
365 429
362 437
221 366
96 483
117 429
480 514
233 251
125 430
324 546
57 540
138 401
349 599
244 521
118 555
217 343
385 409
445 521
429 485
268 595
321 546
332 583
209 351
246 590
446 593
14 437
592 595
260 448
308 468
445 514
448 585
288 573
398 566
462 531
489 599
238 368
240 516
21 470
175 550
503 526
420 565
98 484
159 585
184 336
535 541
386 532
82 582
467 483
29 440
384 465
363 557
269 534
492 529
591 595
261 535
408 512
64 535
415 455
401 487
588 589
557 560
450 483
487 497
111 581
508 599
180 244
258 288
302 579
567 568
141 597
368 518
534 537
385 534
459 555
246 571
404 563
349 515
78 564
429 597
46 541
258 392
204 519
427 515
4 510
12 366
361 404
454 458
138 468
302 437
357 533
587 594
126 338
92 179
420 477
526 531
322 593
92 575
291 473
165 362
300 588
391 569
529 550
540 579
247 405
565 581
493 576
259 581
404 493
230 573
12 284
90 588
141 576
332 513
540 555
544 558
396 530
255 365
135 503
565 590
103 515
472 477
551 559
341 543
360 488
437 551
102 584
535 567
247 506
489 550
56 255
114 598
503 584
233 300
309 591
463 544
467 549
361 573
515 531
492 506
46 576
108 119
255 597
493 555
362 524
578 588
317 451
85 103
455 512
225 474
422 460
447 513
240 579
115 420
351 555
581 592
278 583
103 470
451 570
17 590
109 480
46 409
503 599
365 594
45 596
431 492
288 539
92 529
8 117
317 469
391 531
108 446
96 573
396 480
244 573
252 295
309 562
292 363
136 582
430 541
472 564
443 568
53 138
572 589
259 474
332 454
481 516
63 374
217 591
235 431
282 590
41 509
122 583
323 484
147 521
21 442
245 246
300 391
445 500
126 555
566 578
329 577
317 480
529 598
554 598
369 398
462 508
16 574
399 469
278 356
514 558
392 492
45 462
431 597
288 551
219 487
203 510
374 558
349 484
106 235
480 492
98 535
448 586
286 382
398 567
440 511
502 589
489 598
251 483
256 384
300 364
523 595
591 597
78 440
65 82
74 221
347 425
116 368
557 566
448 501
231 474
87 408
232 523
253 576
198 510
344 495
53 393
467 491
325 521
258 584
461 516
349 521
422 444
66 458
74 592
410 484
313 573
394 461
180 478
198 256
233 422
108 584
404 472
322 599
336 568
48 204
247 377
105 320
492 512
245 510
465 501
429 572
466 509
12 510
304 383
451 480
377 546
89 329
142 509
325 360
147 319
548 589
537 590
368 506
332 523
230 357
32 598
396 463
54 535
64 295
197 576
308 581
132 222
138 587
382 386
420 593
386 503
119 384
515 548
114 403
422 535
261 411
317 580
486 560
309 399
147 476
523 540
182 253
356 394
509 585
222 471
232 509
304 405
213 555
1 94
292 587
187 448
320 565
300 430
586 595
476 501
351 472
560 565
320 420
35 558
289 511
163 591
232 597
467 548
213 579
197 462
302 470
399 482
53 294
183 582
222 589
488 599
534 581
4 474
388 492
299 571
304 564
391 540
198 463
275 584
383 555
596 598
462 595
180 587
205 392
269 455
313 515
317 475
179 486
94 247
132 411
510 572
234 546
109 588
391 504
343 462
37 256
132 386
449 584
541 583
467 595
294 451
411 479
321 336
163 511
183 565
63 480
213 467
303 571
238 453
392 511
381 451
391 512
343 476
568 593
182 529
440 549
350 573
125 591
453 541
53 589
471 489
302 546
195 590
307 383
294 587
81 384
351 526
305 309
366 483
350 548
60 327
554 599
121 573
530 598
238 356
458 589
42 563
187 588
78 582
136 286
106 532
175 231
385 415
480 539
506 535
198 394
308 382
381 469
4 538
477 577
155 453
411 418
182 483
357 583
323 587
382 593
78 585
387 404
466 541
114 519
425 523
462 463
357 576
415 533
483 589
209 487
63 260
374 492
477 546
119 422
541 548
470 515
591 596
90 542
54 422
588 592
233 577
490 593
558 582
139 155
503 513
456 592
125 479
288 589
381 480
246 491
411 543
85 492
465 506
251 259
343 505
487 553
489 583
462 473
448 461
305 596
324 474
343 547
24 577
501 525
452 540
242 411
448 592
363 437
109 201
139 427
410 532
555 566
404 573
403 559
463 466
449 458
291 526
409 581
531 558
179 197
361 410
253 593
573 585
515 582
519 573
299 304
305 582
344 593
327 486
580 588
284 590
139 142
514 517
383 507
455 542
252 408
448 566
336 567
300 581
546 598
105 595
493 567
247 584
430 472
89 231
159 396
513 517
531 581
221 429
387 487
274 386
369 509
96 531
573 596
108 542
39 456
159 484
307 487
493 560
466 594
103 252
327 535
437 558
386 454
117 570
199 512
24 572
422 459
518 555
78 537
354 501
561 577
450 589
275 401
559 582
263 464
470 587
364 535
1 587
350 582
246 472
360 587
14 466
255 282
420 506
518 546
408 482
32 392
105 582
427 489
167 529
155 483
470 578
560 588
284 510
197 556
115 431
193 487
103 235
217 579
274 544
440 478
295 469
499 531
118 374
418 429
317 527
247 472
468 539
187 568
447 561
96 488
119 452
338 471
269 590
463 518
29 472
366 470
425 558
303 483
323 481
240 385
354 409
48 568
12 201
498 555
136 591
470 599
319 342
377 420
474 579
335 487
268 599
132 489
462 516
361 521
54 466
554 596
384 463
8 309
458 477
1 560
1 251
368 541
381 468
383 464
313 551
437 541
16 467
245 384
323 468
183 515
549 579
261 364
575 590
564 587
256 356
167 555
313 552
135 578
489 596
328 460
364 506
576 589
216 535
530 585
21 467
286 468
39 286
495 509
521 592
66 303
289 447
591 599
122 163
43 495
357 584
205 516
501 515
74 599
474 551
361 431
404 576
263 529
102 571
394 448
430 585
54 512
328 580
555 560
205 503
425 494
278 525
231 551
39 447
388 568
245 268
185 561
512 582
401 588
465 559
67 322
167 242
540 584
342 545
511 543
365 384
475 541
377 543
322 597
34 446
365 529
60 532
302 585
87 537
455 469
537 587
17 440
396 543
509 557
259 577
291 474
300 591
484 595
506 570
125 489
275 558
368 567
116 585
47 585
71 585
457 512
21 399
117 320
232 256
377 499
261 289
268 543
182 550
111 238
351 577
8 179
482 515
102 216
184 596
493 566
222 577
48 425
230 555
274 573
295 560
179 405
350 597
259 365
415 598
382 543
193 354
35 579
586 593
94 489
43 342
244 587
577 591
361 484
34 568
0 584
185 598
483 492
338 387
484 584
393 399
34 309
469 567
275 581
332 562
357 566
213 562
553 577
203 517
502 531
325 565
385 577
598 599
415 580
324 594
551 582
184 506
39 516
244 554
303 558
154 321
167 490
26 135
64 126
66 219
363 391
366 453
302 486
489 542
24 523
447 523
577 594
463 568
393 418
360 555
17 510
329 572
440 537
385 595
116 198
154 598
445 511
446 503
175 513
288 422
255 589
147 259
332 458
106 584
141 514
71 506
221 393
386 565
121 576
319 557
32 554
16 495
292 513
222 440
321 342
263 591
17 573
183 567
347 486
165 595
42 591
259 479
43 282
295 307
511 591
347 535
409 415
427 479
308 362
60 475
385 572
405 561
16 486
47 513
286 593
451 530
547 585
403 449
48 560
447 509
221 362
354 582
393 591
17 481
221 577
115 569
39 592
26 593
427 546
501 567
203 590
268 404
18 34
365 377
155 455
87 161
344 396
199 427
381 580
562 566
1 465
329 425
520 595
470 501
275 338
41 577
440 589
408 566
18 483
64 455
65 463
213 260
42 547
403 468
388 587
369 546
387 415
545 551
342 385
159 565
368 465
242 502
122 349
430 583
108 403
324 539
327 356
261 460
118 410
85 195
430 443
90 161
221 564
81 482
465 565
193 582
490 567
225 536
135 399
511 529
347 464
335 338
508 595
387 576
0 517
383 503
465 558
411 534
114 558
579 584
303 519
89 468
235 341
551 572
511 542
21 493
217 440
269 516
570 579
539 560
167 467
300 593
445 546
391 572
307 513
0 540
455 468
263 518
305 321
57 590
42 449
63 469
232 282
56 552
256 344
573 576
465 483
47 584
394 506
234 288
102 294
304 361
0 391
308 576
510 540
384 555
26 305
32 477
269 566
516 521
77 579
405 513
437 587
540 551
465 529
105 448
489 494
490 555
238 537
354 481
485 565
87 449
586 599
498 503
98 592
553 598
477 534
294 569
263 476
344 469
364 437
256 342
278 472
351 585
142 187
74 341
476 577
335 560
230 592
67 462
449 468
577 590
338 497
284 597
437 556
539 540
323 374
114 589
253 384
240 576
295 592
493 551
81 588
244 595
387 541
66 539
420 585
258 274
253 524
328 445
537 559
299 589
216 552
341 442
185 499
307 503
431 483
235 546
234 550
319 468
467 567
361 531
472 554
515 517
111 269
304 445
394 409
525 587
303 566
142 319
73 449
204 588
469 592
556 579
418 565
532 539
338 578
184 195
341 568
289 408
382 431
517 581
89 558
199 447
396 593
415 504
425 556
154 559
240 387
369 517
193 503
34 510
217 595
131 466
462 515
393 581
102 538
201 480
504 581
322 458
363 580
179 595
517 550
37 529
183 470
81 116
541 598
452 579
282 597
82 598
567 587
216 523
307 427
507 579
592 593
422 487
427 447
126 598
474 584
242 540
321 399
230 323
530 573
286 561
430 570
504 595
486 509
291 535
350 502
557 593
399 513
82 511
286 568
343 484
274 451
440 573
349 505
427 531
447 491
175 557
289 598
420 562
77 566
538 591
26 245
394 455
364 499
458 530
588 595
369 437
561 567
342 533
37 420
94 513
203 369
313 350
369 585
493 599
141 454
294 539
523 588
546 561
512 577
458 541
57 579
555 562
278 405
446 591
73 579
347 467
92 403
238 502
523 581
46 147
195 532
332 363
410 531
343 580
60 381
135 391
485 537
118 405
125 381
514 521
456 577
163 599
185 568
458 486
344 449
515 570
291 420
216 582
251 274
161 526
343 392
116 329
425 478
216 501
142 342
291 568
344 596
474 574
204 253
