0 391
0 517
0 540
0 584
0 592
1 94
1 251
1 465
1 560
1 587
2 168
2 432
2 461
2 534
2 584
3 452
3 494
3 507
3 532
3 586
4 35
4 144
4 474
4 510
4 538
5 276
5 434
5 453
5 518
5 548
6 173
6 459
6 557
6 560
6 595
7 224
7 374
7 524
7 528
7 580
8 117
8 179
8 309
8 325
8 522
9 101
9 354
9 496
9 576
9 597
10 276
10 303
10 513
10 538
10 572
11 359
11 473
11 526
11 529
11 547
12 196
12 201
12 284
12 366
12 510
13 79
13 379
13 495
13 502
13 564
14 19
14 382
14 437
14 452
14 466
15 202
15 335
15 336
15 375
15 459
16 467
16 486
16 495
16 574
16 587
17 440
17 481
17 510
17 573
17 590
18 34
18 131
18 250
18 353
18 483
19 14
19 178
19 191
19 508
19 543
20 401
20 527
20 538
20 542
20 546
21 399
21 442
21 467
21 470
21 493
22 301
22 355
22 407
22 417
22 564
23 88
23 254
23 315
23 532
23 568
24 270
24 486
24 523
24 572
24 577
25 137
25 204
25 280
25 379
25 466
26 135
26 245
26 305
26 433
26 593
27 293
27 460
27 485
27 518
27 593
28 99
28 242
28 339
28 512
28 570
29 71
29 440
29 472
29 549
29 574
30 86
30 387
30 460
30 557
30 566
31 400
31 414
31 497
31 519
31 563
32 311
32 392
32 477
32 554
32 598
33 136
33 432
33 500
33 575
33 585
34 18
34 309
34 446
34 510
34 568
35 4
35 287
35 451
35 558
35 579
36 192
36 522
36 531
36 550
36 561
37 59
37 256
37 420
37 529
37 576
38 446
38 476
38 525
38 534
38 563
39 286
39 447
39 456
39 516
39 592
40 137
40 384
40 412
40 533
40 556
41 435
41 509
41 517
41 566
41 577
42 261
42 449
42 547
42 563
42 591
43 64
43 282
43 342
43 495
43 554
44 378
44 475
44 543
44 557
44 568
45 47
45 163
45 462
45 596
45 598
46 147
46 271
46 409
46 541
46 576
47 45
47 393
47 513
47 584
47 585
48 204
48 280
48 425
48 560
48 568
49 207
49 234
49 356
49 417
49 478
50 76
50 171
50 421
50 451
50 533
51 218
51 301
51 432
51 491
51 571
52 355
52 508
52 556
52 574
52 590
53 138
53 164
53 294
53 393
53 589
54 422
54 466
54 507
54 512
54 535
55 139
55 160
55 412
55 526
55 593
56 255
56 323
56 324
56 482
56 552
57 166
57 201
57 540
57 579
57 590
58 298
58 461
58 486
58 533
58 592
59 37
59 527
59 583
59 594
59 597
60 327
60 381
60 469
60 475
60 532
61 306
61 536
61 537
61 578
61 594
62 87
62 355
62 508
62 525
62 544
63 260
63 374
63 395
63 469
63 480
64 43
64 126
64 295
64 455
64 535
65 82
65 252
65 357
65 445
65 463
66 219
66 290
66 303
66 458
66 539
67 181
67 322
67 354
67 398
67 462
68 98
68 265
68 534
68 548
68 580
69 118
69 248
69 508
69 552
69 569
70 229
70 472
70 569
70 579
70 586
71 29
71 345
71 427
71 506
71 585
72 507
72 518
72 520
72 589
72 595
73 236
73 336
73 441
73 449
73 579
74 126
74 221
74 341
74 592
74 599
75 194
75 331
75 424
75 438
75 528
76 50
76 104
76 176
76 498
76 536
77 79
77 255
77 360
77 566
77 579
78 440
78 537
78 564
78 582
78 585
79 13
79 77
79 312
79 436
79 575
80 164
80 299
80 389
80 547
80 571
81 116
81 189
81 384
81 482
81 588
82 65
82 293
82 511
82 582
82 598
83 219
83 358
83 390
83 490
83 597
84 163
84 478
84 522
84 528
84 596
85 103
85 195
85 333
85 492
85 590
86 30
86 124
86 481
86 528
86 560
87 62
87 161
87 408
87 449
87 537
88 23
88 419
88 505
88 512
88 568
89 231
89 249
89 329
89 468
89 558
90 161
90 380
90 542
90 588
90 598
91 265
91 381
91 504
91 557
91 571
92 179
92 403
92 522
92 529
92 575
93 226
93 382
93 436
93 461
93 592
94 1
94 247
94 459
94 489
94 513
95 182
95 254
95 325
95 507
95 544
96 482
96 483
96 488
96 531
96 573
97 196
97 353
97 416
97 444
97 551
98 68
98 299
98 484
98 535
98 592
99 28
99 101
99 379
99 426
99 449
100 191
100 324
100 464
100 541
100 550
101 9
101 99
101 330
101 432
101 569
102 216
102 294
102 538
102 571
102 584
103 85
103 235
103 252
103 470
103 515
104 76
104 186
104 490
104 491
104 496
105 320
105 448
105 582
105 595
105 599
106 235
106 366
106 532
106 565
106 584
107 220
107 299
107 497
107 502
107 577
108 119
108 403
108 446
108 542
108 584
109 201
109 295
109 370
109 480
109 588
110 264
110 496
110 548
110 575
110 591
111 181
111 238
111 269
111 479
111 581
112 165
112 254
112 423
112 454
112 502
113 123
113 479
113 527
113 564
113 576
114 403
114 519
114 558
114 589
114 598
115 318
115 420
115 431
115 540
115 569
116 81
116 198
116 329
116 368
116 585
117 8
117 289
117 320
117 429
117 570
118 69
118 374
118 405
118 410
118 555
119 108
119 384
119 422
119 452
119 591
120 287
120 400
120 418
120 540
120 549
121 372
121 388
121 539
121 573
121 576
122 163
122 349
122 439
122 583
122 587
123 113
123 228
123 339
123 352
123 578
124 86
124 162
124 235
124 290
124 533
125 381
125 430
125 479
125 489
125 591
126 64
126 74
126 338
126 555
126 598
127 260
127 301
127 459
127 461
127 535
128 194
128 485
128 498
128 504
128 552
129 279
129 370
129 456
129 511
129 549
130 477
130 518
130 543
130 552
130 574
131 18
131 187
131 327
131 466
131 563
132 222
132 289
132 386
132 411
132 489
133 158
133 333
133 504
133 508
133 523
134 139
134 277
134 297
134 563
134 575
135 26
135 391
135 399
135 503
135 578
136 33
136 286
136 515
136 582
136 591
137 25
137 40
137 519
137 542
137 574
138 53
138 401
138 438
138 468
138 516
138 587
139 55
139 134
139 142
139 155
139 427
139 544
140 220
140 292
140 324
140 436
140 469
140 522
141 161
141 388
141 454
141 514
141 576
141 597
142 139
142 187
142 260
142 319
142 342
142 509
143 210
143 234
143 265
143 512
143 514
143 539
144 4
144 227
144 296
144 390
144 485
144 567
145 328
145 525
145 552
145 553
145 563
145 578
146 157
146 205
146 375
146 459
146 460
146 532
147 46
147 259
147 319
147 476
147 521
147 547
148 351
148 459
148 462
148 488
148 500
148 542
149 370
149 428
149 475
149 526
149 571
149 597
150 173
150 436
150 441
150 477
150 499
150 538
151 165
151 379
151 443
151 503
151 550
151 570
152 434
152 476
152 561
152 572
152 586
152 596
153 165
153 169
153 203
153 378
153 454
153 520
154 318
154 321
154 559
154 589
154 596
154 598
155 139
155 453
155 455
155 483
155 565
155 595
156 224
156 327
156 359
156 421
156 572
156 596
157 146
157 262
157 269
157 487
157 488
157 592
158 133
158 170
158 212
158 285
158 561
158 581
159 214
159 396
159 410
159 484
159 565
159 585
160 55
160 271
160 525
160 536
160 589
160 597
161 87
161 90
161 141
161 180
161 486
161 526
162 124
162 237
162 296
162 448
162 562
162 599
163 45
163 84
163 122
163 511
163 591
163 599
164 53
164 80
164 436
164 522
164 575
164 589
165 112
165 151
165 153
165 362
165 588
165 595
166 57
166 206
166 415
166 500
166 528
166 588
167 242
167 367
167 467
167 490
167 529
167 555
168 2
168 340
168 373
168 451
168 494
168 571
169 153
169 311
169 397
169 442
169 498
169 524
170 158
170 200
170 290
170 414
170 536
170 573
171 50
171 178
171 322
171 396
171 475
171 590
172 267
172 419
172 505
172 562
172 586
172 594
173 6
173 150
173 243
173 382
173 423
173 523
174 200
174 207
174 527
174 541
174 583
174 586
175 178
175 231
175 513
175 517
175 550
175 557
176 76
176 178
176 190
176 407
176 457
176 478
177 233
177 266
177 364
177 502
177 532
177 560
178 19
178 171
178 175
178 176
178 480
178 494
179 8
179 92
179 197
179 405
179 486
179 595
180 161
180 244
180 395
180 478
180 585
180 587
181 67
181 111
181 367
181 429
181 564
181 574
182 95
182 253
182 474
182 483
182 529
182 550
183 458
183 470
183 515
183 565
183 567
183 582
184 190
184 195
184 263
184 336
184 506
184 596
185 363
185 499
185 561
185 568
185 575
185 598
186 104
186 297
186 372
186 449
186 545
186 586
187 131
187 142
187 448
187 455
187 568
187 588
188 373
188 426
188 550
188 583
188 584
188 595
189 81
189 379
189 398
189 520
189 538
189 542
190 176
190 184
190 311
190 409
190 561
190 564
191 19
191 100
191 429
191 485
191 525
191 598
192 36
192 306
192 416
192 491
192 501
192 582
193 332
193 354
193 410
193 487
193 503
193 582
194 75
194 128
194 408
194 485
194 528
194 587
195 85
195 184
195 444
195 484
195 532
195 590
196 12
196 97
196 243
196 486
196 497
196 588
197 179
197 331
197 462
197 556
197 573
197 576
198 116
198 256
198 394
198 400
198 463
198 510
199 249
199 362
199 427
199 447
199 512
199 557
200 170
200 174
200 293
200 385
200 534
200 547
201 12
201 57
201 109
201 203
201 460
201 480
202 15
202 389
202 407
202 479
202 492
202 550
203 153
203 201
203 369
203 510
203 517
203 590
204 25
204 48
204 225
204 253
204 519
204 588
205 146
205 383
205 392
205 503
205 513
205 516
206 166
206 208
206 293
206 456
206 512
206 572
207 49
207 174
207 330
207 498
207 550
207 583
208 206
208 223
208 454
208 500
208 518
208 581
209 228
209 351
209 366
209 487
209 535
209 592
210 143
210 352
210 387
210 449
210 524
210 594
211 250
211 316
211 360
211 488
211 526
211 565
212 158
212 241
212 487
212 496
212 499
212 530
213 260
213 380
213 467
213 555
213 562
213 579
214 159
214 328
214 353
214 444
214 583
214 588
215 305
215 378
215 473
215 494
215 520
215 599
216 102
216 501
216 523
216 535
216 552
216 582
217 218
217 343
217 440
217 579
217 591
217 595
218 51
218 217
218 266
218 441
218 497
218 559
219 66
219 83
219 437
219 487
219 538
219 598
220 107
220 140
220 334
220 458
220 540
220 578
221 74
221 362
221 366
221 393
221 429
221 564
221 577
222 132
222 440
222 450
222 471
222 577
222 583
222 589
223 208
223 306
223 335
223 554
223 569
223 571
223 593
224 7
224 156
224 267
224 365
224 471
224 488
224 508
225 204
225 413
225 474
225 523
225 536
225 565
225 593
226 93
226 227
226 337
226 397
226 498
226 522
226 553
227 144
227 226
227 287
227 346
227 416
227 418
227 575
228 123
228 209
228 395
228 407
228 484
228 499
228 545
229 70
229 414
229 452
229 507
229 537
229 540
229 556
230 323
230 357
230 404
230 555
230 573
230 576
230 592
231 89
231 175
231 273
231 376
231 392
231 474
231 551
232 256
232 282
232 369
232 434
232 509
232 523
232 597
233 177
233 251
233 300
233 402
233 422
233 473
233 577
234 49
234 143
234 261
234 288
234 295
234 546
234 550
235 103
235 106
235 124
235 341
235 418
235 431
235 546
236 73
236 274
236 400
236 406
236 547
236 553
236 580
237 162
237 290
237 340
237 352
237 434
237 524
237 595
238 111
238 319
238 356
238 368
238 453
238 502
238 537
239 249
239 443
239 507
239 569
239 585
239 594
239 599
240 340
240 385
240 387
240 516
240 576
240 577
240 579
241 212
241 248
241 424
241 425
241 454
241 455
241 571
242 28
242 167
242 362
242 411
242 436
242 502
242 540
243 173
243 196
243 374
243 497
243 538
243 543
243 588
244 180
244 303
244 521
244 554
244 573
244 587
244 595
245 26
245 246
245 268
245 318
245 384
245 510
245 590
246 245
246 311
246 447
246 472
246 491
246 571
246 590
247 94
247 377
247 405
247 472
247 506
247 553
247 584
248 69
248 241
248 367
248 467
248 508
248 592
248 596
249 89
249 199
249 239
249 297
249 495
249 556
249 574
250 18
250 211
250 389
250 405
250 444
250 471
250 581
251 1
251 233
251 259
251 274
251 389
251 483
251 591
252 65
252 103
252 295
252 403
252 408
252 432
252 516
253 182
253 204
253 384
253 406
253 524
253 576
253 593
254 23
254 95
254 112
254 310
254 364
254 481
254 536
255 56
255 77
255 282
255 290
255 365
255 589
255 597
256 37
256 198
256 232
256 342
256 344
256 356
256 384
257 319
257 378
257 426
257 530
257 536
257 559
257 599
258 274
258 288
258 353
258 378
258 392
258 584
258 599
259 147
259 251
259 365
259 474
259 479
259 577
259 581
260 63
260 127
260 142
260 213
260 373
260 448
260 462
261 42
261 234
261 289
261 364
261 411
261 460
261 535
262 157
262 270
262 329
262 475
262 507
262 512
262 530
263 184
263 292
263 464
263 476
263 518
263 529
263 591
264 110
264 346
264 375
264 433
264 434
264 545
264 575
265 68
265 91
265 143
265 314
265 331
265 562
265 574
266 177
266 218
266 337
266 453
266 473
266 567
266 586
267 172
267 224
267 282
267 313
267 505
267 536
267 595
268 245
268 358
268 404
268 508
268 543
268 595
268 599
269 111
269 157
269 455
269 516
269 534
269 566
269 590
270 24
270 262
270 333
270 366
270 433
270 563
270 578
271 46
271 160
271 412
271 443
271 447
271 520
271 588
272 356
272 388
272 443
272 456
272 524
272 554
272 556
273 231
273 345
273 371
273 439
273 533
273 550
273 589
274 236
274 251
274 258
274 386
274 451
274 544
274 573
275 278
275 338
275 401
275 521
275 558
275 581
275 584
276 5
276 10
276 325
276 491
276 573
276 574
276 586
277 134
277 281
277 381
277 428
277 509
277 550
277 578
278 275
278 356
278 405
278 472
278 525
278 539
278 583
279 129
279 389
279 510
279 529
279 530
279 547
279 574
280 25
280 48
280 452
280 504
280 558
280 561
280 581
281 277
281 341
281 345
281 366
281 393
281 485
281 564
282 43
282 232
282 255
282 267
282 340
282 590
282 597
283 296
283 380
283 504
283 534
283 539
283 543
283 577
284 12
284 463
284 510
284 537
284 590
284 597
284 599
285 158
285 376
285 440
285 534
285 559
285 587
285 596
286 39
286 136
286 382
286 468
286 561
286 568
286 593
287 35
287 120
287 227
287 320
287 428
287 485
287 510
288 234
288 258
288 422
288 501
288 539
288 551
288 573
288 589
289 117
289 132
289 261
289 408
289 447
289 511
289 544
289 598
290 66
290 124
290 170
290 237
290 255
290 334
290 474
290 547
291 420
291 473
291 474
291 516
291 526
291 535
291 568
291 583
292 140
292 263
292 356
292 363
292 513
292 541
292 551
292 587
293 27
293 82
293 200
293 206
293 330
293 516
293 523
293 592
294 53
294 102
294 378
294 441
294 451
294 539
294 569
294 587
295 64
295 109
295 234
295 252
295 307
295 469
295 560
295 592
296 144
296 162
296 283
296 340
296 358
296 367
296 435
296 563
297 134
297 186
297 249
297 320
297 347
297 473
297 507
297 520
298 58
298 356
298 413
298 481
298 514
298 533
298 581
298 588
299 80
299 98
299 107
299 304
299 492
299 546
299 571
299 589
300 233
300 364
300 391
300 430
300 581
300 588
300 591
300 593
301 22
301 51
301 127
301 397
301 499
301 542
301 568
301 571
302 346
302 437
302 470
302 486
302 502
302 546
302 579
302 585
303 10
303 66
303 244
303 483
303 519
303 558
303 566
303 571
304 299
304 361
304 383
304 405
304 411
304 445
304 477
304 564
305 26
305 215
305 306
305 309
305 321
305 438
305 582
305 596
306 61
306 192
306 223
306 305
306 310
306 406
306 457
306 590
307 295
307 383
307 390
307 427
307 439
307 487
307 503
307 513
308 316
308 328
308 362
308 382
308 421
308 468
308 576
308 581
309 8
309 34
309 305
309 339
309 399
309 503
309 562
309 591
310 254
310 306
310 336
310 337
310 534
310 548
310 554
310 596
311 32
311 169
311 190
311 246
311 424
311 481
311 574
311 596
312 79
312 330
312 339
312 407
312 419
312 456
312 580
312 590
313 267
313 350
313 421
313 515
313 551
313 552
313 573
313 576
314 265
314 439
314 466
314 557
314 559
314 560
314 563
314 578
315 23
315 355
315 433
315 518
315 532
315 537
315 542
315 591
316 211
316 308
316 405
316 436
316 442
316 457
316 496
316 522
317 322
317 451
317 469
317 475
317 480
317 489
317 527
317 580
318 115
318 154
318 245
318 434
318 450
318 488
318 520
318 548
319 142
319 147
319 238
319 257
319 342
319 468
319 557
319 584
320 105
320 117
320 287
320 297
320 349
320 420
320 521
320 565
321 154
321 305
321 336
321 342
321 399
321 546
321 554
321 582
322 67
322 171
322 317
322 458
322 511
322 593
322 597
322 599
323 56
323 230
323 374
323 401
323 468
323 481
323 484
323 587
324 56
324 100
324 140
324 474
324 539
324 546
324 579
324 594
325 8
325 95
325 276
325 360
325 413
325 423
325 521
325 565
326 327
326 334
326 441
326 458
326 488
326 500
326 537
326 578
327 60
327 131
327 156
327 326
327 356
327 486
327 535
327 546
328 145
328 214
328 308
328 445
328 460
328 463
328 567
328 580
329 89
329 116
329 262
329 425
329 484
329 518
329 572
329 577
330 101
330 207
330 293
330 312
330 495
330 505
330 537
330 572
331 75
331 197
331 265
331 406
331 423
331 452
331 556
331 574
332 193
332 363
332 454
332 458
332 513
332 523
332 562
332 583
333 85
333 133
333 270
333 359
333 441
333 565
333 570
333 594
334 220
334 290
334 326
334 386
334 479
334 532
334 549
334 594
335 15
335 223
335 338
335 367
335 386
335 422
335 487
335 560
336 15
336 73
336 184
336 310
336 321
336 554
336 567
336 568
337 226
337 266
337 310
337 435
337 438
337 497
337 526
337 571
338 126
338 275
338 335
338 387
338 471
338 497
338 576
338 578
339 28
339 123
339 309
339 312
339 446
339 454
339 533
339 543
340 168
340 237
340 240
340 282
340 296
340 371
340 473
340 542
341 74
341 235
341 281
341 375
341 442
341 501
341 543
341 568
342 43
342 142
342 256
342 319
342 321
342 370
342 385
342 533
342 545
343 217
343 392
343 462
343 476
343 484
343 505
343 547
343 580
343 595
344 256
344 396
344 449
344 469
344 495
344 554
344 568
344 593
344 596
345 71
345 273
345 281
345 441
345 520
345 545
345 548
345 570
345 577
346 227
346 264
346 302
346 355
346 359
346 494
346 502
346 564
346 580
347 297
347 425
347 464
347 466
347 467
347 486
347 531
347 535
347 569
348 398
348 421
348 434
348 436
348 480
348 514
348 519
348 534
348 561
349 122
349 320
349 379
349 484
349 504
349 505
349 515
349 521
349 599
350 313
350 368
350 502
350 545
350 548
350 573
350 582
350 589
350 597
351 148
351 209
351 414
351 472
351 516
351 526
351 555
351 577
351 585
352 123
352 210
352 237
352 361
352 413
352 479
352 484
352 521
352 563
353 18
353 97
353 214
353 258
353 407
353 453
353 470
353 526
353 578
354 9
354 67
354 193
354 360
354 409
354 428
354 481
354 501
354 582
355 22
355 52
355 62
355 315
355 346
355 485
355 492
355 525
355 555
356 49
356 238
356 256
356 272
356 278
356 292
356 298
356 327
356 394
357 65
357 230
357 387
357 533
357 566
357 573
357 576
357 583
357 584
358 83
358 268
358 296
358 377
358 491
358 557
358 562
358 566
358 567
359 11
359 156
359 333
359 346
359 505
359 536
359 549
359 570
359 594
360 77
360 211
360 325
360 354
360 488
360 505
360 551
360 555
360 587
361 304
361 352
361 404
361 410
361 431
361 484
361 521
361 531
361 573
362 165
362 199
362 221
362 242
362 308
362 435
362 437
362 510
362 524
363 185
363 292
363 332
363 364
363 391
363 425
363 437
363 557
363 580
364 177
364 254
364 261
364 300
364 363
364 437
364 499
364 506
364 535
365 224
365 255
365 259
365 377
365 384
365 388
365 429
365 529
365 594
366 12
366 106
366 209
366 221
366 270
366 281
366 453
366 470
366 483
367 167
367 181
367 248
367 296
367 335
367 371
367 424
367 464
367 584
368 116
368 238
368 350
368 465
368 506
368 517
368 518
368 541
368 567
369 203
369 232
369 398
369 434
369 437
369 509
369 517
369 546
369 585
370 109
370 129
370 149
370 342
370 487
370 530
370 575
370 582
370 596
371 273
371 340
371 367
371 395
371 424
371 438
371 500
371 533
371 597
372 121
372 186
372 380
372 415
372 416
372 491
372 509
372 554
372 586
373 168
373 188
373 260
373 395
373 413
373 417
373 521
373 544
373 563
374 7
374 63
374 118
374 243
374 323
374 422
374 492
374 552
374 558
375 15
375 146
375 264
375 341
375 432
375 517
375 533
375 547
375 550
376 231
376 285
376 417
376 528
376 531
376 544
376 552
376 565
376 569
377 247
377 358
377 365
377 388
377 415
377 420
377 499
377 543
377 546
378 44
378 153
378 215
378 257
378 258
378 294
378 526
378 570
378 576
378 578
379 13
379 25
379 99
379 151
379 189
379 349
379 444
379 506
379 533
379 598
380 90
380 213
380 283
380 372
380 509
380 519
380 522
380 545
380 546
380 574
381 60
381 91
381 125
381 277
381 403
381 451
381 468
381 469
381 480
381 580
382 14
382 93
382 173
382 286
382 308
382 386
382 431
382 478
382 543
382 593
383 205
383 304
383 307
383 389
383 393
383 435
383 464
383 503
383 507
383 555
384 40
384 81
384 119
384 245
384 253
384 256
384 365
384 463
384 465
384 555
385 200
385 240
385 342
385 389
385 409
385 415
385 534
385 572
385 577
385 595
386 132
386 274
386 334
386 335
386 382
386 425
386 454
386 503
386 532
386 565
387 30
387 210
387 240
387 338
387 357
387 404
387 415
387 487
387 541
387 576
388 121
388 141
388 272
388 365
388 377
388 390
388 492
388 506
388 568
388 587
389 80
389 202
389 250
389 251
389 279
389 383
389 385
389 390
389 457
389 493
390 83
390 144
390 307
390 388
390 389
390 395
390 406
390 407
390 424
390 597
391 0
391 135
391 300
391 363
391 504
391 512
391 531
391 540
391 569
391 572
392 32
392 205
392 231
392 258
392 343
392 416
392 417
392 492
392 501
392 511
393 47
393 53
393 221
393 281
393 383
393 399
393 418
393 513
393 581
393 591
394 198
394 356
394 409
394 424
394 448
394 455
394 461
394 463
394 506
394 599
395 63
395 180
395 228
395 371
395 373
395 390
395 433
395 450
395 477
395 503
396 159
396 171
396 344
396 434
396 461
396 463
396 480
396 530
396 543
396 593
397 169
397 226
397 301
397 453
397 528
397 544
397 549
397 559
397 587
397 590
398 67
398 189
398 348
398 369
398 432
398 465
398 490
398 493
398 566
398 567
399 21
399 135
399 309
399 321
399 393
399 428
399 469
399 482
399 513
399 556
400 31
400 120
400 198
400 236
400 413
400 426
400 497
400 498
400 549
400 553
401 20
401 138
401 275
401 323
401 403
401 407
401 487
401 551
401 584
401 588
402 233
402 428
402 456
402 490
402 518
402 557
402 561
402 565
402 581
402 593
403 92
403 108
403 114
403 252
403 381
403 401
403 449
403 468
403 549
403 559
404 230
404 268
404 361
404 387
404 413
404 472
404 493
404 563
404 573
404 576
405 118
405 179
405 247
405 250
405 278
405 304
405 316
405 435
405 513
405 561
406 236
406 253
406 306
406 331
406 390
406 423
406 558
406 570
406 574
406 579
407 22
407 176
407 202
407 228
407 312
407 353
407 390
407 401
407 432
407 471
408 87
408 194
408 252
408 289
408 423
408 482
408 486
408 512
408 566
408 587
409 46
409 190
409 354
409 385
409 394
409 415
409 421
409 523
409 560
409 581
410 118
410 159
410 193
410 361
410 463
410 484
410 521
410 526
410 531
410 532
411 132
411 242
411 261
411 304
411 418
411 435
411 479
411 534
411 543
411 585
412 40
412 55
412 271
412 431
412 504
412 532
412 540
412 569
412 588
412 590
413 225
413 298
413 325
413 352
413 373
413 400
413 404
413 459
413 484
413 520
413 594
414 31
414 170
414 229
414 351
414 444
414 469
414 530
414 541
414 543
414 548
414 585
415 166
415 372
415 377
415 385
415 387
415 409
415 455
415 504
415 533
415 580
415 598
416 97
416 192
416 227
416 372
416 392
416 419
416 527
416 536
416 549
416 570
416 594
417 22
417 49
417 373
417 376
417 392
417 450
417 508
417 511
417 520
417 545
417 590
418 120
418 227
418 235
418 393
418 411
418 429
418 485
418 565
418 568
418 589
418 593
419 88
419 172
419 312
419 416
419 436
419 442
419 478
419 488
419 493
419 496
419 598
420 37
420 115
420 291
420 320
420 377
420 477
420 506
420 562
420 565
420 585
420 593
421 50
421 156
421 308
421 313
421 348
421 409
421 468
421 524
421 527
421 553
421 561
422 54
422 119
422 233
422 288
422 335
422 374
422 444
422 459
422 460
422 487
422 535
423 112
423 173
423 325
423 331
423 406
423 408
423 510
423 553
423 569
423 583
423 586
424 75
424 241
424 311
424 367
424 371
424 390
424 394
424 476
424 496
424 504
424 592
425 48
425 241
425 329
425 347
425 363
425 386
425 478
425 494
425 523
425 556
425 558
426 99
426 188
426 257
426 400
426 499
426 511
426 519
426 520
426 564
426 574
426 599
427 71
427 139
427 199
427 307
427 447
427 475
427 479
427 489
427 515
427 531
427 546
428 149
428 277
428 287
428 354
428 399
428 402
428 445
428 461
428 475
428 564
428 578
429 117
429 181
429 191
429 221
429 365
429 418
429 485
429 486
429 506
429 572
429 597
430 125
430 300
430 443
430 466
430 472
430 479
430 522
430 541
430 570
430 583
430 585
431 115
431 235
431 361
431 382
431 412
431 483
431 492
431 520
431 529
431 548
431 597
432 2
432 33
432 51
432 101
432 252
432 375
432 398
432 407
432 438
432 455
432 519
433 26
433 264
433 270
433 315
433 395
433 439
433 478
433 496
433 506
433 538
433 561
433 575
434 5
434 152
434 232
434 237
434 264
434 318
434 348
434 369
434 396
434 444
434 548
434 596
435 41
435 296
435 337
435 362
435 383
435 405
435 411
435 443
435 496
435 542
435 545
435 585
436 79
436 93
436 140
436 150
436 164
436 242
436 316
436 348
436 419
436 566
436 569
436 590
437 14
437 219
437 302
437 362
437 363
437 364
437 369
437 541
437 551
437 556
437 558
437 587
438 75
438 138
438 305
438 337
438 371
438 432
438 460
438 472
438 487
438 498
438 533
438 553
439 122
439 273
439 307
439 314
439 433
439 457
439 493
439 539
439 549
439 559
439 566
439 587
440 17
440 29
440 78
440 217
440 222
440 285
440 478
440 511
440 537
440 549
440 573
440 589
441 73
441 150
441 218
441 294
441 326
441 333
441 345
441 443
441 457
441 532
441 559
441 597
442 21
442 169
442 316
442 341
442 419
442 482
442 527
442 536
442 550
442 564
442 570
442 594
443 151
443 239
443 271
443 272
443 430
443 435
443 441
443 454
443 457
443 494
443 568
443 580
444 97
444 195
444 214
444 250
444 379
444 414
444 422
444 434
444 471
444 519
444 534
444 594
445 65
445 304
445 328
445 428
445 500
445 511
445 514
445 521
445 544
445 546
445 558
445 580
446 34
446 38
446 108
446 339
446 490
446 503
446 518
446 543
446 552
446 568
446 591
446 593
447 39
447 199
447 246
447 271
447 289
447 427
447 477
447 491
447 509
447 513
447 523
447 561
448 105
448 162
448 187
448 260
448 394
448 461
448 501
448 521
448 566
448 585
448 586
448 592
449 42
449 73
449 87
449 99
449 186
449 210
449 344
449 403
449 458
449 468
449 584
449 586
450 222
450 318
450 395
450 417
450 479
450 483
450 497
450 545
450 575
450 580
450 583
450 589
451 35
451 50
451 168
451 274
451 294
451 317
451 381
451 469
451 480
451 493
451 530
451 570
452 3
452 14
452 119
452 229
452 280
452 331
452 460
452 495
452 505
452 540
452 578
452 579
453 5
453 155
453 238
453 266
453 353
453 366
453 397
453 532
453 541
453 545
453 549
453 558
454 112
454 141
454 153
454 208
454 241
454 332
454 339
454 386
454 443
454 458
454 525
454 544
455 64
455 155
455 187
455 241
455 269
455 394
455 415
455 432
455 468
455 469
455 512
455 542
456 39
456 129
456 206
456 272
456 312
456 402
456 524
456 534
456 545
456 572
456 577
456 592
457 176
457 306
457 316
457 389
457 439
457 441
457 443
457 461
457 488
457 512
457 569
457 583
458 66
458 183
458 220
458 322
458 326
458 332
458 449
458 454
458 477
458 486
458 530
458 541
458 589
459 6
459 15
459 94
459 127
459 146
459 148
459 413
459 422
459 460
459 498
459 555
459 556
459 569
460 27
460 30
460 146
460 201
460 261
460 328
460 422
460 438
460 452
460 459
460 553
460 559
460 561
461 2
461 58
461 93
461 127
461 394
461 396
461 428
461 448
461 457
461 516
461 543
461 549
461 569
462 45
462 67
462 148
462 197
462 260
462 343
462 463
462 473
462 508
462 515
462 516
462 531
462 595
463 65
463 198
463 284
463 328
463 384
463 394
463 396
463 410
463 462
463 466
463 518
463 544
463 568
464 100
464 263
464 347
464 367
464 383
464 498
464 504
464 514
464 517
464 533
464 550
464 552
464 583
465 1
465 368
465 384
465 398
465 483
465 501
465 506
465 520
465 529
465 558
465 559
465 562
465 565
466 14
466 25
466 54
466 131
466 314
466 347
466 430
466 463
466 509
466 541
466 571
466 584
466 594
467 16
467 21
467 167
467 213
467 248
467 347
467 483
467 491
467 548
467 549
467 560
467 567
467 595
468 89
468 138
468 286
468 308
468 319
468 323
468 381
468 403
468 421
468 449
468 455
468 539
468 584
469 60
469 63
469 140
469 295
469 317
469 344
469 381
469 399
469 414
469 451
469 455
469 567
469 592
470 21
470 103
470 183
470 302
470 353
470 366
470 477
470 501
470 515
470 578
470 582
470 587
470 599
471 222
471 224
471 250
471 338
471 407
471 444
471 475
471 489
471 524
471 525
471 544
471 545
471 556
472 29
472 70
472 246
472 247
472 278
472 351
472 404
472 430
472 438
472 477
472 554
472 564
472 598
473 11
473 215
473 233
473 266
473 291
473 297
473 340
473 462
473 485
473 514
473 526
473 567
473 580
474 4
474 182
474 225
474 231
474 259
474 290
474 291
474 324
474 505
474 551
474 574
474 579
474 584
475 44
475 60
475 149
475 171
475 262
475 317
475 427
475 428
475 471
475 502
475 541
475 563
475 578
476 38
476 147
476 152
476 263
476 343
476 424
476 498
476 501
476 524
476 527
476 547
476 577
476 596
477 32
477 130
477 150
477 304
477 395
477 420
477 447
477 458
477 470
477 472
477 534
477 539
477 546
477 577
478 49
478 84
478 176
478 180
478 382
478 419
478 425
478 433
478 440
478 496
478 500
478 522
478 575
478 597
479 111
479 113
479 125
479 202
479 259
479 334
479 352
479 411
479 427
479 430
479 450
479 524
479 548
479 596
480 63
480 109
480 178
480 201
480 317
480 348
480 381
480 396
480 451
480 492
480 513
480 514
480 539
480 593
481 17
481 86
481 254
481 298
481 311
481 323
481 354
481 491
481 499
481 516
481 528
481 552
481 562
481 594
482 56
482 81
482 96
482 399
482 408
482 442
482 490
482 495
482 505
482 515
482 527
482 536
482 570
482 594
483 18
483 96
483 155
483 182
483 251
483 303
483 366
483 431
483 450
483 465
483 467
483 492
483 584
483 589
484 98
484 159
484 195
484 228
484 323
484 329
484 343
484 349
484 352
484 361
484 410
484 413
484 584
484 595
485 27
485 128
485 144
485 191
485 194
485 281
485 287
485 355
485 418
485 429
485 473
485 497
485 537
485 565
486 16
486 24
486 58
486 161
486 179
486 196
486 302
486 327
486 347
486 408
486 429
486 458
486 509
486 560
487 157
487 193
487 209
487 212
487 219
487 307
487 335
487 370
487 387
487 401
487 422
487 438
487 497
487 553
488 96
488 148
488 157
488 211
488 224
488 318
488 326
488 360
488 419
488 457
488 505
488 525
488 572
488 599
489 94
489 125
489 132
489 317
489 427
489 471
489 494
489 516
489 542
489 550
489 583
489 596
489 598
489 599
490 83
490 104
490 167
490 398
490 402
490 446
490 482
490 494
490 527
490 528
490 555
490 562
490 567
490 593
491 51
491 104
491 192
491 246
491 276
491 358
491 372
491 447
491 467
491 481
491 520
491 556
491 578
491 586
492 85
492 202
492 299
492 355
492 374
492 388
492 392
492 431
492 480
492 483
492 506
492 512
492 529
492 537
493 21
493 389
493 398
493 404
493 419
493 439
493 451
493 551
493 555
493 560
493 566
493 567
493 576
493 599
494 3
494 168
494 178
494 215
494 346
494 425
494 443
494 489
494 490
494 507
494 522
494 525
494 558
494 564
495 13
495 16
495 43
495 249
495 330
495 344
495 452
495 482
495 507
495 509
495 556
495 574
495 583
495 586
496 9
496 104
496 110
496 212
496 316
496 419
496 424
496 433
496 435
496 478
496 508
496 522
496 575
496 580
497 31
497 107
497 196
497 218
497 243
497 337
497 338
497 400
497 450
497 485
497 487
497 504
497 538
497 553
498 76
498 128
498 169
498 207
498 226
498 400
498 438
498 459
498 464
498 476
498 503
498 553
498 555
498 562
499 150
499 185
499 212
499 228
499 301
499 364
499 377
499 426
499 481
499 525
499 531
499 535
499 594
499 598
500 33
500 148
500 166
500 208
500 326
500 371
500 445
500 478
500 511
500 519
500 542
500 552
500 571
500 572
501 192
501 216
501 288
501 341
501 354
501 392
501 448
501 465
501 470
501 476
501 515
501 525
501 567
501 582
502 13
502 107
502 112
502 177
502 238
502 242
502 302
502 346
502 350
502 475
502 531
502 563
502 564
502 578
502 589
503 135
503 151
503 193
503 205
503 307
503 309
503 383
503 386
503 395
503 446
503 498
503 513
503 526
503 584
503 599
504 91
504 128
504 133
504 280
504 283
504 349
504 391
504 412
504 415
504 424
504 464
504 497
504 505
504 581
504 595
505 88
505 172
505 267
505 330
505 343
505 349
505 359
505 360
505 452
505 474
505 482
505 488
505 504
505 532
505 592
506 71
506 184
506 247
506 364
506 368
506 379
506 388
506 394
506 420
506 429
506 433
506 465
506 492
506 535
506 570
507 3
507 54
507 72
507 95
507 229
507 239
507 262
507 297
507 383
507 494
507 495
507 529
507 579
507 583
507 597
508 19
508 52
508 62
508 69
508 133
508 224
508 248
508 268
508 417
508 462
508 496
508 520
508 528
508 595
508 599
509 41
509 142
509 232
509 277
509 369
509 372
509 380
509 447
509 466
509 486
509 495
509 557
509 580
509 585
509 599
510 4
510 12
510 17
510 34
510 198
510 203
510 245
510 279
510 284
510 287
510 362
510 423
510 540
510 572
510 590
511 82
511 129
511 163
511 289
511 322
511 392
511 417
511 426
511 440
511 445
511 500
511 529
511 542
511 543
511 591
512 28
512 54
512 88
512 143
512 199
512 206
512 262
512 391
512 408
512 455
512 457
512 492
512 558
512 577
512 582
513 10
513 47
513 94
513 175
513 205
513 292
513 307
513 332
513 393
513 399
513 405
513 447
513 480
513 503
513 517
514 141
514 143
514 298
514 348
514 445
514 464
514 473
514 480
514 517
514 521
514 542
514 553
514 558
514 569
514 580
515 103
515 136
515 183
515 313
515 349
515 427
515 462
515 470
515 482
515 501
515 517
515 531
515 548
515 570
515 582
516 39
516 138
516 205
516 240
516 252
516 269
516 291
516 293
516 351
516 461
516 462
516 481
516 489
516 521
516 592
517 0
517 41
517 175
517 203
517 368
517 369
517 375
517 464
517 513
517 514
517 515
517 523
517 550
517 579
517 581
518 5
518 27
518 72
518 130
518 208
518 263
518 315
518 329
518 368
518 402
518 446
518 463
518 543
518 546
518 555
519 31
519 114
519 137
519 204
519 303
519 348
519 380
519 426
519 432
519 444
519 500
519 521
519 538
519 544
519 571
519 573
520 72
520 153
520 189
520 215
520 271
520 297
520 318
520 345
520 413
520 417
520 426
520 431
520 465
520 491
520 508
520 595
521 147
521 244
521 275
521 320
521 325
521 349
521 352
521 361
521 373
521 410
521 445
521 448
521 514
521 516
521 519
521 592
522 8
522 36
522 84
522 92
522 140
522 164
522 226
522 316
522 380
522 430
522 478
522 494
522 496
522 526
522 556
522 575
523 24
523 133
523 173
523 216
523 225
523 232
523 293
523 332
523 409
523 425
523 447
523 517
523 540
523 581
523 588
523 595
524 7
524 169
524 210
524 237
524 253
524 272
524 362
524 421
524 456
524 471
524 476
524 479
524 539
524 547
524 563
524 596
525 38
525 62
525 145
525 160
525 191
525 278
525 355
525 454
525 471
525 488
525 494
525 499
525 501
525 563
525 564
525 587
526 11
526 55
526 149
526 161
526 211
526 291
526 337
526 351
526 353
526 378
526 410
526 473
526 503
526 522
526 531
526 580
527 20
527 59
527 113
527 174
527 317
527 416
527 421
527 442
527 476
527 482
527 490
527 536
527 563
527 570
527 571
527 594
528 7
528 75
528 84
528 86
528 166
528 194
528 376
528 397
528 481
528 490
528 508
528 534
528 538
528 544
528 552
528 571
529 11
529 37
529 92
529 167
529 182
529 263
529 279
529 365
529 431
529 465
529 492
529 507
529 511
529 550
529 565
529 598
530 212
530 257
530 262
530 279
530 370
530 396
530 414
530 451
530 458
530 559
530 562
530 572
530 573
530 585
530 586
530 598
531 36
531 96
531 347
531 361
531 376
531 391
531 410
531 427
531 462
531 499
531 502
531 515
531 526
531 558
531 576
531 581
532 3
532 23
532 60
532 106
532 146
532 177
532 195
532 315
532 334
532 386
532 410
532 412
532 441
532 453
532 505
532 539
532 559
533 40
533 50
533 58
533 124
533 273
533 298
533 339
533 342
533 357
533 371
533 375
533 379
533 415
533 438
533 464
533 538
533 564
534 2
534 38
534 68
534 200
534 269
534 283
534 285
534 310
534 348
534 385
534 411
534 444
534 456
534 477
534 528
534 537
534 581
535 54
535 64
535 98
535 127
535 209
535 216
535 261
535 291
535 327
535 347
535 364
535 422
535 499
535 506
535 541
535 567
535 586
536 61
536 76
536 160
536 170
536 225
536 254
536 257
536 267
536 359
536 416
536 442
536 482
536 527
536 549
536 554
536 570
536 594
537 61
537 78
537 87
537 229
537 238
537 284
537 315
537 326
537 330
537 440
537 485
537 492
537 534
537 559
537 566
537 587
537 590
538 4
538 10
538 20
538 102
538 150
538 189
538 219
538 243
538 433
538 497
538 519
538 528
538 533
538 542
538 571
538 575
538 591
539 66
539 121
539 143
539 278
539 283
539 288
539 294
539 324
539 439
539 468
539 477
539 480
539 524
539 532
539 540
539 560
539 579
540 0
540 57
540 115
540 120
540 220
540 229
540 242
540 391
540 412
540 452
540 510
540 523
540 539
540 551
540 555
540 579
540 584
541 46
541 100
541 174
541 292
541 368
541 387
541 414
541 430
541 437
541 453
541 458
541 466
541 475
541 535
541 548
541 583
541 585
541 598
542 20
542 90
542 108
542 137
542 148
542 189
542 301
542 315
542 340
542 435
542 455
542 489
542 500
542 511
542 514
542 538
542 567
542 582
543 19
543 44
543 130
543 243
543 268
543 283
543 339
543 341
543 377
543 382
543 396
543 411
543 414
543 446
543 461
543 511
543 518
543 552
544 62
544 95
544 139
544 274
544 289
544 373
544 376
544 397
544 445
544 454
544 463
544 471
544 519
544 528
544 558
544 576
544 585
544 586
545 186
545 228
545 264
545 342
545 345
545 350
545 380
545 417
545 435
545 450
545 453
545 456
545 471
545 548
545 551
545 556
545 557
545 597
546 20
546 234
546 235
546 299
546 302
546 321
546 324
546 327
546 369
546 377
546 380
546 427
546 445
546 477
546 518
546 554
546 561
546 598
547 11
547 42
547 80
547 147
547 200
547 236
547 279
547 290
547 343
547 375
547 476
547 524
547 554
547 557
547 562
547 575
547 585
547 594
548 5
548 68
548 110
548 310
548 318
548 345
548 350
548 414
548 431
548 434
548 467
548 479
548 515
548 541
548 545
548 589
548 596
548 597
549 29
549 120
549 129
549 334
549 359
549 397
549 400
549 403
549 416
549 439
549 440
549 453
549 461
549 467
549 536
549 559
549 579
549 583
550 36
550 100
550 151
550 175
550 182
550 188
550 202
550 207
550 234
550 273
550 277
550 375
550 442
550 464
550 489
550 517
550 529
550 557
551 97
551 231
551 288
551 292
551 313
551 360
551 401
551 437
551 474
551 493
551 540
551 545
551 554
551 559
551 572
551 574
551 579
551 582
552 56
552 69
552 128
552 130
552 145
552 216
552 313
552 374
552 376
552 446
552 464
552 481
552 500
552 528
552 543
552 563
552 572
552 575
553 145
553 226
553 236
553 247
553 400
553 421
553 423
553 438
553 460
553 487
553 497
553 498
553 514
553 569
553 577
553 582
553 591
553 598
554 32
554 43
554 223
554 244
554 272
554 310
554 321
554 336
554 344
554 372
554 472
554 536
554 546
554 547
554 551
554 596
554 598
554 599
555 118
555 126
555 167
555 213
555 230
555 351
555 355
555 360
555 383
555 384
555 459
555 490
555 493
555 498
555 518
555 540
555 560
555 562
555 566
556 40
556 52
556 197
556 229
556 249
556 272
556 331
556 399
556 425
556 437
556 459
556 471
556 491
556 495
556 522
556 545
556 574
556 579
556 586
557 6
557 30
557 44
557 91
557 175
557 199
557 314
557 319
557 358
557 363
557 402
557 509
557 545
557 547
557 550
557 560
557 562
557 566
557 593
558 35
558 89
558 114
558 275
558 280
558 303
558 374
558 406
558 425
558 437
558 445
558 453
558 465
558 494
558 512
558 514
558 531
558 544
558 582
559 154
559 218
559 257
559 285
559 314
559 397
559 403
559 439
559 441
559 460
559 465
559 530
559 532
559 537
559 549
559 551
559 572
559 575
559 582
560 1
560 6
560 48
560 86
560 177
560 295
560 314
560 335
560 409
560 467
560 486
560 493
560 539
560 555
560 557
560 562
560 565
560 588
560 593
561 36
561 152
561 158
561 185
561 190
561 280
561 286
561 348
561 402
561 405
561 421
561 433
561 447
561 460
561 546
561 562
561 567
561 572
561 577
562 162
562 172
562 213
562 265
562 309
562 332
562 358
562 420
562 465
562 481
562 490
562 498
562 530
562 547
562 555
562 557
562 560
562 561
562 566
562 575
563 31
563 38
563 42
563 131
563 134
563 145
563 270
563 296
563 314
563 352
563 373
563 404
563 475
563 502
563 524
563 525
563 527
563 552
563 566
563 578
564 13
564 22
564 78
564 113
564 181
564 190
564 221
564 281
564 304
564 346
564 426
564 428
564 442
564 472
564 494
564 502
564 525
564 533
564 578
564 587
565 106
565 155
565 159
565 183
565 211
565 225
565 320
565 325
565 333
565 376
565 386
565 402
565 418
565 420
565 465
565 485
565 529
565 560
565 581
565 590
566 30
566 41
566 77
566 269
566 303
566 357
566 358
566 398
566 408
566 436
566 439
566 448
566 493
566 537
566 555
566 557
566 562
566 563
566 567
566 578
567 144
567 183
567 266
567 328
567 336
567 358
567 368
567 398
567 467
567 469
567 473
567 490
567 493
567 501
567 535
567 542
567 561
567 566
567 568
567 587
568 23
568 34
568 44
568 48
568 88
568 185
568 187
568 286
568 291
568 301
568 336
568 341
568 344
568 388
568 418
568 443
568 446
568 463
568 567
568 593
569 69
569 70
569 101
569 115
569 223
569 239
569 294
569 347
569 376
569 391
569 412
569 423
569 436
569 457
569 459
569 461
569 514
569 553
569 580
569 586
570 28
570 117
570 151
570 333
570 345
570 359
570 378
570 406
570 416
570 430
570 442
570 451
570 482
570 506
570 515
570 527
570 536
570 574
570 579
570 594
570 597
571 51
571 80
571 91
571 102
571 149
571 168
571 223
571 241
571 246
571 299
571 301
571 303
571 337
571 466
571 500
571 519
571 527
571 528
571 538
571 572
571 583
572 10
572 24
572 152
572 156
572 206
572 329
572 330
572 385
572 391
572 429
572 456
572 488
572 500
572 510
572 530
572 551
572 552
572 559
572 561
572 571
572 589
573 17
573 96
573 121
573 170
573 197
573 230
573 244
573 274
573 276
573 288
573 313
573 350
573 357
573 361
573 404
573 440
573 519
573 530
573 576
573 585
573 596
574 16
574 29
574 52
574 130
574 137
574 181
574 249
574 265
574 276
574 279
574 311
574 331
574 380
574 406
574 426
574 474
574 495
574 551
574 556
574 570
574 586
575 33
575 79
575 92
575 110
575 134
575 164
575 185
575 227
575 264
575 370
575 433
575 450
575 478
575 496
575 522
575 538
575 547
575 552
575 559
575 562
575 590
576 9
576 37
576 46
576 113
576 121
576 141
576 197
576 230
576 240
576 253
576 308
576 313
576 338
576 357
576 378
576 387
576 404
576 493
576 531
576 544
576 573
576 589
577 24
577 41
577 107
577 221
577 222
577 233
577 240
577 259
577 283
577 329
577 345
577 351
577 385
577 456
577 476
577 477
577 512
577 553
577 561
577 590
577 591
577 594
578 61
578 123
578 135
578 145
578 220
578 270
578 277
578 314
578 326
578 338
578 353
578 378
578 428
578 452
578 470
578 475
578 491
578 502
578 563
578 564
578 566
578 588
579 35
579 57
579 70
579 73
579 77
579 213
579 217
579 240
579 302
579 324
579 406
579 452
579 474
579 507
579 517
579 539
579 540
579 549
579 551
579 556
579 570
579 584
580 7
580 68
580 236
580 312
580 317
580 328
580 343
580 346
580 363
580 381
580 415
580 443
580 445
580 450
580 473
580 496
580 509
580 514
580 526
580 569
580 588
580 594
581 111
581 158
581 208
581 250
581 259
581 275
581 280
581 298
581 300
581 308
581 393
581 402
581 409
581 504
581 517
581 523
581 531
581 534
581 565
581 588
581 592
581 593
582 78
582 82
582 105
582 136
582 183
582 192
582 193
582 216
582 305
582 321
582 350
582 354
582 370
582 470
582 501
582 512
582 515
582 542
582 551
582 553
582 558
582 559
583 59
583 122
583 174
583 188
583 207
583 214
583 222
583 278
583 291
583 332
583 357
583 423
583 430
583 450
583 457
583 464
583 489
583 495
583 507
583 541
583 549
583 571
583 596
584 0
584 2
584 47
584 102
584 106
584 108
584 188
584 247
584 258
584 275
584 319
584 357
584 367
584 401
584 449
584 466
584 468
584 474
584 483
584 484
584 503
584 540
584 579
585 33
585 47
585 71
585 78
585 116
585 159
585 180
585 239
585 302
585 351
585 369
585 411
585 414
585 420
585 430
585 435
585 448
585 509
585 530
585 541
585 544
585 547
585 573
586 3
586 70
586 152
586 172
586 174
586 186
586 266
586 276
586 372
586 423
586 448
586 449
586 491
586 495
586 530
586 535
586 544
586 556
586 569
586 574
586 593
586 595
586 599
587 1
587 16
587 122
587 138
587 180
587 194
587 244
587 285
587 292
587 294
587 323
587 360
587 388
587 397
587 408
587 437
587 439
587 470
587 525
587 537
587 564
587 567
587 594
588 81
588 90
588 109
588 165
588 166
588 187
588 196
588 204
588 214
588 243
588 271
588 298
588 300
588 401
588 412
588 523
588 560
588 578
588 580
588 581
588 589
588 592
588 595
589 53
589 72
589 114
589 154
589 160
589 164
589 222
589 255
589 273
589 288
589 299
589 350
589 418
589 440
589 450
589 458
589 483
589 502
589 548
589 572
589 576
589 588
589 591
590 17
590 52
590 57
590 85
590 171
590 195
590 203
590 245
590 246
590 269
590 282
590 284
590 306
590 312
590 397
590 412
590 417
590 436
590 510
590 537
590 565
590 575
590 577
590 597
591 42
591 110
591 119
591 125
591 136
591 163
591 217
591 251
591 263
591 300
591 309
591 315
591 393
591 446
591 511
591 538
591 553
591 577
591 589
591 592
591 595
591 596
591 597
591 599
592 0
592 39
592 58
592 74
592 93
592 98
592 157
592 209
592 230
592 248
592 293
592 295
592 424
592 448
592 456
592 469
592 505
592 516
592 521
592 581
592 588
592 591
592 593
592 595
593 26
593 27
593 55
593 223
593 225
593 253
593 286
593 300
593 322
593 344
593 382
593 396
593 402
593 418
593 420
593 446
593 480
593 490
593 557
593 560
593 568
593 581
593 586
593 592
594 59
594 61
594 172
594 210
594 239
594 324
594 333
594 334
594 359
594 365
594 413
594 416
594 442
594 444
594 466
594 481
594 482
594 499
594 527
594 536
594 547
594 570
594 577
594 580
594 587
595 6
595 72
595 105
595 155
595 165
595 179
595 188
595 217
595 237
595 244
595 267
595 268
595 343
595 385
595 462
595 467
595 484
595 504
595 508
595 520
595 523
595 586
595 588
595 591
595 592
596 45
596 84
596 152
596 154
596 156
596 184
596 248
596 285
596 305
596 310
596 311
596 344
596 370
596 434
596 476
596 479
596 489
596 524
596 548
596 554
596 573
596 583
596 591
596 597
596 598
597 9
597 59
597 83
597 141
597 149
597 160
597 232
597 255
597 282
597 284
597 322
597 350
597 371
597 390
597 429
597 431
597 441
597 478
597 507
597 545
597 548
597 570
597 590
597 591
597 596
598 32
598 45
598 82
598 90
598 114
598 126
598 154
598 185
598 191
598 219
598 289
598 379
598 415
598 419
598 472
598 489
598 499
598 529
598 530
598 541
598 546
598 553
598 554
598 596
598 599
599 74
599 105
599 162
599 163
599 215
599 239
599 257
599 258
599 268
599 284
599 322
599 349
599 394
599 426
599 470
599 488
599 489
599 493
599 503
599 508
599 509
599 554
599 586
599 591
599 598
