0 3 5 23 25 137 163 206 211 305 351 388 453 478 492 494 573
1 32 54 59 62 64 117 123 126 127 133 136 170 185 189 199 200 202 207 224 251 264 266 269 288 294 296 318 322 328 331 341 349 361 390 397 405 409 441 449 490 503 506 516 518 576
2 33 80 223 319 343 442 485 515 581
3 4 134 161 172 174 226 335 358 362 374 402 414 432 435 465 512 548
6 14 15 18 28 40 63 69 79 92 103 145 154 155 159 167 168 182 241 249 262 263 270 284 292 324 337 339 344 346 353 359 377 401 404 410 461 469 475 523 549 560 571 588
7 10 57 66 82 83 97 108 113 125 150 210 218 219 221 236 237 250 280 312 327 348 412 422 434 451 452 456 466 536 557 569 583 595
8 17 60 62 91 234 258 334 369 382 423 429 493 505 562
9 16 68 73 239 291 323 360 395 398 419 527
11 26 34 41 54 58 65 76 93 116 146 192 201 209 222 231 238 252 285 290 298 304 309 325 329 342 357 365 373 396 399 424 455 470 477 481 487 488 498 504 507 535 542 552 568 592
12 36 52 102 131 196 271 273 289 372 426 464 474 479 509 530 546 574 584 596
13 21 31 35 61 95 98 107 118 119 128 130 140 143 148 152 162 176 193 197 243 244 283 301 308 400 408 413 420 439 471 472 495 499 543 577
19 135 164 165 186 191 212 230 256 257 260 297 336 381 384 407 514 517 529 580 591
20 22 78 100 112 138 142 144 156 186 190 203 229 235 240 259 281 282 287 300 313 317 368 370 394 401 403 418 421 457 460 476 486 501 521 522 537 563 565 570 575 587 593 597
24 42 43 70 75 109 115 120 153 160 173 175 183 198 232 233 253 277 286 302 316 320 321 350 363 366 392 402 411 415 462 484 489 496 528 540 544 566
27 39 47 49 87 94 104 106 110 114 139 141 179 181 194 216 217 261 275 315 333 338 340 345 376 387 416 437 440 446 473 480 497 508 520 534 559 578 598
29 30 32 41 56 74 86 90 105 132 151 166 195 205 212 234 246 247 254 268 274 299 376 378 385 386 425 428 430 433 454 459 463 467 487 491 502 510 519 525 553 558 563 564 567 576 579 582 584 586
37 44 53 67 88 101 111 121 147 171 180 184 187 204 208 220 225 248 272 293 314 332 352 356 364 367 371 379 393 431 438 447 448 468 489 500 511 539
38 77 81 215 216 245 255 310 330 427 443 526
45 46 48 71 149 157 169 265 347 391 417 463 541 555 585
50 51 85 214 276 279 307 326 375 380 389 430 450 458 513 533 572 589
55 99 122 124 311 436 550 551 553 554 561 594
72 84 158 178 213 227 228 242 295 303 306 354 355 383 406 444 445 482 531 532 538 545 556 590 599
89 96 129 177 188 267 278 483 524 547
