0 23 28 31 68 74 78 194 198 222 245 288 300 321 334 339 377 394 445 476 516 518 524 535 542 596
1 3 18 51 64 83 99 102 118 144 165 200 224 250 324 396 407 429 453 454 487 489 491 544 585
2 45 66 88 133 142 147 177 183 221 274 296 373 442 483 485 499 528
4 43 56 69 71 80 94 100 105 116 121 126 134 137 154 155 172 218 263 294 297 314 315 331 336 347 368 374 385 395 402 406 410 414 415 422 428 433 434 439 457 459 469 484 494 517 548 554 588 593
5 20 33 85 132 148 214 233 235 247 289 345 375 381 388 532 534
6 29 30 32 44 57 92 93 103 107 111 135 186 192 193 221 242 272 275 285 335 338 382 386 412 437 462 463 473 479 503 504 531 541 552 559 570 592
7 28 39 52 54 89 97 127 128 131 152 167 187 208 226 236 244 252 292 306 311 320 329 342 343 356 417 419 460 492 498 502 520 529 554 558 561 568 571
8 19 34 49 67 190 196 213 232 254 258 276 284 295 342 369 423 441 443 458 469 471 474 493 507 549 556 582 589
9 12 13 38 58 72 86 96 98 120 122 145 151 169 188 212 229 230 231 243 249 251 264 269 298 304 326 350 384 390 408 409 411 444 446 477 481 488 495 496 501 506 536 569 583 590 594 599
10 15 37 76 114 139 166 171 179 199 210 246 290 313 319 325 332 341 348 349 355 359 398 400 416 438 447 450 464 478 482 506 513 523 539 566 584 587
11 42 55 59 60 70 95 110 115 127 164 173 176 180 181 205 217 228 282 309 312 322 344 354 357 358 361 365 367 370 380 385 391 418 435 436 472 505 509 515 527 532 546 555 560 576 577 581
14 109 141 156 170 206 234 260 273 281 287 318 347 378 401 461 497 578
16 26 50 157 168 191 202 291 303 316 328 360 387 392 407 421 426 427 449 451 500 510 526 550 574
17 62 123 182 197 241 257 262 268 290 307 323 351 468 545
21 27 41 48 61 84 106 112 125 138 146 151 153 162 163 175 178 189 201 270 279 305 311 318 327 337 340 376 405 430 456 465 466 475 553 557 562 565 567 579 588 591
22 46 73 91 143 223 256 266 277 403 467 470 480 511 512 519 551
24 82 113 203 209 211 215 219 220 238 363 371 397 425 431 440 448 486 530 538 564 580 595 597 598
25 65 81 248 265 283 299 301 308 317 341 372 424 452 522 563 572
35 75 87 101 104 108 110 124 136 149 158 195 240 261 264 267 280 310 346 366 383 389 393 399 420 455 514 521 533 537 547 573
36 47 63 117 159 184 204 216 227 237 259 278 293 330 353 362 364 404 413 490 508 525 540 543 575 586
40 53 77 79 90 129 239 286 333 352
119 130 140 150 160 161 174 185 207 225 231 253 255 271 302 379 432
