0 11 147 173 177 192 235 249 259 270 272 323 328 334 335 338 343 375 377 385 402 416 423 440 459 471 497 545 575 582 583 585
1 8 33 37 85 88 114 117 148 216 349 399 403 420 422 492 511 535
2 22 24 32 58 59 76 78 79 103 116 128 144 186 191 218 223 224 227 243 245 251 284 307 327 342 346 359 367 369 390 397 401 438 450 456 468 478 482 499 512 522 534 547 574
3 4 9 36 172 196 206 236 309 365 455 514
5 14 48 60 62 106 120 124 139 185 210 229 271 306 329 330 336 337 431 501 508 539 541 559 588 599
6 44 45 51 53 91 100 113 132 134 151 154 160 161 165 170 171 174 212 237 258 265 275 281 295 297 314 325 350 358 360 418 421 425 433 445 477 491 502 518 526 529 552 570 591
7 10 12 43 47 56 63 80 117 126 168 187 201 220 222 311 345 355 363 379 387 417 445 453 469 475 520 521 531 533 538 549 573 578 587 592 596
13 25 35 52 61 84 164 292 303 304 310 315 340 364 413 441 442 448 481 487 495 507 519 524 560 569 597
15 21 34 82 87 89 93 96 104 141 155 156 176 209 246 247 248 269 277 294 353 374 434 451 474 488 490 532 561 562 584 590 598
16 68 74 77 90 99 102 105 111 123 125 167 182 233 238 241 254 263 268 274 279 320 321 327 351 356 369 371 372 381 417 452 473 491 550 551 556 564 571
17 18 92 95 107 121 299 313 316 333 394 406 424 498 516
19 30 74 75 83 86 94 97 106 129 143 152 200 203 264 282 288 366 437 458 463 485 530 543 544 546 548 555 558 565 568 599
20 40 71 115 138 211 240 266 298 301 308 312 317 326 331 373 386 393 398 409 410 411 457 464 472 496 509 515 527 537 540 589 595 598
23 70 109 162 217 255 257 260 267 324 332 378 392 444 460 566 594
26 49 101 122 131 153 190 221 244 428 443
27 29 41 42 66 81 110 136 149 179 202 205 232 253 262 273 283 319 341 382 389 395 447 465 536 553
28 31 46 289 357 388 396 400 454 476
38 39 43 50 112 145 181 225 252 382 466 534
54 73 133 234 368 376 426 429 432 483 486 502 523 525 577
55 64 67 98 102 108 127 140 159 169 180 183 184 198 214 228 296 300 318 361 362 380 383 391 405 412 435 480 503 505 506 528 554 572 593
57 118 130 135 137 150 194 213 215 230 261 280 285 404 427 430 467 484 547 563 576 579 581
65 157 158 163 188 204 208 250 278 287 352 370 449 462
69 195 298 302 348 384 408 439 470 479 510 517 567
72 146 164 178 199 207 276 291 293 295 339 407 415 436 446 493 494 580 591
119 142 175 189 197 219 242 256 290 305 414 489 542 586
166 193 226 231 239 286 322 344 347 354 419 461 500 504 513 557
