18 55
1 149
18 128
48 112
13 194
54 194
54 55
18 194
91 147
30 60
51 195
18 30
17 113
149 184
111 113
11 48
129 184
53 149
52 53
18 56
13 111
111 160
113 195
48 149
56 194
114 156
86 129
56 128
13 86
73 111
30 195
13 185
53 86
10 70
56 111
70 149
48 53
73 113
10 160
48 56
55 56
70 112
17 18
150 194
9 52
10 113
111 195
86 113
35 52
17 52
55 195
52 60
54 128
86 149
13 150
114 151
129 149
71 160
9 111
30 55
73 86
60 194
48 160
11 52
9 113
10 52
17 55
55 128
56 184
60 128
5 151
9 70
18 52
18 129
48 113
54 195
18 195
11 195
113 129
113 150
111 112
128 194
52 112
86 185
11 113
52 54
35 86
53 129
53 55
9 86
53 195
11 128
29 33
56 195
17 195
113 194
56 129
9 56
10 195
71 73
129 194
1 53
9 13
13 184
52 56
113 160
56 112
86 111
48 194
13 113
13 60
114 147
164 184
70 113
160 195
156 179
9 129
35 195
111 194
46 179
10 48
35 55
9 195
9 150
160 185
55 194
18 48
17 56
70 194
48 51
70 111
13 149
111 150
30 52
56 70
60 150
60 195
149 195
11 55
9 112
17 54
60 129
48 111
11 56
18 53
52 111
129 160
13 53
11 70
86 160
9 160
71 149
54 56
11 30
35 160
52 149
11 194
52 194
111 149
112 195
9 60
52 128
55 149
52 70
5 156
128 195
51 52
52 113
54 149
112 113
13 129
52 55
18 54
150 184
36 179
53 128
53 54
149 160
24 91
151 156
53 194
70 160
10 111
17 194
149 185
70 73
73 160
129 185
17 60
56 60
56 113
48 195
53 60
48 129
30 56
13 160
35 194
86 194
70 71
30 128
35 54
2 114
9 194
18 184
35 128
30 194
11 60
9 73
35 149
52 160
70 195
18 60
48 52
54 60
11 18
24 147
30 53
53 160
1 13
10 112
149 194
11 54
35 53
9 10
17 53
112 160
194 195
48 184
56 160
48 70
53 185
11 17
60 113
129 150
52 195
55 113
55 60
73 149
17 128
149 150
17 30
30 54
111 129
10 56
9 48
60 111
11 53
35 48
35 71
53 56
2 166
2 171
2 152
10 188
11 72
13 157
13 95
17 127
17 146
17 28
17 72
17 85
17 190
17 89
17 183
17 76
17 95
17 148
17 171
18 135
18 193
4 18
24 148
24 152
12 24
35 169
35 69
36 89
36 152
36 154
36 132
46 166
46 154
48 89
48 78
48 135
48 148
51 87
52 148
4 52
52 87
53 82
53 193
4 53
53 163
53 95
54 196
55 87
6 56
4 56
56 163
60 196
70 152
86 95
86 193
91 152
91 162
12 91
113 182
113 130
87 113
113 131
114 152
114 171
114 166
95 129
147 152
12 147
95 149
149 157
149 191
126 150
157 160
95 160
154 179
132 179
95 185
69 194
148 194
167 194
87 195
195 196
4 195
131 195
53 148
