94 157
41 158
42 157
92 135
120 191
69 191
174 176
92 189
176 192
136 157
135 191
42 193
110 117
145 182
169 177
92 120
80 177
68 92
124 145
193 196
93 110
6 176
41 135
181 182
66 163
157 173
110 124
181 193
82 196
6 145
88 135
19 157
69 135
94 145
88 173
141 157
42 169
83 158
6 92
135 173
82 191
69 92
126 135
68 141
19 136
6 196
69 170
93 189
135 140
157 191
135 170
124 192
68 192
42 196
21 169
177 181
173 193
6 191
93 182
81 117
117 135
163 196
69 189
80 135
110 136
174 182
88 126
92 191
135 163
169 173
80 157
82 177
126 177
120 141
68 94
110 169
66 135
157 177
92 182
120 174
69 192
135 182
170 191
68 69
124 170
42 117
110 193
94 141
6 169
66 158
68 174
174 192
135 145
6 82
82 163
42 177
66 82
126 163
42 82
21 196
163 169
58 81
170 192
173 181
66 102
69 142
82 102
135 142
83 169
58 157
163 193
66 173
126 170
58 135
140 170
182 193
126 140
120 136
117 192
77 157
83 193
6 189
69 145
83 174
157 182
42 58
93 174
136 187
135 157
42 163
126 173
58 142
92 94
6 102
145 170
135 187
169 181
102 170
19 69
41 80
140 191
80 181
181 196
80 82
82 88
66 133
88 170
117 142
110 145
174 191
82 140
83 157
66 191
92 176
157 169
120 176
135 176
92 174
170 189
77 181
191 193
120 124
135 193
21 163
177 191
21 42
82 83
92 145
19 135
6 193
69 173
82 135
94 191
68 182
6 80
177 196
135 169
66 80
58 117
120 157
140 173
42 80
80 163
77 136
6 140
163 177
93 124
69 140
173 196
176 189
82 126
135 136
66 177
157 187
68 189
69 176
110 116
66 69
102 177
21 82
6 135
21 181
116 117
93 117
69 117
94 135
110 170
42 135
6 66
117 173
83 117
82 173
135 181
120 145
6 126
163 191
169 196
173 191
141 170
69 126
93 145
6 170
42 142
68 163
58 173
182 191
6 69
174 189
117 182
41 181
42 77
177 193
83 133
102 163
157 193
69 93
80 196
141 163
68 140
88 141
68 117
68 170
82 133
135 141
94 189
68 176
189 192
117 191
163 173
124 189
117 124
66 193
42 120
173 177
68 124
110 191
176 191
68 145
68 191
120 192
169 174
66 169
170 173
21 80
68 93
169 193
176 182
6 177
21 135
69 157
93 176
88 94
93 170
120 173
77 94
69 193
145 174
80 169
6 124
145 192
69 82
126 157
135 196
92 110
110 192
69 124
124 135
94 140
68 135
82 110
68 173
182 189
82 136
6 93
83 135
92 170
189 191
92 192
68 142
6 163
69 169
117 189
82 157
88 120
68 193
77 170
141 192
6 110
182 192
124 191
120 135
93 94
117 193
92 124
163 181
69 110
93 120
94 126
140 157
68 126
110 189
141 142
142 173
94 170
58 120
92 93
169 182
110 120
93 192
124 182
120 142
21 177
88 157
141 173
6 157
82 117
94 173
42 173
157 170
117 169
82 169
135 177
169 191
116 120
80 193
93 135
6 192
117 136
69 174
81 120
174 193
157 163
120 182
133 158
135 174
66 83
94 192
145 191
21 173
69 141
117 145
120 189
69 177
82 181
135 189
145 176
117 120
126 141
92 126
66 126
94 124
68 120
124 141
68 157
82 120
117 174
124 176
77 187
92 117
80 182
124 174
77 102
83 182
116 136
81 142
117 141
69 163
6 68
82 141
116 182
41 182
6 94
42 181
126 191
19 77
80 173
191 192
82 193
69 94
135 192
94 110
140 141
68 110
69 120
88 140
66 157
81 135
93 191
117 176
69 182
82 158
88 117
77 173
42 81
21 193
145 189
77 135
6 54
6 18
6 52
6 195
6 160
6 111
6 129
6 71
6 149
6 184
6 9
6 35
6 113
6 60
6 86
6 55
6 73
6 150
6 194
6 128
6 10
6 70
6 13
6 48
6 112
18 19
19 86
66 148
66 195
52 66
66 149
35 66
66 194
53 66
48 66
54 66
55 66
66 86
48 68
68 87
13 68
9 68
68 149
68 194
68 111
68 85
68 72
68 86
53 68
68 185
68 95
68 160
68 129
68 113
68 150
68 89
60 68
69 149
69 184
53 69
69 111
69 166
69 86
69 95
69 150
69 185
60 69
69 129
56 69
33 69
13 69
69 72
9 69
48 69
69 160
69 87
69 113
69 85
18 69
73 77
55 80
80 130
54 80
80 104
80 194
35 80
52 80
80 149
80 195
56 82
82 113
82 130
54 82
55 82
82 194
82 149
70 82
82 86
35 82
11 82
51 82
52 82
48 82
82 148
82 195
33 82
82 89
82 184
83 194
83 128
56 88
88 148
59 88
88 195
92 129
92 113
53 92
93 129
93 113
53 93
94 121
102 160
102 111
86 102
71 102
102 149
102 113
70 102
9 102
73 102
110 195
56 110
52 110
110 152
30 110
55 110
53 110
70 110
60 110
116 152
70 116
24 116
117 152
117 128
78 117
48 117
70 117
120 195
48 120
120 131
70 120
120 152
56 120
53 124
124 150
48 124
89 124
124 129
113 124
95 124
126 149
126 194
60 126
126 184
111 126
13 126
113 126
48 126
9 126
126 129
133 194
4 135
135 139
125 135
74 135
121 135
113 135
78 135
17 135
50 135
135 166
135 148
95 135
135 195
135 171
76 135
135 160
135 190
87 135
72 135
135 183
135 150
135 143
28 135
135 162
135 184
75 135
56 135
135 137
128 135
16 135
85 135
44 135
129 135
135 149
135 146
96 135
40 135
70 136
136 152
129 140
9 140
113 140
111 140
60 140
140 194
13 140
140 150
78 141
48 141
141 160
56 141
141 148
141 184
141 149
113 141
95 141
141 195
78 142
87 142
72 142
48 142
129 145
145 150
53 145
113 145
111 157
87 157
150 157
60 157
54 157
9 157
157 195
56 157
52 157
113 157
157 185
17 157
70 157
129 157
10 157
55 157
112 157
35 157
53 157
48 157
157 194
158 194
163 194
163 185
48 163
111 163
129 163
55 163
73 163
86 163
95 163
113 163
163 195
149 163
13 163
70 163
71 163
160 163
52 163
35 163
54 163
9 163
112 163
10 163
169 194
52 169
30 169
149 169
54 169
128 169
55 169
169 195
53 169
11 169
73 170
125 173
53 173
143 173
146 173
87 173
74 173
50 173
75 173
35 173
148 173
78 173
48 173
128 174
60 176
129 176
150 176
53 176
53 177
54 177
55 177
154 177
35 177
177 195
148 177
48 177
52 177
149 177
25 177
137 177
177 194
52 182
128 182
182 195
17 182
55 182
87 182
113 189
129 189
53 189
150 189
129 191
56 191
184 191
33 191
86 191
53 191
13 191
127 191
150 191
35 191
95 191
48 191
160 191
9 191
111 191
175 191
60 191
18 191
113 191
185 191
129 192
150 192
113 192
53 192
193 195
149 193
13 193
52 193
35 193
4 193
17 193
55 193
185 193
56 193
54 193
128 193
48 193
193 194
129 193
148 193
11 193
30 193
160 193
60 193
35 196
17 196
56 196
52 196
128 196
4 196
194 196
53 196
18 196
30 196
55 196
11 196
110 194
86 157
191 194
