89 166
85 168
148 171
75 78
85 146
12 172
127 172
95 190
96 123
125 148
85 87
27 172
137 144
84 188
89 175
75 152
4 148
74 127
84 154
85 155
139 197
148 152
28 87
154 188
12 171
76 87
154 166
3 101
4 125
76 146
4 12
87 96
78 148
3 152
25 171
27 72
101 171
155 172
95 172
85 127
76 137
125 166
85 89
146 175
25 172
4 154
28 143
172 190
84 168
78 171
74 75
72 87
95 143
26 127
74 85
139 175
72 154
183 190
89 152
162 171
127 143
146 166
85 197
139 155
75 143
12 72
183 197
3 172
4 175
4 76
74 197
175 183
95 146
27 146
25 148
3 4
50 180
89 139
25 190
125 146
127 146
25 89
72 127
84 190
166 190
148 188
27 95
74 125
4 75
148 154
4 188
78 95
76 123
25 101
75 95
175 188
4 127
166 197
168 175
146 152
125 171
127 155
28 148
4 20
12 84
27 84
154 155
40 44
72 76
4 50
85 162
28 168
78 166
74 78
87 190
38 50
139 168
26 28
87 148
50 166
76 139
168 188
27 188
166 168
84 85
95 197
28 137
152 162
85 171
50 127
4 162
148 168
72 89
123 183
101 127
95 137
26 125
87 183
40 95
28 123
101 188
74 162
75 171
85 96
127 137
188 190
87 139
4 26
27 171
172 183
146 190
148 183
28 190
76 96
4 78
4 84
155 188
139 166
12 168
76 84
27 148
127 168
123 152
137 168
139 188
96 146
25 154
96 127
143 146
139 146
89 137
25 188
26 50
137 148
25 95
166 188
25 166
148 190
84 166
50 75
4 190
152 197
155 171
12 155
89 146
101 146
166 183
25 175
95 125
72 171
27 76
84 139
72 84
4 96
95 168
85 123
27 152
40 96
12 25
12 146
85 101
27 190
101 155
162 172
146 171
28 50
28 139
50 152
125 127
3 171
50 125
4 172
84 146
175 197
95 139
28 95
27 123
89 95
123 175
76 166
38 148
76 95
44 85
27 183
127 139
74 148
25 84
146 188
89 168
125 143
152 171
4 171
4 72
25 197
148 159
50 78
155 190
28 76
28 197
74 171
139 190
96 148
168 172
84 127
25 152
44 76
12 101
26 171
139 148
84 101
171 175
137 154
146 183
87 95
4 146
28 183
132 155
75 125
148 166
72 166
28 75
101 172
40 85
4 123
139 183
96 171
38 152
72 146
123 137
27 28
50 171
146 148
25 139
123 197
25 72
95 127
139 172
27 154
127 166
12 27
89 96
139 152
123 127
166 172
152 166
85 183
148 180
26 95
76 101
25 123
28 89
74 95
76 89
127 175
137 171
76 190
12 139
44 87
27 137
76 148
89 132
27 175
4 143
78 146
74 146
3 146
27 197
84 155
4 74
85 154
95 152
87 166
137 172
26 143
95 166
101 139
146 155
12 152
85 95
127 152
3 155
87 89
89 183
152 180
27 85
75 127
28 175
26 75
4 95
144 166
40 87
4 101
155 175
76 172
95 175
72 148
89 123
123 139
25 137
28 146
3 25
146 172
166 171
171 188
4 155
143 171
3 166
85 172
148 175
28 166
3 76
76 171
95 148
72 155
87 146
25 146
74 143
139 154
3 137
4 25
125 152
127 148
50 148
3 175
89 171
4 168
27 89
72 95
78 85
72 188
27 127
26 152
12 175
78 127
101 166
87 171
25 155
27 139
127 183
4 137
50 143
89 172
85 190
85 152
50 74
148 155
132 166
40 76
12 166
28 72
101 175
155 168
76 183
12 188
96 168
127 188
101 137
3 12
143 152
12 154
27 166
127 154
12 127
25 168
75 146
12 85
148 162
4 89
85 139
50 95
101 168
26 148
139 171
28 125
95 183
89 148
4 28
89 190
171 190
25 76
3 168
95 123
85 148
72 183
3 84
155 166
96 166
137 166
162 166
143 148
4 27
171 183
78 143
50 146
137 146
25 85
95 96
25 127
28 85
38 180
72 190
76 127
154 190
4 85
78 125
76 85
127 171
168 171
96 137
171 172
4 139
28 152
172 175
85 188
132 154
3 188
85 166
78 162
89 197
72 139
25 27
12 190
95 162
28 96
127 190
12 148
87 127
44 96
75 148
4 152
172 188
85 175
148 172
4 166
28 171
84 148
72 85
85 137
27 101
143 197
25 28
76 168
26 146
95 171
28 127
27 155
89 127
74 166
44 95
146 168
26 166
166 175
25 183
72 173
17 87
89 135
95 193
95 157
127 135
17 139
148 149
17 166
