100 106
104 109
62 64
34 153
0 98
59 131
98 186
104 130
43 63
105 131
134 138
7 98
62 97
59 97
39 97
43 98
0 45
61 107
105 106
57 59
49 109
97 107
107 108
104 122
59 61
43 167
107 130
61 63
7 167
15 103
67 186
47 90
97 130
134 167
65 121
62 104
64 107
22 178
34 108
99 134
61 100
43 134
45 97
99 108
97 108
167 186
153 178
118 178
43 178
103 104
23 153
121 178
39 134
57 121
39 57
31 108
61 131
90 106
57 99
67 100
64 98
31 138
34 103
0 59
39 109
34 65
100 109
98 109
34 59
7 34
63 65
109 122
31 79
32 134
47 104
63 130
106 161
57 130
108 131
109 130
23 106
57 100
62 131
64 121
65 109
108 153
64 134
59 106
39 106
31 153
37 118
98 100
59 64
43 138
39 64
31 167
106 109
32 167
57 161
0 100
43 49
32 115
37 178
45 59
106 178
23 99
8 115
57 109
34 121
138 161
32 105
0 130
59 99
39 99
31 134
43 100
99 131
63 105
61 105
43 131
79 138
39 121
65 178
43 122
99 105
32 37
97 105
100 121
59 63
23 45
43 153
34 39
31 61
134 165
31 97
0 153
100 165
64 109
34 106
49 130
138 178
14 90
61 98
64 138
100 131
39 118
15 90
97 98
62 90
115 167
34 62
106 121
34 131
79 167
103 106
97 167
31 64
122 153
67 165
61 167
97 153
39 59
122 131
108 134
0 7
90 104
57 97
64 100
65 106
115 134
43 104
59 178
98 107
104 106
64 167
79 134
34 57
45 131
161 186
47 106
98 153
90 115
57 106
65 99
7 97
62 98
59 108
39 100
43 97
63 98
31 161
131 153
106 107
57 167
8 178
104 134
107 167
165 167
31 122
65 100
43 64
32 107
14 47
104 178
64 104
134 186
32 65
63 107
100 134
34 178
57 63
45 100
99 107
32 39
61 65
23 47
79 178
31 63
107 134
122 178
34 134
61 178
63 178
8 22
108 122
97 134
31 99
107 178
122 134
32 98
61 134
62 108
59 122
100 167
34 104
108 167
7 109
57 64
32 62
105 121
7 130
34 167
79 161
15 104
122 167
8 134
32 131
67 167
14 23
39 130
31 104
49 167
32 121
90 118
65 104
34 99
121 130
61 121
62 121
59 105
64 131
39 105
65 130
43 106
99 153
100 105
97 121
98 105
104 108
59 79
57 186
32 43
8 167
67 134
130 153
106 131
0 97
57 134
104 167
57 104
49 59
65 97
37 104
34 122
49 178
7 99
43 99
63 108
61 108
105 107
100 153
109 178
45 105
43 121
8 37
32 34
99 100
107 109
104 121
39 90
49 64
7 45
59 153
107 131
130 138
43 186
62 63
39 43
107 153
0 23
97 131
31 100
65 122
32 109
62 107
100 186
64 106
31 130
105 108
57 61
45 98
99 109
32 57
97 109
32 178
31 57
106 122
57 122
39 62
31 109
45 167
98 131
115 121
32 100
134 153
109 138
64 97
105 186
32 90
34 64
100 108
98 108
34 165
14 106
67 131
106 134
57 153
8 31
15 106
63 131
43 57
57 131
105 153
31 106
49 165
108 130
37 138
109 131
23 107
62 130
22 79
34 97
7 100
59 107
39 107
22 161
43 108
100 107
63 97
62 65
59 65
39 65
106 108
153 167
0 99
59 130
131 186
104 131
43 62
105 130
45 153
121 167
165 186
31 121
32 104
65 153
49 138
61 106
64 178
0 167
45 103
37 90
59 165
97 106
118 134
37 43
61 62
98 178
39 178
23 131
8 121
98 134
37 134
62 105
59 121
64 108
34 109
43 90
49 131
98 121
61 99
90 138
100 130
32 59
59 186
97 99
45 122
31 59
107 122
130 131
34 130
103 107
31 65
37 62
98 167
106 167
122 130
61 130
57 98
62 153
64 99
65 107
34 100
62 122
39 108
43 105
22 37
63 122
97 100
98 106
104 105
153 186
167 178
22 134
65 167
99 122
22 31
14 104
31 32
63 64
79 90
63 167
108 109
7 59
109 121
37 39
8 138
43 59
57 107
64 122
65 108
121 134
59 109
22 167
65 134
63 99
90 134
59 67
34 186
115 178
49 105
153 165
103 153
97 178
34 45
49 67
63 138
23 98
49 63
57 108
43 65
32 106
90 103
62 100
0 131
59 98
15 47
39 98
99 130
32 64
63 104
61 104
43 130
99 104
59 167
97 104
100 122
59 62
22 138
23 167
131 165
67 153
130 134
108 121
31 90
14 15
47 103
63 153
106 186
39 61
62 178
32 97
34 107
61 97
109 167
23 79
57 65
65 138
32 61
90 178
105 122
7 131
31 178
34 63
57 178
31 37
14 103
7 153
98 165
32 130
104 153
39 131
63 134
15 23
31 105
121 153
39 153
109 134
65 105
34 98
121 131
61 122
64 130
65 131
43 107
100 104
22 59
63 100
97 122
98 104
104 107
23 34
31 34
90 167
106 130
45 130
122 161
130 178
32 153
43 61
61 153
23 103
8 79
57 105
62 134
65 98
105 167
62 99
64 153
100 178
109 153
103 167
37 115
108 178
63 109
98 99
61 109
23 59
31 43
43 165
34 43
49 65
0 103
59 134
161 178
62 167
105 134
130 167
32 118
134 161
43 67
32 108
62 106
59 100
23 90
64 105
31 131
105 178
0 34
63 106
98 122
105 109
59 90
57 62
39 122
45 99
99 106
61 64
49 122
131 167
31 62
107 121
45 49
39 63
31 98
98 130
115 118
99 167
32 99
62 109
67 98
134 178
34 105
39 115
37 79
34 67
32 63
63 121
131 134
34 61
99 121
31 39
122 186
8 161
39 167
106 153
0 107
131 178
37 161
64 65
31 107
32 122
23 104
121 122
99 178
59 104
39 104
43 109
0 158
0 170
0 73
0 102
0 94
0 80
0 77
0 41
7 120
7 173
7 170
7 94
7 88
7 135
7 141
7 117
8 120
8 188
8 152
8 117
8 136
8 70
8 110
8 116
8 10
14 80
15 80
15 77
10 22
22 110
22 188
23 173
23 170
23 42
23 135
23 80
23 102
23 41
23 77
19 23
23 181
23 73
31 110
30 31
10 31
31 60
31 188
32 133
34 77
34 169
34 73
34 170
34 102
34 94
37 133
10 37
37 188
39 133
43 170
41 45
45 158
45 170
45 94
45 182
45 80
47 80
49 52
49 113
49 80
49 157
49 55
41 49
49 110
49 195
17 49
49 182
49 87
57 187
59 173
48 59
59 71
59 92
59 145
59 150
9 59
59 140
59 120
59 94
59 189
59 113
59 87
59 77
51 59
59 135
52 59
59 192
59 80
59 191
59 149
59 170
59 128
13 59
59 110
59 68
59 163
59 194
59 93
59 124
59 82
59 141
59 117
19 59
59 182
54 59
56 59
55 59
59 60
30 59
59 196
6 59
59 126
59 193
53 59
59 157
59 129
59 111
59 69
59 160
17 59
59 195
35 59
18 59
11 59
16 61
63 169
64 169
64 135
65 181
65 135
65 169
67 170
67 182
19 79
38 79
77 79
79 94
79 188
10 79
79 180
90 133
90 94
77 90
21 97
82 97
97 177
97 196
97 169
80 97
97 193
97 181
42 97
94 97
97 173
97 135
97 170
97 163
98 142
42 98
94 98
98 181
98 120
80 98
98 173
98 135
87 98
77 98
98 177
69 98
81 98
98 169
82 98
68 98
21 98
58 98
98 193
98 170
98 196
72 98
98 117
98 163
21 99
99 169
82 99
99 177
58 99
99 173
99 135
99 181
42 99
94 99
99 163
77 99
80 99
99 196
99 170
99 193
100 169
100 193
80 100
100 196
100 177
82 100
94 100
21 100
100 163
100 170
100 173
42 100
100 135
100 181
103 170
103 158
77 103
73 103
41 103
102 103
80 103
104 181
104 196
82 104
104 163
104 193
21 104
104 169
104 177
42 104
104 135
104 173
41 105
105 182
105 110
60 105
30 105
80 105
105 187
106 187
107 163
77 107
80 107
107 145
107 110
42 107
94 107
107 169
107 196
107 189
107 193
69 107
107 191
92 107
82 107
107 173
107 177
21 107
73 107
93 107
107 135
102 107
107 124
68 107
107 181
107 170
6 107
107 192
108 176
68 108
82 108
108 169
109 170
109 142
109 135
72 109
69 109
109 173
68 109
87 109
109 169
94 109
109 181
115 120
115 117
115 136
70 115
115 133
110 115
115 152
38 115
115 116
115 180
118 133
118 119
70 121
42 121
93 121
121 136
121 145
81 121
117 121
58 121
110 121
121 142
116 121
69 121
121 152
121 191
121 124
68 121
121 170
121 189
92 121
120 121
121 192
6 121
122 182
80 122
41 122
60 122
122 187
110 122
30 122
130 170
130 196
130 157
42 130
130 163
55 130
130 181
130 135
130 173
87 130
21 130
130 182
52 130
94 130
17 130
130 177
130 169
130 195
130 193
17 131
131 169
93 131
52 131
6 131
94 131
131 189
131 177
131 182
92 131
131 191
131 135
69 131
131 173
131 192
131 140
117 131
131 181
131 157
131 163
55 131
131 145
82 131
131 196
88 131
42 131
131 170
131 193
131 141
80 131
87 131
21 131
124 131
68 131
110 131
134 158
83 134
133 134
134 170
66 134
10 134
134 194
134 188
82 134
94 134
10 138
138 188
153 169
73 153
102 153
153 170
77 153
94 153
135 161
10 161
58 161
42 161
161 187
161 188
48 161
165 182
165 170
6 167
94 167
167 189
124 167
152 167
120 167
167 191
68 167
141 167
136 167
116 167
167 170
93 167
167 192
53 167
77 167
73 167
157 167
92 167
167 169
69 167
145 167
117 167
110 167
102 167
167 193
19 167
135 167
70 167
82 167
133 178
77 178
10 178
116 178
178 188
178 182
94 178
186 187
170 186
