31 856
252 1313
475 1951
482 2044
251 558
252 951
385 1224
556 1311
1792 1796
252 1543
1355 1746
573 1913
256 463
816 1889
856 2082
89 228
989 1353
510 1801
256 749
1826 1889
558 1318
152 942
709 858
684 981
80 107
123 370
213 252
1536 2059
177 836
31 1889
1232 1424
371 839
393 873
674 919
125 759
533 1616
370 991
1184 1737
294 561
1205 1865
119 1870
16 1615
602 1543
536 586
371 991
213 886
551 1714
1205 1968
371 1619
482 1809
231 393
1086 1536
2044 2096
556 1542
463 2044
2096 2109
1102 1720
1148 1205
304 1792
1774 1792
123 991
304 446
533 547
1839 1889
1381 1536
856 1889
410 1424
836 1503
393 819
252 1912
1099 1543
71 366
475 1889
1449 1921
1511 2009
213 446
802 1174
1534 1546
631 711
931 1849
213 1429
638 1813
370 1969
252 1792
89 482
535 711
697 2044
80 1681
385 1205
463 749
1507 1675
449 1351
1311 1726
986 1126
1809 1985
747 1783
475 1105
290 1516
290 1945
951 1615
371 2096
371 1809
802 1849
799 1931
1424 1931
1126 1762
31 1557
113 1077
991 1748
428 2044
1294 1751
269 406
396 943
290 1737
200 391
393 475
428 1311
1459 1849
119 1391
252 1376
304 1546
1536 1744
1126 1272
228 290
409 533
125 304
371 1990
556 2044
119 1849
169 995
545 1391
759 1895
152 393
567 1969
674 991
1298 1870
148 715
169 1835
791 2073
845 1302
294 370
797 1535
125 1205
816 2082
1355 1443
1327 1737
1508 1954
16 294
269 385
561 1311
354 1531
123 1656
213 2038
535 1302
1327 1889
1086 2059
123 697
31 1839
1720 1920
839 1954
711 1027
109 1122
1516 1708
6 304
218 759
463 732
107 213
1737 1839
1327 1355
378 1849
759 1503
903 986
698 1675
294 1809
70 1092
730 1934
1536 1870
265 1783
551 1085
385 1439
991 2012
63 907
445 913
611 1737
123 2044
981 1536
52 1889
535 1027
228 1780
370 463
904 1921
1144 1516
1164 1239
1205 1774
89 1726
769 1902
1557 1737
1184 1889
1353 1791
252 1164
1444 1931
2 1302
533 1355
523 531
244 2082
1588 1726
198 2082
917 1164
1126 1700
89 1311
1334 1969
463 697
1792 1811
824 911
556 592
304 1811
802 986
667 2094
1728 1748
463 991
1726 2012
125 1164
1398 2109
643 1543
22 31
856 1737
1503 1733
819 1889
9 1589
31 942
802 981
1302 1737
216 1748
370 697
1164 1792
294 1291
31 204
1746 1951
125 648
195 1846
294 1726
1669 1969
1165 1737
304 1534
304 1027
152 1889
725 1720
592 1503
1799 1889
1656 1809
558 690
82 1018
24 533
304 2001
396 1102
1381 1945
515 2082
482 1311
89 556
535 1865
370 2096
371 1808
1126 1921
304 759
1311 1809
839 1508
586 635
428 482
995 1931
1186 1228
1746 1889
72 1291
370 556
1748 2072
981 1148
213 1897
611 711
475 2082
700 1355
203 1381
793 1945
510 1314
759 1897
886 1811
203 2049
482 697
709 731
1579 1849
406 1849
1811 1968
31 1105
290 845
1589 1733
1558 2009
366 1546
1327 2082
674 1302
1086 1381
684 1443
428 463
412 638
1546 1811
370 1232
1205 1823
1099 2034
290 667
551 1954
294 371
393 1889
231 475
213 759
393 856
768 956
523 585
125 1543
0 697
89 463
475 515
545 1400
556 1809
123 482
269 981
16 711
1355 2082
1589 1744
228 852
709 1783
1543 1897
964 1351
1726 1809
228 1449
1835 1931
586 839
981 2070
187 240
294 611
1557 1951
371 1311
393 1327
16 535
533 611
533 1737
1447 2096
1912 2082
385 1744
304 535
366 1792
1174 1707
1543 1685
1184 2044
1660 1951
10 865
119 1126
768 1832
177 622
917 1811
611 1302
393 1224
463 1311
531 1381
381 631
1799 1951
385 1536
411 2044
396 1205
1432 2044
385 449
1616 1737
216 1414
385 2096
148 1072
1839 2082
986 1302
1355 1660
1847 2082
1037 1902
573 1823
358 1122
556 924
629 1197
1164 1811
393 1355
213 304
917 1543
225 675
873 1889
1376 1966
1117 1535
1197 1744
759 1685
1275 1969
304 1320
444 1558
446 648
1685 1764
844 1745
371 1216
31 198
770 1224
556 697
836 1744
31 1698
252 759
93 1589
904 1095
1443 1945
1536 1849
1931 1980
393 1737
343 463
515 1355
1013 1224
304 1205
428 1809
113 1870
89 697
370 482
370 1656
989 1613
716 1744
231 2082
123 1966
1105 1355
556 1267
1770 1849
63 187
213 1681
1184 2082
978 1386
558 1355
125 1792
1126 1809
1737 1799
1228 1954
638 1615
1327 1443
708 759
52 1737
1340 1516
873 2082
1105 1889
81 216
1259 1870
638 964
505 1224
802 1870
310 510
354 2096
1381 1930
1090 2044
887 1355
759 1792
63 611
106 2077
410 1232
445 1775
252 1205
1355 1463
1543 1796
366 1205
556 1353
228 768
216 445
89 991
998 1954
1557 2082
1238 1298
586 1366
839 1751
328 1443
725 865
52 1355
124 1813
290 611
667 1381
244 911
449 1313
836 1355
697 991
1355 2103
240 1934
1086 1945
574 1542
370 1431
1498 1557
52 1443
585 815
449 1862
911 1998
187 907
1536 1945
1822 1954
1660 1737
1447 2109
1823 1855
463 721
31 1746
385 943
385 1298
16 2009
1872 1945
131 911
661 836
370 2044
228 482
844 1090
643 1027
109 2072
943 1205
1313 1809
1165 1889
294 991
370 475
759 1320
1205 1897
586 1601
1355 1951
1443 1889
861 1302
294 697
819 1355
195 1902
1232 1931
684 852
1126 2073
1454 1870
25 213
446 1543
1355 1799
697 1311
1291 1954
759 797
986 1285
371 1739
31 1737
1302 2094
887 1889
290 324
1536 2096
791 1057
824 1503
1503 1768
1339 1870
873 1737
31 556
294 428
152 1355
22 1951
730 1748
510 738
252 602
1510 1870
924 1963
216 913
1737 2082
759 1774
6 535
943 1865
446 1811
586 674
1416 1721
218 1205
919 1745
1496 1744
1376 1543
213 1534
661 1503
216 1736
218 1792
1302 1708
294 1311
31 279
1205 2096
446 1164
1737 1889
697 2096
393 1839
1648 1726
1311 2096
31 816
251 1197
294 1302
89 317
1105 1737
463 1889
410 799
589 1353
515 1889
495 1291
586 1687
711 1302
715 1850
1351 1372
411 556
482 1291
100 2096
1443 1746
1951 2082
1849 1865
252 1796
711 1728
0 463
1291 2044
393 816
1543 1968
1503 1589
1912 1920
721 932
1443 2082
1184 1355
9 1503
942 2082
385 711
125 252
52 393
1560 1783
1302 1340
1381 1443
393 1165
1205 1849
1589 1768
981 1823
410 1835
436 721
225 2068
251 1318
1285 1849
28 1197
89 1449
586 831
1531 2096
31 475
1443 1737
1122 2072
225 510
252 1809
586 1675
1685 1792
1398 2070
631 1192
1174 1536
667 1536
356 1958
1150 1589
1849 2099
556 991
6 1314
759 1205
556 1726
759 1535
1381 1744
545 1616
444 1737
123 294
396 1912
951 1792
294 667
791 1126
428 1449
269 396
1291 1311
586 2011
991 2044
393 1184
1823 2096
1105 2082
1355 2034
385 1174
1018 1313
279 1355
16 290
31 1660
290 294
510 1466
684 768
304 951
887 1737
1224 1849
1376 1792
89 1809
228 1945
123 1311
1674 2044
199 1954
228 585
637 755
1165 1443
1737 1826
393 1823
1318 1744
697 1291
1435 1589
1239 1879
148 1353
1165 1355
1912 1969
294 385
887 1168
31 873
25 256
1381 1780
371 556
410 1444
410 1809
396 2096
465 697
123 706
1355 1571
70 533
674 1687
533 1599
16 2001
463 1291
586 1205
771 1744
1164 1897
31 231
1232 1602
1126 1283
410 1931
1205 1546
213 951
943 1536
252 1685
585 1872
1184 1443
370 1291
31 1799
213 1205
24 784
1728 2072
216 674
991 1291
816 1951
986 1536
991 2096
1792 1897
1302 2009
637 1353
362 1849
556 1783
956 1351
819 1737
592 1535
510 2020
533 1511
709 1060
1122 1748
556 709
409 545
385 1398
385 1849
886 1543
22 1355
304 1774
981 1905
711 1748
290 1340
385 1197
279 1737
354 356
1675 1727
119 1536
644 1503
152 1737
482 956
981 1205
31 819
1355 1826
218 252
1164 1796
370 1811
231 1737
558 638
358 1748
294 556
725 1912
463 1809
304 886
218 1811
1291 1990
477 1126
16 1737
16 611
449 2096
31 515
32 510
1535 1589
1534 1543
386 573
1291 1809
169 1985
482 991
1351 1516
123 428
1435 1535
791 1117
711 1616
1232 1555
449 1823
465 847
1353 2050
304 917
138 852
31 1571
231 1355
533 711
661 787
1237 1849
510 2081
463 482
240 385
370 371
352 1311
371 950
10 1334
697 1726
42 721
385 396
393 2096
123 1809
1826 2082
1311 2044
198 1737
991 1809
463 1574
1534 1811
400 1432
1126 1924
585 1443
1232 1980
371 2044
721 1980
463 1726
410 995
754 1958
152 1580
371 586
721 1424
836 2004
228 718
72 748
393 2082
602 1792
24 260
1737 1951
1086 2029
904 2099
951 1205
225 1350
986 1849
1889 1951
1443 1839
865 1720
22 2082
269 2096
396 740
1099 1889
224 995
1205 1811
1318 1496
81 200
1667 1945
674 1675
385 1737
1313 1610
463 2096
370 428
446 759
24 385
991 1726
303 1197
96 1165
1353 2044
887 1443
31 152
31 1826
393 942
887 1951
396 1536
903 1849
371 697
428 1726
450 510
90 450
1126 1302
370 1311
1823 1849
1205 1543
943 1823
991 1311
393 1799
1945 2059
213 218
556 1432
684 1381
549 1536
1164 1205
816 1737
771 1589
165 366
294 535
942 1737
523 1945
213 1811
82 558
148 450
759 951
218 304
1811 1897
1809 2044
89 1439
198 1355
1324 1849
203 1443
1571 1951
371 482
556 1535
31 2082
428 716
1355 1744
231 1443
1220 1746
393 1148
1027 1737
556 2096
290 2094
89 2096
816 1355
475 1327
1102 1912
668 981
839 1707
213 1543
198 1889
1355 1737
159 986
225 775
393 1746
1577 2034
1381 1516
304 1164
119 2096
1764 1796
1205 1534
70 1197
428 2096
585 1381
1038 1232
1286 1503
627 1902
260 2096
1126 1624
265 709
187 1934
866 1353
428 697
586 1849
732 1219
509 887
290 1708
924 1432
1773 2070
836 858
428 991
768 1381
123 1726
981 2096
736 1224
1197 2102
31 393
1340 1737
224 1931
294 2009
482 556
887 1530
446 1205
252 1577
444 711
1632 2044
224 1905
67 1823
218 1164
445 1736
228 1381
393 1557
152 2082
887 2067
1381 2029
556 1634
396 1275
294 711
194 510
358 1205
697 960
515 1737
1431 1742
706 1809
917 1205
393 1865
16 1302
1543 1811
1726 2044
1865 2096
252 304
819 2082
82 1372
31 52
366 1416
1174 1205
436 1232
759 1796
1526 1954
1205 1792
815 1945
70 1857
252 1811
269 1536
515 1443
697 1809
187 1391
294 2044
1531 1958
839 1828
995 1424
904 1126
370 1726
200 1707
123 2096
942 1889
31 887
370 1069
228 1542
1660 1889
1302 1945
1757 1897
446 951
16 444
858 1503
195 1823
38 1849
1536 1823
759 1164
462 1224
290 1381
89 370
1126 1849
279 1889
802 943
294 2096
759 1811
1013 2004
1421 1902
463 1219
195 1630
68 510
585 1978
1064 1945
381 711
393 1571
669 1184
6 16
482 1351
986 1102
213 1792
667 1516
981 1865
1726 2096
159 1849
220 1849
482 1449
1571 1737
119 986
376 1335
16 684
393 515
798 1912
1571 1889
279 393
602 1994
759 1543
388 1744
80 2038
475 1443
1197 1536
1291 2096
385 611
981 1174
482 1726
89 428
290 1302
978 2099
393 887
866 1696
1791 1815
1687 2028
213 1105
89 294
1122 1728
986 1459
1117 1542
697 1099
244 1013
393 1849
1958 2096
463 1649
942 1355
376 2077
697 1543
1302 1870
358 2072
1302 1849
697 2091
393 1826
428 556
1018 1372
24 138
463 556
1355 1839
252 1897
700 802
556 1291
28 428
31 1355
1826 1906
1126 1212
873 1443
31 1165
1954 2077
252 446
1634 2044
370 1809
1376 1994
396 1840
31 1443
163 913
533 1368
1164 1685
304 1968
446 1792
269 1849
585 1302
1641 1801
933 1102
1737 2040
195 318
911 1569
981 2034
527 1165
290 585
718 1381
393 1660
294 463
1424 1835
371 463
1849 1870
24 531
385 393
856 1355
1278 1849
147 371
1746 2082
304 919
876 1823
58 551
611 913
231 1889
1002 1994
1355 1557
611 2009
709 747
123 463
31 1327
463 1715
761 1809
279 2082
1783 2044
203 290
886 1205
1799 2082
428 622
574 1535
907 1934
229 475
1737 1746
839 1174
31 1535
511 907
1102 1969
188 510
708 1320
1424 1444
31 592
1660 2082
709 2044
198 393
1849 2096
1164 1543
556 1132
1355 1889
644 1589
393 1293
1165 2082
1543 1792
574 797
269 393
213 1164
294 482
22 231
1809 1966
16 913
1086 1744
951 1164
556 759
304 1543
148 866
81 1707
1126 1854
475 1737
844 2044
294 1737
203 1302
1286 1589
224 1424
1809 2096
358 730
31 1951
951 1811
1571 2082
1557 1889
924 2044
711 2009
80 334
721 1232
986 1278
819 1443
1535 1879
556 1589
981 1849
224 721
119 981
873 1355
748 1687
225 310
52 2082
393 981
123 556
332 1840
279 1165
586 936
1298 1536
1809 2082
475 1355
1889 2082
228 1930
1013 1640
1535 2102
1543 1546
1813 2001
951 1543
385 981
978 2096
152 1443
393 1951
1422 2077
393 1443
887 2082
6 2021
6 789
16 988
24 1000
31 233
31 1005
31 618
31 1618
31 1495
31 1967
31 733
31 763
31 2015
52 618
70 1352
23 70
100 848
113 882
119 1927
119 604
79 119
123 1070
152 618
163 1888
187 1595
187 247
195 1171
198 618
213 1477
213 1706
103 213
79 224
228 471
231 618
244 1760
252 1273
252 512
252 1856
252 2046
252 1848
252 1023
164 252
241 252
252 1290
252 1252
252 361
252 1753
252 2027
269 1377
269 276
79 269
279 618
290 1866
290 1030
294 1030
294 707
304 1524
304 1030
304 2021
343 1399
352 1030
358 1006
358 1377
79 358
366 1819
370 1024
370 739
370 2005
168 370
370 1578
370 879
370 1375
370 1777
385 1030
385 1006
276 385
178 385
385 1289
385 1377
79 385
385 447
385 1005
385 481
222 385
385 1255
296 385
23 385
385 1578
164 385
79 393
393 1377
393 618
393 794
396 1565
79 396
396 1891
166 396
409 1927
410 1290
164 410
428 1559
428 1565
428 967
23 428
445 1030
449 849
449 976
57 449
463 1907
433 463
245 463
463 663
463 542
226 463
463 984
463 1943
463 485
463 1517
463 1706
463 714
463 1225
305 463
463 1821
208 463
401 463
463 1856
463 1011
463 1300
154 463
475 583
475 1487
475 618
475 1024
482 656
510 789
515 618
533 1030
23 533
535 1659
535 1653
535 1030
556 1818
23 556
556 609
556 2079
556 763
556 2015
202 556
556 1005
556 1495
556 2055
558 1433
484 558
558 1661
558 1779
309 573
57 586
37 586
79 586
586 1006
592 1967
164 592
592 1495
592 2015
611 1030
611 1524
481 611
631 1600
246 631
667 1005
669 1362
684 1290
471 684
684 988
684 1495
697 971
178 697
618 697
646 697
697 860
697 1891
342 697
697 1653
241 697
697 1359
697 882
613 697
697 2092
222 697
608 697
697 1227
697 1807
604 697
697 1430
697 1191
697 862
700 1618
295 711
79 711
711 1030
707 711
711 1253
711 1128
711 1121
305 721
401 721
721 1109
721 1943
296 754
768 1848
471 768
746 768
791 1848
48 802
608 802
57 802
8 802
815 1665
618 816
618 819
293 836
494 836
241 839
839 1289
839 1807
636 844
852 896
471 852
618 856
618 873
618 887
904 1377
247 907
583 911
913 1030
538 933
618 942
943 1377
276 943
943 1289
57 943
956 1582
981 1430
189 981
981 1668
435 981
79 981
794 981
981 1377
981 1901
981 1289
276 981
981 1718
57 981
986 1346
986 1289
276 986
277 1027
528 1027
407 1027
879 1086
1086 1760
222 1086
1086 2071
636 1090
1099 1576
1099 2071
79 1099
1102 1679
618 1105
746 1126
1126 1760
154 1126
1126 1848
1126 1622
1126 1289
1126 1300
276 1148
79 1148
1164 1767
17 1164
197 1164
618 1165
57 1174
1174 1377
189 1174
1184 1961
618 1184
1184 1754
988 1197
23 1197
133 1197
1197 1488
1197 2090
57 1205
1154 1205
1205 1718
1205 1901
435 1205
955 1205
1205 1785
1006 1205
79 1205
1205 1289
226 1219
1219 1225
1005 1224
1232 1578
1267 1354
1298 1488
178 1298
1030 1302
707 1302
746 1302
1030 1311
976 1313
1023 1313
618 1327
293 1355
79 1355
53 1355
1355 1719
618 1355
753 1355
1355 1484
1121 1355
1355 1448
860 1355
1355 1369
1355 1824
1355 1600
15 1355
246 1355
985 1355
357 1355
1355 1754
967 1355
695 1355
945 1355
746 1355
1355 1661
309 1355
282 1355
1257 1355
946 1355
1355 1957
686 1355
1355 1603
1061 1355
1355 1935
23 1355
1355 1464
471 1381
1381 1760
604 1391
1124 1424
1310 1432
618 1443
1449 1939
817 1463
608 1508
241 1508
860 1516
1005 1516
1009 1535
164 1535
1495 1535
609 1535
23 1535
1481 1535
1535 2015
329 1535
95 1535
1535 2079
1535 1967
1206 1535
164 1536
1289 1536
1377 1536
57 1536
1536 2071
849 1536
568 1536
1536 1665
879 1536
189 1536
222 1536
79 1536
1517 1543
776 1543
1300 1543
646 1543
734 1543
1543 2093
178 1543
800 1543
1322 1543
1040 1543
672 1543
103 1543
420 1543
333 1543
1477 1543
613 1543
1543 1712
572 1543
1221 1543
273 1543
1543 1665
1133 1543
1543 1653
618 1557
618 1571
1290 1577
609 1589
1589 1967
1005 1589
250 1589
1110 1589
1616 1927
618 1660
1377 1707
1289 1707
618 1737
1659 1744
245 1744
1744 1935
746 1744
1744 2071
1744 1754
1744 1824
1744 1888
23 1744
618 1746
1030 1748
1474 1792
1792 2019
618 1799
1809 2027
864 1809
1023 1809
5 1809
196 1809
1541 1809
1567 1809
1290 1809
1622 1809
1809 1848
1585 1809
1760 1809
284 1809
1412 1809
512 1809
1670 1809
1578 1811
1030 1813
872 1823
1823 1907
79 1823
1377 1823
276 1823
618 1826
618 1839
1377 1849
1289 1849
849 1849
613 1849
342 1849
79 1849
276 1849
1848 1849
435 1849
746 1849
976 1862
196 1865
1653 1865
79 1865
1532 1865
276 1865
613 1870
342 1870
1289 1870
1276 1870
694 1889
663 1889
305 1889
208 1889
1030 1889
392 1889
1889 1986
912 1889
186 1889
154 1889
984 1889
1889 1941
1889 2071
618 1889
1889 1976
30 1889
714 1889
280 1889
273 1889
1889 2006
859 1889
384 1889
1493 1889
1902 1907
1760 1912
207 1912
164 1912
1848 1912
1912 2046
835 1912
1595 1934
618 1951
241 1954
1807 1954
447 1958
1539 1963
1697 1969
1806 1969
707 2009
1030 2009
555 2029
849 2034
474 2034
1559 2044
241 2044
1475 2044
1484 2044
1143 2044
361 2044
1935 2044
1900 2044
1659 2044
967 2044
1121 2044
2059 2071
935 2067
1430 2070
37 2072
1807 2072
1949 2081
1273 2082
164 2082
618 2082
2027 2082
1567 2082
1622 2082
1848 2082
864 2082
1760 2082
1592 2096
1377 2096
276 2096
1280 2096
79 2096
1901 2096
854 2096
1006 2096
1289 2096
849 2096
316 2096
1996 2099
