463 0
697 0
14 1
1302 2
1387 3
626 4
2006 4
2024 4
164 5
1070 5
1264 5
1412 5
1567 5
1622 5
1760 5
1809 5
1848 5
16 6
304 6
535 6
789 6
1314 6
1544 6
2021 6
1080 7
79 8
802 8
1290 8
1303 8
1412 8
1462 8
1618 8
1622 8
1760 8
1503 9
1589 9
865 10
1334 10
1433 11
17 12
1175 12
2031 12
2088 12
311 13
953 14
1098 14
1135 14
1795 14
1909 14
1061 15
1355 15
1369 15
1539 15
1594 15
281 16
290 16
294 16
444 16
535 16
611 16
684 16
711 16
913 16
988 16
1302 16
1615 16
1737 16
2001 16
2009 16
37 17
51 17
86 17
161 17
178 17
197 17
215 17
217 17
299 17
312 17
342 17
395 17
413 17
419 17
432 17
456 17
470 17
553 17
582 17
604 17
613 17
618 17
653 17
655 17
687 17
704 17
804 17
857 17
863 17
894 17
899 17
922 17
1015 17
1021 17
1026 17
1039 17
1053 17
1089 17
1159 17
1164 17
1167 17
1175 17
1231 17
1233 17
1268 17
1284 17
1385 17
1406 17
1420 17
1430 17
1472 17
1506 17
1570 17
1591 17
1638 17
1645 17
1654 17
1665 17
1676 17
1743 17
1759 17
1807 17
1814 17
1820 17
1874 17
1876 17
1962 17
2017 17
2023 17
2031 17
2076 17
2088 17
2107 17
77 18
688 18
840 18
890 18
1509 18
1647 18
688 19
1427 20
154 21
1402 21
31 22
231 22
1355 22
1951 22
2082 22
70 23
141 23
245 23
246 23
282 23
330 23
375 23
385 23
428 23
533 23
534 23
556 23
695 23
746 23
946 23
988 23
1118 23
1197 23
1355 23
1475 23
1495 23
1535 23
1659 23
1744 23
1747 23
1957 23
138 24
260 24
385 24
531 24
533 24
784 24
1000 24
213 25
256 25
1248 26
702 27
966 27
428 28
1197 28
311 29
1252 29
103 30
171 30
186 30
208 30
273 30
280 30
305 30
401 30
407 30
433 30
542 30
663 30
859 30
935 30
976 30
1011 30
1023 30
1107 30
1109 30
1120 30
1244 30
1317 30
1399 30
1494 30
1517 30
1519 30
1576 30
1611 30
1706 30
1803 30
1806 30
1856 30
1889 30
1907 30
2006 30
2008 30
2069 30
52 31
152 31
198 31
204 31
231 31
233 31
279 31
393 31
475 31
515 31
556 31
592 31
618 31
733 31
763 31
816 31
819 31
856 31
873 31
887 31
895 31
942 31
1005 31
1105 31
1165 31
1327 31
1355 31
1443 31
1495 31
1535 31
1557 31
1571 31
1618 31
1660 31
1698 31
1737 31
1746 31
1799 31
1826 31
1839 31
1889 31
1951 31
1967 31
2015 31
2082 31
510 32
1553 33
1153 34
522 35
1732 35
779 36
79 37
178 37
273 37
539 37
586 37
608 37
618 37
651 37
719 37
805 37
841 37
850 37
912 37
944 37
1250 37
1359 37
1396 37
1430 37
1653 37
1807 37
1916 37
1975 37
2072 37
2092 37
2093 37
1849 38
491 39
593 39
841 39
1040 39
1166 39
1214 39
1157 40
1471 41
721 42
488 43
714 43
55 44
254 44
762 44
827 44
1518 44
483 45
264 46
616 46
647 46
895 46
1218 46
1263 46
613 47
53 48
79 48
134 48
476 48
746 48
802 48
1121 48
1484 48
1583 48
1618 48
1888 48
86 49
108 49
142 49
191 49
223 49
270 49
276 49
301 49
323 49
335 49
342 49
360 49
394 49
395 49
413 49
419 49
423 49
496 49
522 49
539 49
593 49
623 49
633 49
640 49
651 49
655 49
688 49
707 49
713 49
825 49
830 49
864 49
899 49
934 49
958 49
997 49
1021 49
1022 49
1026 49
1033 49
1039 49
1040 49
1053 49
1073 49
1089 49
1138 49
1166 49
1169 49
1182 49
1195 49
1229 49
1287 49
1300 49
1323 49
1375 49
1378 49
1472 49
1475 49
1499 49
1539 49
1570 49
1604 49
1635 49
1639 49
1645 49
1676 49
1689 49
1729 49
1756 49
1825 49
1876 49
1940 49
2007 49
2015 49
2025 49
2047 49
2052 49
2080 49
2088 49
1436 50
217 51
419 51
604 51
618 51
1026 51
1175 51
1403 51
1665 51
1807 51
1825 51
1979 51
2031 51
393 52
618 52
1355 52
1443 52
1737 52
1889 52
2082 52
293 53
476 53
636 53
825 53
1044 53
1048 53
1061 53
1118 53
1121 53
1189 53
1355 53
1484 53
1559 53
1779 53
1888 53
1642 54
137 55
305 55
377 55
422 55
471 55
494 55
609 55
739 55
750 55
984 55
1030 55
1296 55
1377 55
1399 55
1567 55
1686 55
1777 55
1807 55
227 56
293 56
407 56
546 56
746 56
945 56
967 56
988 56
1448 56
1592 56
1670 56
1779 56
1888 56
1949 56
2006 56
79 57
357 57
449 57
488 57
503 57
512 57
528 57
586 57
802 57
841 57
940 57
943 57
949 57
955 57
981 57
987 57
1154 57
1174 57
1205 57
1289 57
1377 57
1448 57
1536 57
1877 57
1901 57
2026 57
551 58
291 59
1214 59
864 60
1587 61
1800 61
154 62
714 62
1011 62
1976 62
187 63
611 63
907 63
827 64
1023 64
1114 64
1137 64
1722 64
522 65
1837 65
1200 66
1823 67
510 68
1758 69
533 70
1092 70
1197 70
1352 70
1857 70
366 71
748 72
1291 72
407 73
205 74
408 74
440 74
901 74
969 74
1005 74
1035 74
1045 74
1183 74
1617 74
1788 74
167 75
733 75
938 75
1068 75
1121 75
1501 75
1795 75
1909 75
1957 75
746 76
890 77
276 78
119 79
224 79
246 79
269 79
276 79
358 79
385 79
393 79
396 79
435 79
449 79
586 79
608 79
617 79
652 79
711 79
720 79
805 79
848 79
849 79
896 79
912 79
981 79
1006 79
1099 79
1148 79
1205 79
1289 79
1355 79
1383 79
1418 79
1438 79
1536 79
1622 79
1772 79
1785 79
1819 79
1823 79
1849 79
1865 79
1901 79
2095 79
2096 79
107 80
334 80
1681 80
2038 80
200 81
216 81
1707 81
558 82
1018 82
1372 82
1005 83
1470 83
820 84
1518 84
2089 84
278 85
1325 85
184 86
217 86
604 86
618 86
1026 86
1175 86
1403 86
1665 86
1807 86
1825 86
1979 86
2031 86
2107 86
702 87
928 87
966 87
1658 87
1403 88
228 89
294 89
317 89
370 89
428 89
463 89
482 89
556 89
697 89
991 89
1311 89
1439 89
1449 89
1726 89
1809 89
2096 89
450 90
373 91
367 92
569 92
649 92
774 92
981 92
1032 92
1177 92
1536 92
1589 93
185 94
258 94
341 94
350 94
501 94
599 94
653 94
929 94
941 94
966 94
1097 94
1194 94
1202 94
1450 94
1538 94
1598 94
1842 94
763 95
1535 95
1165 96
140 97
291 97
494 97
1961 97
154 98
401 98
494 99
1468 99
848 100
2096 100
938 101
946 101
1485 101
1512 101
223 102
2007 102
213 103
1300 103
1543 103
1856 103
985 104
1382 104
285 105
421 105
2077 106
213 107
276 108
342 108
707 108
825 108
1033 108
1195 108
1300 108
1375 108
1475 108
1499 108
1639 108
2007 108
2015 108
1122 109
2072 109
1672 110
461 111
472 111
929 111
1693 112
882 113
1077 113
1870 113
246 114
1128 114
1253 114
618 115
1120 116
2071 116
1217 117
1672 117
739 118
1848 118
604 119
981 119
986 119
1126 119
1391 119
1536 119
1849 119
1870 119
1927 119
2096 119
136 120
154 120
440 120
774 120
895 120
992 120
1045 120
1214 121
1262 122
1607 122
294 123
370 123
428 123
463 123
482 123
556 123
697 123
706 123
991 123
1070 123
1311 123
1656 123
1726 123
1809 123
1966 123
2044 123
2096 123
1813 124
252 125
304 125
648 125
759 125
1164 125
1205 125
1543 125
1792 125
554 126
733 126
1193 126
1456 126
1957 126
293 127
316 127
1023 127
1290 127
1760 127
1848 128
1040 129
1550 129
1644 129
517 130
1225 130
1346 130
911 131
1614 132
1891 132
782 133
1197 133
1185 134
1196 134
1661 134
285 135
921 135
205 136
276 136
351 136
408 136
440 136
499 136
901 136
969 136
981 136
1035 136
1045 136
1066 136
1183 136
1536 136
1617 136
1788 136
1849 136
1777 137
852 138
208 139
273 139
841 139
1244 139
967 141
988 141
1754 141
1824 141
350 142
355 142
393 142
464 142
539 142
590 142
593 142
618 142
633 142
651 142
693 142
713 142
783 142
888 142
959 142
1053 142
1166 142
1208 142
1235 142
1236 142
1486 142
1635 142
1729 142
1737 142
1851 142
1889 142
1919 142
2052 142
367 143
677 144
372 145
1094 145
1441 145
1598 145
688 146
371 147
450 148
715 148
866 148
1072 148
1353 148
223 149
1075 149
1777 149
546 150
1433 150
258 151
369 151
875 151
1655 151
393 152
618 152
942 152
1355 152
1443 152
1580 152
1737 152
1889 152
2082 152
645 153
1333 153
1816 153
1970 153
1991 153
168 154
172 154
219 154
245 154
267 154
283 154
305 154
319 154
342 154
351 154
363 154
392 154
401 154
414 154
463 154
499 154
597 154
613 154
640 154
721 154
728 154
823 154
870 154
889 154
912 154
977 154
984 154
992 154
1045 154
1055 154
1066 154
1081 154
1096 154
1109 154
1123 154
1126 154
1178 154
1183 154
1300 154
1346 154
1387 154
1469 154
1490 154
1611 154
1701 154
1702 154
1804 154
1806 154
1821 154
1889 154
1904 154
1907 154
1943 154
2006 154
2071 154
168 155
765 156
1482 156
593 157
2056 157
2080 158
986 159
1849 159
371 160
973 160
1166 160
2052 160
863 161
1026 161
1175 161
2031 161
1153 162
913 163
1888 163
252 164
385 164
410 164
481 164
512 164
592 164
820 164
1000 164
1252 164
1273 164
1290 164
1488 164
1495 164
1535 164
1536 164
1541 164
1567 164
1578 164
1622 164
1695 164
1760 164
1848 164
1912 164
2082 164
366 165
396 166
1565 166
1717 166
306 167
733 167
938 167
985 167
1121 167
1304 167
1484 167
1795 167
1888 167
1909 167
1949 167
1957 167
370 168
598 168
739 168
879 168
895 168
905 168
937 168
1024 168
1075 168
1096 168
1300 168
1487 168
1578 168
1803 168
1848 168
2060 168
995 169
1835 169
1985 169
508 170
604 170
1248 170
1479 170
254 171
607 171
1629 171
1803 171
976 172
646 173
883 174
1070 174
1179 174
1522 174
1622 174
618 175
1040 175
1550 175
1644 175
895 176
1315 176
622 177
836 177
222 178
245 178
247 178
342 178
385 178
447 178
542 178
604 178
608 178
613 178
618 178
646 178
657 178
697 178
860 178
872 178
1298 178
1359 178
1430 178
1488 178
1494 178
1523 178
1543 178
1578 178
1653 178
1807 178
1891 178
1938 178
1989 178
401 179
1012 180
285 181
633 182
1609 182
1491 183
208 184
419 184
653 184
655 184
804 184
863 184
1021 184
1039 184
1089 184
1159 184
1268 184
1385 184
1472 184
1570 184
1645 184
2017 184
2088 184
982 186
1515 186
1856 186
1889 186
240 187
247 187
907 187
1391 187
1595 187
1934 187
510 188
800 189
981 189
1174 189
1210 189
1273 189
1536 189
1957 189
1128 190
276 191
342 191
707 191
825 191
1033 191
1300 191
1323 191
1475 191
1499 191
1639 191
2015 191
241 192
633 192
1378 192
1915 192
688 193
510 194
318 195
1171 195
1630 195
1823 195
1846 195
1902 195
305 196
1023 196
1290 196
1532 196
1620 196
1622 196
1659 196
1809 196
1848 196
1865 196
1918 196
217 197
479 197
604 197
863 197
1089 197
1164 197
1175 197
1403 197
1665 197
393 198
618 198
1355 198
1737 198
1889 198
2082 198
1954 199
391 200
1707 200
1501 201
233 202
329 202
556 202
609 202
895 202
1005 202
1019 202
1495 202
1967 202
290 203
1302 203
1381 203
1443 203
2049 203
440 205
774 205
969 205
992 205
1788 205
1816 205
1151 206
1413 206
1642 206
311 207
1252 207
1912 207
2021 207
2104 207
305 208
384 208
463 208
714 208
912 208
1047 208
1120 208
1142 208
1399 208
1493 208
1856 208
1889 208
1910 208
1943 208
2071 208
2075 208
2062 209
512 210
1877 210
1553 211
564 212
618 212
1308 212
1517 212
218 213
252 213
304 213
446 213
759 213
886 213
951 213
1105 213
1164 213
1205 213
1429 213
1477 213
1534 213
1543 213
1681 213
1706 213
1792 213
1811 213
1897 213
2038 213
331 214
217 215
238 215
604 215
618 215
863 215
1026 215
1175 215
1195 215
1268 215
1403 215
1665 215
1807 215
1825 215
1979 215
2017 215
2023 215
2031 215
445 216
674 216
913 216
1414 216
1736 216
1748 216
293 217
316 217
342 217
419 217
542 217
582 217
653 217
655 217
863 217
899 217
1021 217
1026 217
1039 217
1089 217
1159 217
1167 217
1231 217
1284 217
1385 217
1420 217
1472 217
1506 217
1570 217
1645 217
1676 217
1743 217
1807 217
1876 217
1888 217
1989 217
2017 217
2084 217
2088 217
2107 217
252 218
304 218
759 218
1164 218
1205 218
1792 218
1811 218
1849 220
1229 221
245 222
250 222
385 222
618 222
657 222
697 222
1086 222
1488 222
1536 222
1578 222
1665 222
1807 222
1914 222
1938 222
1997 222
2071 222
2092 222
276 223
342 223
600 223
707 223
825 223
864 223
1033 223
1195 223
1281 223
1296 223
1300 223
1375 223
1475 223
1482 223
1499 223
1639 223
1777 223
2007 223
2015 223
721 224
995 224
1424 224
1905 224
1931 224
310 225
510 225
675 225
775 225
1350 225
2068 225
463 226
1055 226
1219 226
1697 226
1701 226
1670 227
290 228
471 228
482 228
585 228
718 228
768 228
852 228
1381 228
1449 228
1542 228
1780 228
1930 228
1945 228
475 229
2041 230
393 231
475 231
618 231
1355 231
1443 231
1737 231
1889 231
2082 231
1260 232
359 233
361 233
756 233
1137 233
1495 233
1967 233
1567 234
429 235
1816 235
359 236
546 236
636 236
1600 236
1637 236
1659 237
1089 238
1800 239
385 240
1934 240
252 241
361 241
520 241
524 241
542 241
613 241
618 241
646 241
697 241
822 241
839 241
910 241
1129 241
1289 241
1360 241
1378 241
1427 241
1430 241
1508 241
1517 241
1586 241
1600 241
1665 241
1706 241
1716 241
1803 241
1856 241
1861 241
1935 241
1954 241
2044 241
2046 241
341 242
522 243
1040 243
1210 243
1909 243
911 244
1013 244
1760 244
2082 244
261 245
305 245
392 245
442 245
463 245
493 245
832 245
892 245
912 245
988 245
1020 245
1300 245
1488 245
1493 245
1517 245
1532 245
1578 245
1744 245
1821 245
1836 245
1881 245
1938 245
1979 245
2024 245
295 246
309 246
313 246
417 246
474 246
546 246
631 246
636 246
896 246
985 246
1100 246
1121 246
1124 246
1128 246
1253 246
1355 246
1362 246
1581 246
1600 246
1959 246
1967 246
860 247
907 247
1595 247
377 248
1211 248
1617 249
453 250
792 250
879 250
1005 250
1589 250
1744 250
1760 250
1824 250
2071 250
558 251
1197 251
1318 251
304 252
361 252
446 252
512 252
602 252
759 252
951 252
1023 252
1164 252
1205 252
1252 252
1273 252
1290 252
1313 252
1376 252
1543 252
1577 252
1685 252
1753 252
1792 252
1796 252
1809 252
1811 252
1848 252
1856 252
1897 252
1912 252
2027 252
2046 252
319 253
714 253
1051 253
1162 253
1387 253
1404 253
1493 253
1889 253
2071 253
526 254
1803 254
258 255
1946 255
463 256
749 256
618 257
1040 257
1550 257
1644 257
301 258
308 258
325 258
342 258
350 258
457 258
494 258
550 258
606 258
609 258
660 258
739 258
813 258
821 258
966 258
984 258
1043 258
1079 258
1140 258
1221 258
1251 258
1364 258
1377 258
1567 258
1598 258
1694 258
1719 258
1769 258
1807 258
1880 258
1955 258
2030 258
2035 258
618 259
1040 259
1550 259
1644 259
2096 260
984 261
1377 261
1807 261
479 262
1784 262
1485 263
616 264
1218 264
1263 264
709 265
1783 265
1875 266
640 267
1017 267
1581 268
276 269
385 269
393 269
396 269
406 269
981 269
1377 269
1536 269
1849 269
2096 269
522 270
2002 270
1269 271
1578 271
1482 272
2005 272
280 273
841 273
1244 273
1270 273
1543 273
1653 273
1706 273
1889 273
2095 273
457 274
1200 275
323 276
335 276
342 276
360 276
385 276
423 276
496 276
623 276
707 276
825 276
830 276
864 276
943 276
958 276
981 276
986 276
997 276
1022 276
1033 276
1073 276
1148 276
1169 276
1195 276
1229 276
1287 276
1300 276
1323 276
1375 276
1377 276
1475 276
1499 276
1539 276
1604 276
1639 276
1689 276
1756 276
1798 276
1823 276
1825 276
1849 276
1865 276
2007 276
2015 276
2025 276
2047 276
2080 276
2096 276
407 277
1027 277
1196 277
1448 277
287 278
418 278
562 278
671 278
869 278
972 278
1091 278
1191 278
1325 278
1572 278
1593 278
393 279
618 279
1165 279
1355 279
1737 279
1889 279
2082 279
1244 280
1517 280
1889 280
1544 281
357 282
1355 282
1600 282
2090 282
1469 283
1753 284
1809 284
2006 284
350 285
368 285
421 285
507 285
790 285
803 285
863 285
1471 285
1598 285
2048 285
2053 285
301 286
1325 287
1129 288
613 289
294 290
324 290
585 290
611 290
667 290
845 290
1030 290
1302 290
1340 290
1381 290
1516 290
1708 290
1737 290
1866 290
1945 290
2094 290
1214 291
1378 292
316 293
407 293
746 293
750 293
825 293
836 293
838 293
945 293
988 293
1009 293
1050 293
1061 293
1185 293
1204 293
1304 293
1355 293
1433 293
1484 293
1565 293
1585 293
1592 293
1636 293
1659 293
1661 293
1670 293
1750 293
1888 293
370 294
371 294
385 294
428 294
463 294
482 294
535 294
556 294
561 294
611 294
667 294
697 294
707 294
711 294
991 294
1030 294
1291 294
1302 294
1311 294
1726 294
1737 294
1809 294
2009 294
2044 294
2096 294
711 295
1128 295
385 296
447 296
581 296
754 296
1407 296
1488 296
1426 297
1404 298
419 299
823 299
912 299
1399 299
1517 299
1706 299
1856 299
498 300
1043 300
342 301
494 301
591 301
593 301
609 301
633 301
688 301
713 301
739 301
869 301
939 301
984 301
1040 301
1166 301
1309 301
1364 301
1377 301
1380 301
1423 301
1567 301
1719 301
1729 301
1769 301
1786 301
1807 301
1494 302
1197 303
446 304
459 304
535 304
610 304
759 304
886 304
917 304
919 304
951 304
1027 304
1030 304
1164 304
1205 304
1320 304
1524 304
1534 304
1543 304
1544 304
1546 304
1774 304
1792 304
1811 304
1968 304
2001 304
2021 304
377 305
422 305
463 305
471 305
494 305
517 305
539 305
609 305
656 305
721 305
739 305
750 305
870 305
912 305
984 305
1030 305
1106 305
1292 305
1361 305
1377 305
1399 305
1442 305
1532 305
1567 305
1650 305
1653 305
1659 305
1767 305
1806 305
1807 305
1889 305
1918 305
1939 305
1996 305
2006 305
2071 305
554 306
733 306
938 306
1119 306
1481 306
1501 306
1795 306
1909 306
1957 306
613 307
1694 308
573 309
807 309
825 309
1082 309
1171 309
1201 309
1355 309
1455 309
1525 309
1637 309
1661 309
1779 309
1858 309
1907 309
2110 309
510 310
382 311
481 311
584 311
745 311
878 311
975 311
1844 311
1989 311
2021 311
863 312
1026 312
1175 312
1665 312
1979 312
2031 312
1121 313
1330 313
1394 313
1581 313
1967 313
2092 313
1306 314
914 315
1848 315
849 316
1585 316
2096 316
463 319
1162 319
1300 319
1387 319
1889 319
2071 319
702 320
966 320
1155 320
1635 321
563 322
1749 322
342 323
707 323
825 323
1033 323
1300 323
1475 323
1499 323
1639 323
2015 323
1769 325
739 326
599 327
630 327
676 327
705 327
1097 327
1202 327
1384 327
1453 327
1553 327
1564 327
1705 327
1725 327
1960 327
1443 328
1019 329
1535 329
435 330
546 330
610 330
722 330
988 330
1125 330
1143 330
1464 330
461 331
463 331
697 331
926 331
929 331
1166 331
1301 331
1453 331
1730 331
1903 331
1964 331
1840 332
618 333
1007 333
1040 333
1446 333
1543 333
1550 333
1553 333
1644 333
1769 333
1972 333
342 335
707 335
825 335
1033 335
1300 335
1475 335
1499 335
1639 335
1761 335
2007 335
2015 335
2087 336
1171 337
1923 338
2041 339
767 340
1800 340
689 341
1163 341
1202 341
1446 341
1471 341
1553 341
1729 341
1769 341
1842 341
2056 341
360 342
423 342
496 342
542 342
604 342
608 342
609 342
613 342
618 342
623 342
697 342
707 342
825 342
830 342
864 342
958 342
984 342
997 342
1022 342
1033 342
1073 342
1169 342
1195 342
1229 342
1287 342
1300 342
1323 342
1359 342
1375 342
1475 342
1499 342
1539 342
1604 342
1639 342
1665 342
1672 342
1689 342
1756 342
1776 342
1807 342
1825 342
1849 342
1870 342
1891 342
2007 342
2015 342
2025 342
2047 342
2080 342
2084 342
463 343
1399 343
1377 344
485 345
490 345
1403 346
1806 346
724 347
1453 347
1680 348
407 349
560 349
695 349
825 349
874 349
1121 349
1196 349
1484 349
1884 349
1888 349
2093 349
355 350
372 350
464 350
501 350
590 350
618 350
693 350
783 350
888 350
941 350
1195 350
1208 350
1450 350
1486 350
1497 350
1598 350
1845 350
1851 350
1889 350
440 351
499 351
774 351
992 351
1804 351
1030 352
1311 352
1795 353
1909 353
356 354
1531 354
2096 354
1208 355
1958 356
528 357
750 357
988 357
1312 357
1355 357
1448 357
1888 357
2090 357
730 358
1006 358
1122 358
1205 358
1377 358
1748 358
2072 358
407 359
967 359
1600 359
1957 359
707 360
825 360
864 360
1033 360
1195 360
1300 360
1475 360
1499 360
1639 360
2007 360
2015 360
756 361
763 361
1289 361
1495 361
1600 361
1636 361
1731 361
1738 361
1803 361
1856 361
1935 361
2044 361
2046 361
1849 362
1490 363
1976 363
2041 364
2065 365
1205 366
1416 366
1546 366
1792 366
1819 366
569 367
811 367
992 367
1032 367
1590 367
1046 369
1140 369
1492 369
371 370
428 370
463 370
475 370
482 370
556 370
697 370
739 370
879 370
991 370
1024 370
1069 370
1232 370
1291 370
1311 370
1375 370
1431 370
1578 370
1656 370
1726 370
1777 370
1809 370
1811 370
1969 370
2005 370
2044 370
2096 370
463 371
482 371
556 371
586 371
697 371
839 371
950 371
973 371
991 371
1216 371
1311 371
1619 371
1739 371
1808 371
1809 371
1990 371
2044 371
2096 371
491 372
863 372
1094 372
1441 372
1598 372
2078 372
713 373
777 374
981 374
1033 374
1181 374
1276 374
1430 374
1457 374
1683 374
1501 375
1335 376
2077 376
422 377
471 377
494 377
517 377
609 377
656 377
739 377
750 377
984 377
1030 377
1106 377
1211 377
1276 377
1292 377
1377 377
1399 377
1442 377
1567 377
1650 377
1807 377
1939 377
1996 377
1849 378
513 379
1642 380
631 381
711 381
1252 382
1845 383
694 384
912 384
1120 384
1625 384
1889 384
2061 384
393 385
396 385
447 385
449 385
481 385
611 385
711 385
943 385
981 385
1005 385
1006 385
1030 385
1174 385
1197 385
1205 385
1224 385
1255 385
1289 385
1298 385
1377 385
1398 385
1439 385
1536 385
1578 385
1737 385
1744 385
1849 385
2096 385
573 386
633 387
966 387
1010 387
1161 387
1163 387
1538 387
1940 387
1744 388
1800 389
1818 390
401 392
463 392
984 392
1300 392
1671 392
1701 392
1889 392
2071 392
475 393
515 393
618 393
794 393
816 393
819 393
856 393
873 393
887 393
942 393
981 393
1148 393
1165 393
1184 393
1224 393
1293 393
1327 393
1355 393
1377 393
1443 393
1557 393
1571 393
1660 393
1737 393
1746 393
1799 393
1823 393
1826 393
1839 393
1849 393
1865 393
1889 393
1951 393
2082 393
2096 393
1166 394
863 395
1026 395
1175 395
1876 395
2031 395
740 396
943 396
1102 396
1205 396
1275 396
1536 396
1565 396
1840 396
1891 396
1912 396
2096 396
1488 397
1595 397
1446 398
895 399
1432 400
463 401
595 401
721 401
859 401
870 401
908 401
912 401
935 401
976 401
1011 401
1121 401
1179 401
1203 401
1270 401
1403 401
1517 401
1608 401
1706 401
1767 401
1916 401
1976 401
2006 401
518 402
1346 403
1198 404
652 405
1849 406
474 407
484 407
647 407
695 407
750 407
789 407
806 407
825 407
849 407
1023 407
1027 407
1244 407
1304 407
1512 407
1581 407
1779 407
1816 407
1829 407
1871 407
1888 407
1935 407
1949 407
440 408
774 408
895 408
992 408
1816 408
1849 408
533 409
545 409
1927 409
799 410
995 410
1232 410
1290 410
1424 410
1444 410
1809 410
1835 410
1931 410
556 411
2044 411
638 412
653 413
1026 413
1175 413
1665 413
1807 413
1979 413
2031 413
1282 415
1152 416
1807 416
541 417
636 417
742 417
988 417
1436 417
1818 417
1824 417
1883 417
470 419
582 419
604 419
618 419
653 419
655 419
1026 419
1053 419
1175 419
1195 419
1403 419
1506 419
1645 419
1665 419
1807 419
1820 419
1825 419
1876 419
1962 419
1979 419
2031 419
2088 419
618 420
646 420
1214 420
1543 420
1807 420
1961 420
1504 421
471 422
494 422
609 422
739 422
750 422
984 422
1030 422
1070 422
1377 422
1399 422
1567 422
1807 422
707 423
825 423
1033 423
1195 423
1300 423
1475 423
1499 423
1639 423
2007 423
2015 423
1642 424
486 425
1012 425
1349 426
1362 426
1882 426
429 427
774 427
1816 427
1991 427
463 428
482 428
556 428
622 428
697 428
716 428
967 428
991 428
1143 428
1311 428
1449 428
1559 428
1565 428
1726 428
1809 428
2044 428
2096 428
974 429
810 430
851 430
1042 430
1065 430
1177 430
677 431
1026 432
1175 432
1665 432
1876 432
2031 432
463 433
542 433
1476 433
1894 433
1227 434
1430 434
646 435
981 435
1205 435
1289 435
1849 435
721 436
1232 436
621 437
1349 437
1517 437
1706 437
1882 437
2027 437
1344 438
1947 438
1145 439
774 440
895 440
901 440
969 440
1012 440
1035 440
1045 440
1066 440
1183 440
1544 440
1617 440
1752 440
1788 440
1816 440
1849 440
503 441
633 442
1488 442
1938 442
660 443
741 443
1609 443
2031 443
711 444
1558 444
1737 444
913 445
1030 445
1736 445
1775 445
648 446
759 446
951 446
1164 446
1205 446
1543 446
1792 446
1811 446
1668 447
1958 447
958 448
849 449
976 449
1313 449
1351 449
1823 449
1862 449
2096 449
510 450
1252 451
1844 451
1080 452
600 453
814 453
820 453
879 453
1134 453
1281 453
2071 453
1112 454
596 455
1672 455
863 456
1026 456
1175 456
2031 456
818 457
1655 457
1694 457
1926 457
1325 458
528 459
1544 459
1592 459
1782 459
1911 460
463 461
620 461
697 461
726 461
760 461
834 461
929 461
1166 461
1295 461
1374 461
1453 461
1693 461
1730 461
1224 462
482 463
483 463
485 463
542 463
556 463
663 463
697 463
714 463
721 463
732 463
749 463
929 463
984 463
991 463
1011 463
1080 463
1166 463
1219 463
1225 463
1291 463
1300 463
1311 463
1446 463
1453 463
1517 463
1574 463
1649 463
1680 463
1706 463
1715 463
1726 463
1730 463
1809 463
1821 463
1856 463
1889 463
1907 463
1911 463
1943 463
1947 463
2044 463
2071 463
2096 463
693 464
1247 464
697 465
847 465
591 466
1141 466
1988 467
2051 467
641 468
664 468
1308 468
1494 468
1590 469
1026 470
1175 470
1979 470
2031 470
494 471
517 471
609 471
684 471
739 471
768 471
852 471
984 471
1030 471
1106 471
1292 471
1377 471
1381 471
1399 471
1442 471
1567 471
1650 471
1807 471
1939 471
1996 471
514 473
1860 473
546 474
988 474
1824 474
2034 474
515 475
583 475
618 475
1024 475
1105 475
1327 475
1355 475
1443 475
1487 475
1737 475
1889 475
1951 475
2082 475
1559 476
1126 477
564 478
624 478
1078 478
1308 478
1345 478
1494 478
1553 479
560 480
874 480
1639 480
611 481
1245 481
1255 481
1488 481
1939 481
556 482
656 482
697 482
956 482
991 482
1291 482
1311 482
1351 482
1449 482
1726 482
1809 482
2044 482
697 483
929 483
1080 483
1166 483
1453 483
1730 483
1735 483
558 484
1044 484
1121 484
490 485
860 485
737 486
851 486
957 486
1012 486
1461 486
1544 486
1816 486
1553 487
686 488
1382 488
1785 488
613 489
640 489
1173 489
1209 489
1256 489
1749 489
860 490
1487 490
494 492
1950 492
517 494
609 494
656 494
739 494
750 494
817 494
836 494
984 494
1030 494
1106 494
1121 494
1139 494
1292 494
1309 494
1364 494
1377 494
1399 494
1442 494
1567 494
1650 494
1719 494
1731 494
1769 494
1779 494
1807 494
1810 494
1939 494
1996 494
1291 495
707 496
825 496
864 496
1033 496
1195 496
1300 496
1475 496
1499 496
1639 496
1689 496
2015 496
1133 497
1345 497
774 499
969 499
992 499
1035 499
1045 499
1066 499
1788 499
1804 499
1816 499
895 500
959 501
1162 501
1195 501
593 502
512 503
763 504
895 504
1206 504
1362 504
1495 504
1817 504
1224 505
647 506
1362 506
887 509
738 510
789 510
1314 510
1466 510
1801 510
2020 510
2081 510
907 511
663 512
781 512
1382 512
1567 512
1771 512
1809 512
1848 512
1877 512
1881 512
1976 512
2046 512
2090 512
780 513
843 513
1226 513
1925 513
2061 513
1860 514
618 515
1355 515
1443 515
1737 515
1889 515
2082 515
717 516
1453 516
609 517
739 517
750 517
984 517
1030 517
1377 517
1399 517
1401 517
1567 517
1807 517
1450 518
1666 518
1005 519
1019 519
521 520
633 520
1323 520
1378 520
1427 520
1716 520
1378 521
1781 521
539 522
688 522
1112 522
1182 522
1732 522
1786 522
2002 522
531 523
585 523
1945 523
633 524
1342 524
1378 524
1915 524
618 525
1040 525
1550 525
1644 525
827 526
1165 527
1027 528
1448 528
1524 528
1514 529
1767 529
604 530
1246 530
1479 530
1944 530
1381 531
560 532
1128 532
1689 532
547 533
611 533
711 533
1030 533
1355 533
1368 533
1511 533
1599 533
1616 533
1737 533
711 535
1027 535
1030 535
1302 535
1653 535
1659 535
1865 535
586 536
677 537
933 538
1806 538
593 539
633 539
688 539
713 539
751 539
1007 539
1040 539
1249 539
1250 539
1532 539
1598 539
1653 539
1729 539
2052 539
1749 540
1098 541
608 542
849 542
1430 542
1653 542
1718 542
1892 542
633 543
1501 544
1642 544
1391 545
1400 545
1616 545
557 546
746 546
988 546
1474 546
1659 546
1858 546
714 548
1011 548
1382 548
1536 549
606 550
1694 550
1085 551
1714 551
1954 551
880 552
1907 552
1026 553
1175 553
1665 553
1876 553
1979 553
2031 553
1665 555
1754 555
1824 555
2029 555
592 556
609 556
697 556
709 556
759 556
763 556
895 556
924 556
991 556
1005 556
1132 556
1267 556
1291 556
1311 556
1353 556
1432 556
1495 556
1535 556
1542 556
1589 556
1634 556
1726 556
1783 556
1809 556
1818 556
2015 556
2044 556
2055 556
2079 556
2096 556
746 557
1034 557
1573 557
1900 557
638 558
690 558
1318 558
1355 558
1433 558
1661 558
1779 558
1501 559
695 560
874 560
1596 560
2093 560
1311 561
916 563
1494 564
860 565
952 565
1323 565
1730 565
1784 565
1262 566
1977 566
1969 567
1276 568
1536 568
1665 568
1892 568
774 569
851 569
2007 570
613 571
618 572
1040 572
1170 572
1397 572
1543 572
1550 572
1644 572
1823 573
1913 573
797 574
1535 574
1542 574
702 575
966 575
1995 575
760 576
1387 577
1389 577
1976 578
613 579
1844 580
1073 581
604 582
1026 582
1175 582
1195 582
1403 582
1506 582
1665 582
1807 582
1979 582
2031 582
879 583
911 583
1051 583
1389 583
1462 583
1578 583
1778 583
1252 584
815 585
1302 585
1381 585
1443 585
1872 585
1978 585
635 586
674 586
831 586
839 586
936 586
1006 586
1205 586
1366 586
1601 586
1675 586
1687 586
1800 586
1849 586
2011 586
613 587
640 587
1098 588
1795 588
1818 588
1353 589
618 590
1889 590
1141 591
2052 591
895 592
1495 592
1503 592
1535 592
1967 592
2015 592
634 593
812 593
1156 593
1247 593
1709 593
1712 593
1729 593
1807 593
2056 593
2065 593
1593 594
1672 596
854 597
2006 597
857 599
1021 599
1202 599
1842 599
2031 599
2085 599
2088 599
1296 600
1482 600
1518 600
1777 600
1080 601
1543 602
1792 602
1994 602
896 603
608 604
653 604
655 604
697 604
763 604
782 604
863 604
899 604
984 604
1021 604
1039 604
1089 604
1159 604
1167 604
1187 604
1230 604
1231 604
1284 604
1385 604
1391 604
1420 604
1430 604
1472 604
1506 604
1570 604
1645 604
1653 604
1665 604
1672 604
1676 604
1695 604
1706 604
1743 604
1807 604
1876 604
1927 604
2017 604
2061 604
2088 604
2107 604
1120 605
821 606
1803 607
613 608
618 608
657 608
697 608
802 608
860 608
1162 608
1202 608
1210 608
1430 608
1508 608
1556 608
1653 608
1665 608
1729 608
1807 608
1891 608
1976 608
639 609
656 609
739 609
750 609
965 609
984 609
1019 609
1030 609
1106 609
1110 609
1171 609
1292 609
1309 609
1364 609
1377 609
1399 609
1442 609
1470 609
1495 609
1535 609
1567 609
1589 609
1650 609
1719 609
1731 609
1769 609
1807 609
1810 609
1939 609
1967 609
1996 609
1544 610
711 611
913 611
1030 611
1302 611
1524 611
1737 611
2009 611
657 612
1807 612
618 613
646 613
697 613
729 613
860 613
889 613
994 613
1004 613
1014 613
1063 613
1104 613
1173 613
1209 613
1256 613
1266 613
1345 613
1346 613
1359 613
1430 613
1462 613
1465 613
1494 613
1537 613
1543 613
1653 613
1665 613
1702 613
1706 613
1718 613
1749 613
1776 613
1789 613
1807 613
1849 613
1870 613
1885 613
1891 613
1904 613
2037 613
2064 613
2092 613
625 614
688 614
764 615
647 616
1263 616
653 618
655 618
672 618
697 618
734 618
776 618
816 618
819 618
841 618
856 618
860 618
863 618
872 618
873 618
887 618
888 618
899 618
942 618
1015 618
1021 618
1039 618
1040 618
1089 618
1105 618
1133 618
1159 618
1162 618
1165 618
1184 618
1202 618
1221 618
1231 618
1233 618
1284 618
1308 618
1322 618
1327 618
1355 618
1359 618
1385 618
1420 618
1430 618
1443 618
1472 618
1486 618
1494 618
1506 618
1517 618
1550 618
1557 618
1570 618
1571 618
1644 618
1645 618
1653 618
1660 618
1665 618
1737 618
1746 618
1794 618
1799 618
1807 618
1826 618
1839 618
1876 618
1889 618
1891 618
1898 618
1951 618
1952 618
2017 618
2061 618
2076 618
2082 618
2088 618
2107 618
1252 619
1844 619
902 620
1308 621
1767 621
825 623
1033 623
1300 623
1475 623
1639 623
2015 623
1349 624
1494 624
688 625
713 625
1479 625
1902 627
929 628
1197 629
926 630
711 631
1192 631
1600 631
2037 632
651 633
702 633
741 633
910 633
925 633
934 633
961 633
963 633
966 633
1010 633
1041 633
1074 633
1129 633
1161 633
1163 633
1166 633
1338 633
1378 633
1427 633
1529 633
1716 633
1940 633
1972 633
746 636
789 636
844 636
985 636
1090 636
755 637
1353 637
964 638
1615 638
1813 638
728 640
842 640
889 640
916 640
994 640
1465 640
1682 640
1702 640
1749 640
1904 640
1908 640
2052 640
1519 641
923 642
1723 642
1878 642
1027 643
1543 643
1503 644
1589 644
1544 645
1937 645
1970 645
697 646
859 646
1543 646
1635 646
746 647
840 647
1100 647
1469 647
1718 647
851 649
774 650
688 651
689 651
860 651
1235 651
1236 651
1729 651
1505 652
1798 652
1975 652
922 653
1026 653
1175 653
1231 653
1403 653
1420 653
1665 653
1676 653
1743 653
1807 653
2031 653
999 654
1377 654
1026 655
1175 655
1403 655
1665 655
1807 655
1825 655
2031 655
739 656
750 656
984 656
1030 656
1377 656
1399 656
1567 656
1807 656
800 657
1248 657
1653 657
1250 658
1436 659
1818 659
1101 660
1195 660
1972 660
787 661
836 661
1503 661
746 662
912 663
1088 663
1107 663
1300 663
1319 663
1477 663
1517 663
1576 663
1706 663
1856 663
1877 663
1881 663
1889 663
1976 663
2058 663
2071 663
1063 664
1109 664
1345 664
1494 664
1706 664
966 665
1940 665
929 666
1166 666
1176 666
1730 666
1005 667
1381 667
1516 667
1536 667
2094 667
981 668
1184 669
1362 669
2030 670
1040 672
1543 672
1550 672
1644 672
1501 673
919 674
991 674
1302 674
1675 674
1687 674
705 676
741 676
1401 677
1403 677
2092 677
2007 678
837 679
1495 679
1252 680
1844 680
869 681
1593 681
1639 682
2007 682
1316 683
768 684
852 684
981 684
988 684
1290 684
1381 684
1443 684
1495 684
1051 685
985 686
1355 686
857 687
840 688
890 688
1166 688
1415 688
1509 688
1647 688
1718 688
1729 688
1740 688
1741 688
1940 688
941 689
1553 691
2052 691
1131 692
1195 692
1450 692
1097 693
1249 693
1309 693
1323 693
1486 693
1563 693
1609 693
1889 694
874 695
1355 695
1884 695
1986 695
1181 696
1683 696
860 697
862 697
882 697
929 697
960 697
971 697
991 697
1080 697
1099 697
1166 697
1191 697
1227 697
1291 697
1311 697
1359 697
1430 697
1446 697
1453 697
1543 697
1653 697
1665 697
1680 697
1726 697
1730 697
1807 697
1809 697
1891 697
1911 697
1947 697
2044 697
2091 697
2092 697
2096 697
1675 698
1345 699
802 700
1355 700
1618 700
1121 701
868 702
928 702
934 702
966 702
1025 702
1049 702
1445 702
1529 702
1597 702
1658 702
1940 702
2033 702
2087 702
1166 703
2042 703
1026 704
1175 704
1979 704
2031 704
2107 704
1809 706
711 707
825 707
830 707
864 707
958 707
997 707
1022 707
1030 707
1033 707
1073 707
1169 707
1195 707
1229 707
1287 707
1300 707
1302 707
1323 707
1375 707
1475 707
1499 707
1524 707
1539 707
1604 707
1639 707
1689 707
1756 707
1825 707
2007 707
2009 707
2015 707
2025 707
2047 707
2080 707
759 708
1320 708
731 709
747 709
858 709
1060 709
1783 709
2044 709
2052 710
1027 711
1030 711
1121 711
1128 711
1253 711
1302 711
1544 711
1616 711
1728 711
1748 711
2009 711
1362 712
1512 712
1637 712
1817 712
1166 713
1729 713
1927 713
2061 713
1011 714
1889 714
1850 715
1744 716
1381 718
849 720
932 721
1109 721
1232 721
1424 721
1943 721
1980 721
859 722
1479 723
865 725
1720 725
1912 725
1331 727
1947 727
1104 728
1502 728
1748 730
1934 730
1219 732
938 733
1005 733
1119 733
1171 733
1273 733
1481 733
1495 733
1795 733
1909 733
1957 733
863 734
1040 734
1133 734
1543 734
1550 734
1644 734
1794 734
1158 735
1224 736
1012 737
750 739
879 739
984 739
1024 739
1030 739
1106 739
1292 739
1309 739
1364 739
1377 739
1399 739
1442 739
1567 739
1578 739
1650 739
1769 739
1807 739
1939 739
1996 739
1499 741
1938 741
1501 743
1844 744
1252 745
750 746
768 746
895 746
1034 746
1044 746
1121 746
1126 746
1143 746
1265 746
1302 746
1355 746
1475 746
1484 746
1565 746
1582 746
1659 746
1670 746
1744 746
1754 746
1849 746
1858 746
1935 746
1977 746
1783 747
1687 748
984 750
1030 750
1106 750
1292 750
1377 750
1399 750
1442 750
1567 750
1650 750
1719 750
1754 750
1779 750
1807 750
1939 750
1996 750
1598 751
1735 752
1048 753
1355 753
1958 754
1370 756
1618 756
1758 757
1800 758
797 759
895 759
951 759
1164 759
1205 759
1320 759
1503 759
1535 759
1543 759
1685 759
1774 759
1792 759
1796 759
1811 759
1895 759
1897 759
846 760
993 760
1887 760
1893 760
1809 761
895 763
1005 763
1048 763
1103 763
1171 763
1310 763
1495 763
1695 763
1817 763
1927 763
1967 763
849 764
1022 765
1482 765
1378 766
1452 767
1524 767
1800 767
1886 767
956 768
1381 768
1832 768
1848 768
1902 769
1224 770
1589 771
1744 771
1121 772
1622 772
1964 773
794 774
811 774
901 774
969 774
974 774
1035 774
1045 774
1066 774
1183 774
1197 774
1388 774
1617 774
1788 774
1992 774
1040 776
1543 776
1550 776
1644 776
1181 777
962 778
988 778
1848 779
2090 781
1040 785
1162 786
1448 788
1258 789
1637 789
1057 791
1117 791
1126 791
1848 791
2073 791
1945 793
860 794
981 794
1006 794
1710 794
1896 794
1075 795
2045 795
1171 796
1535 797
1912 798
1931 799
1210 800
1430 800
1543 800
1672 800
1595 801
943 802
981 802
986 802
1174 802
1849 802
1870 802
990 803
1250 803
1923 803
1021 804
1026 804
1175 804
1665 804
1807 804
1825 804
2031 804
2000 805
1829 806
1754 808
1621 809
1042 810
1177 810
821 813
1665 815
1945 815
1355 816
1737 816
1889 816
1951 816
2082 816
1052 817
1463 817
1468 817
1750 817
1779 817
2084 817
1355 819
1443 819
1737 819
1889 819
2082 819
1578 820
1981 820
1694 821
1227 822
863 823
2017 823
911 824
1503 824
830 825
864 825
945 825
958 825
985 825
997 825
1009 825
1022 825
1033 825
1048 825
1073 825
1121 825
1169 825
1195 825
1196 825
1229 825
1287 825
1300 825
1304 825
1323 825
1375 825
1475 825
1484 825
1499 825
1512 825
1521 825
1539 825
1604 825
1639 825
1661 825
1689 825
1756 825
1779 825
1825 825
2007 825
2015 825
2025 825
2047 825
2061 825
2080 825
1964 826
1671 828
1943 828
984 829
1033 830
1195 830
1300 830
1475 830
1499 830
1639 830
2007 830
2015 830
2047 830
2043 833
1121 835
1343 835
1433 835
1484 835
1912 835
858 836
1355 836
1503 836
1744 836
2004 836
1128 837
1434 837
1495 837
1174 839
1289 839
1508 839
1707 839
1751 839
1807 839
1828 839
1954 839
906 840
1097 840
1469 840
1509 840
1609 840
1647 840
1730 840
1741 840
1971 840
2071 840
987 841
1399 841
1622 841
1976 841
2095 841
1090 844
1745 844
2044 844
1302 845
2111 846
1245 848
2100 848
955 849
1207 849
1289 849
1536 849
1765 849
1819 849
1849 849
1892 849
1901 849
1982 849
2034 849
2096 849
1396 850
1012 851
1042 851
1177 851
896 852
1427 853
1901 854
2096 854
1384 855
1784 855
1355 856
1737 856
1889 856
2082 856
1026 857
1175 857
1403 857
1645 857
1665 857
1807 857
1825 857
2031 857
1503 858
1109 859
1517 859
1706 859
1767 859
1856 859
1889 859
1943 859
1956 859
1061 860
1120 860
1355 860
1516 860
1553 860
1807 860
2052 860
2054 860
1302 861
882 862
1230 862
929 863
1021 863
1026 863
1053 863
1089 863
1133 863
1159 863
1175 863
1195 863
1233 863
1385 863
1403 863
1406 863
1645 863
1654 863
1665 863
1807 863
1825 863
1876 863
1979 863
2031 863
2107 863
997 864
1033 864
1073 864
1195 864
1229 864
1287 864
1300 864
1375 864
1475 864
1499 864
1539 864
1604 864
1639 864
1689 864
1760 864
1809 864
2007 864
2015 864
2025 864
2082 864
1720 865
1353 866
1696 866
1287 867
1604 867
1098 869
1166 869
1191 869
1593 869
1729 869
1942 869
1191 870
1436 870
1490 870
1517 870
1593 870
1706 870
1943 870
1976 870
2013 870
914 871
918 871
1467 871
1848 871
1347 872
1706 872
1807 872
1823 872
1907 872
2098 872
1355 873
1443 873
1737 873
1889 873
2082 873
1884 874
2093 874
1251 875
1823 876
879 877
2071 877
1252 878
1024 879
1086 879
1536 879
1578 879
1650 879
1778 879
1803 879
2005 879
2071 879
1812 881
971 882
1276 882
929 884
1290 885
1495 885
1604 885
1205 886
1543 886
1811 886
1168 887
1355 887
1443 887
1530 887
1737 887
1889 887
1951 887
2067 887
2082 887
1749 889
1842 890
2039 891
2033 893
1175 894
947 895
969 895
1005 895
1066 895
1126 895
1215 895
1262 895
1265 895
1495 895
1503 895
1535 895
1617 895
1652 895
1788 895
1797 895
1848 895
1849 895
1967 895
1984 895
2073 895
1410 897
1153 898
1026 899
1175 899
1403 899
1665 899
1807 899
1876 899
1979 899
2031 899
1501 900
992 901
1816 901
986 903
1849 903
1095 904
1126 904
1377 904
1921 904
2099 904
1097 906
1112 906
1195 906
1323 906
1450 906
1460 906
1934 907
976 908
1907 908
1040 909
1528 909
1550 909
1644 909
1029 910
1145 910
1243 910
1378 910
1427 910
1787 910
1389 911
1569 911
1998 911
1088 912
1120 912
1319 912
1399 912
1403 912
1493 912
1576 912
1767 912
1856 912
1889 912
1910 912
1030 913
1848 914
1399 915
1806 915
1164 917
1205 917
1543 917
1811 917
1745 919
1636 920
1026 922
1175 922
1665 922
1807 922
1979 922
2031 922
1432 924
1963 924
2044 924
966 925
1163 925
1940 925
1363 926
1453 926
1455 927
966 928
1049 928
1155 928
1080 929
1166 929
1295 929
1365 929
1374 929
1446 929
1453 929
1491 929
1584 929
1680 929
1730 929
1812 929
1911 929
1947 929
1964 929
1988 929
1699 930
1849 931
1102 933
966 934
1097 934
1309 934
1529 934
1730 934
1841 934
1940 934
1109 935
1425 935
1517 935
1706 935
1943 935
2067 935
1909 938
1133 941
1235 941
1472 941
1355 942
1737 942
1889 942
2082 942
1205 943
1289 943
1377 943
1536 943
1800 943
1823 943
1865 943
1213 944
2092 944
1009 945
1355 945
1433 945
1512 945
1659 945
988 946
1355 946
1485 946
1512 946
1635 948
1164 951
1205 951
1543 951
1615 951
1792 951
1811 951
2052 952
1135 953
1795 953
1309 954
1873 954
1006 955
1205 955
1289 955
1351 956
1582 956
1544 957
1816 957
1991 957
1033 958
1300 958
1323 958
1475 958
1499 958
1639 958
2015 958
1162 959
1729 959
966 961
1163 961
1337 961
1529 961
1940 961
966 963
1163 963
1940 963
1351 964
1052 965
1010 966
1041 966
1049 966
1074 966
1099 966
1161 966
1163 966
1195 966
1338 966
1445 966
1529 966
1597 966
1658 966
1841 966
1940 966
2033 966
2087 966
1143 967
1355 967
1559 967
1600 967
1661 967
1719 967
1824 967
2044 967
1471 968
992 969
1005 969
1035 969
1045 969
1788 969
1804 969
1816 969
1470 970
1495 970
1523 971
1802 971
1936 973
992 974
1252 975
1109 976
1313 976
1399 976
1862 976
1941 976
1386 978
2096 978
2099 978
1659 979
1171 980
1006 981
1148 981
1174 981
1205 981
1289 981
1377 981
1430 981
1536 981
1668 981
1718 981
1823 981
1849 981
1865 981
1901 981
1905 981
2034 981
2070 981
2096 981
1210 982
1319 982
1836 982
1642 983
1030 984
1106 984
1309 984
1364 984
1377 984
1399 984
1442 984
1567 984
1650 984
1719 984
1769 984
1807 984
1860 984
1889 984
1996 984
2006 984
1048 985
1355 985
1484 985
1512 985
1888 985
1102 986
1126 986
1278 986
1285 986
1289 986
1302 986
1346 986
1459 986
1536 986
1849 986
1124 988
1197 988
1393 988
1484 988
1495 988
1659 988
1661 988
1747 988
1957 988
1353 989
1613 989
1291 991
1311 991
1726 991
1748 991
1809 991
2012 991
2044 991
2096 991
1035 992
1045 992
1066 992
1183 992
1590 992
1617 992
1788 992
1804 992
1749 994
1424 995
1931 995
1377 996
1033 997
1195 997
1300 997
1475 997
1499 997
1639 997
2007 997
2015 997
1954 998
1377 999
1495 1001
1994 1002
1553 1003
1119 1005
1171 1005
1224 1005
1495 1005
1516 1005
1589 1005
1618 1005
1677 1005
1731 1005
1788 1005
1824 1005
2015 1005
2079 1005
1154 1006
1205 1006
1280 1006
1289 1006
1349 1006
1706 1006
1817 1006
1853 1006
2096 1006
1598 1007
1988 1008
1196 1009
1448 1009
1521 1009
1535 1009
1636 1009
1888 1009
2079 1009
1163 1010
1940 1010
1109 1011
1300 1011
1517 1011
1706 1011
2071 1011
1461 1012
1544 1012
1224 1013
1640 1013
2004 1013
1026 1015
1175 1015
1665 1015
1807 1015
2031 1015
2088 1015
1166 1016
1749 1017
1313 1018
1372 1018
1116 1019
1470 1019
1797 1019
1517 1020
1026 1021
1039 1021
1175 1021
1195 1021
1403 1021
1472 1021
1591 1021
1645 1021
1654 1021
1665 1021
1694 1021
1794 1021
1807 1021
1825 1021
1979 1021
2031 1021
1033 1022
1195 1022
1300 1022
1475 1022
1499 1022
1639 1022
2007 1022
2015 1022
1252 1023
1290 1023
1313 1023
1425 1023
1585 1023
1753 1023
1765 1023
1809 1023
1848 1023
2046 1023
1179 1024
1375 1024
1578 1024
2005 1024
1039 1026
1053 1026
1083 1026
1089 1026
1097 1026
1159 1026
1167 1026
1175 1026
1195 1026
1231 1026
1233 1026
1268 1026
1284 1026
1323 1026
1385 1026
1406 1026
1420 1026
1472 1026
1506 1026
1570 1026
1591 1026
1638 1026
1645 1026
1654 1026
1676 1026
1730 1026
1743 1026
1807 1026
1814 1026
1820 1026
1874 1026
1876 1026
1962 1026
1979 1026
2017 1026
2023 1026
2031 1026
2076 1026
2088 1026
2107 1026
1544 1027
1737 1027
1520 1028
1540 1028
1417 1029
1106 1030
1292 1030
1302 1030
1311 1030
1377 1030
1399 1030
1442 1030
1524 1030
1544 1030
1567 1030
1650 1030
1748 1030
1807 1030
1813 1030
1863 1030
1866 1030
1889 1030
1939 1030
1996 1030
2009 1030
1749 1031
1683 1032
1073 1033
1169 1033
1195 1033
1229 1033
1276 1033
1287 1033
1300 1033
1323 1033
1375 1033
1475 1033
1499 1033
1539 1033
1604 1033
1639 1033
1689 1033
1756 1033
1825 1033
1859 1033
1910 1033
2007 1033
2015 1033
2025 1033
2047 1033
2080 1033
1804 1035
1816 1035
1849 1035
1426 1036
1902 1037
1232 1038
1175 1039
1403 1039
1665 1039
1807 1039
1825 1039
1979 1039
2031 1039
1133 1040
1221 1040
1250 1040
1322 1040
1528 1040
1543 1040
1550 1040
1644 1040
1794 1040
1952 1040
2052 1040
1163 1041
1940 1041
1065 1042
1177 1042
1694 1043
1050 1044
1617 1045
1752 1045
1788 1045
1804 1045
1816 1045
1849 1045
1986 1047
1121 1048
1304 1048
1484 1048
1888 1048
1927 1048
1935 1048
2061 1048
1484 1050
1367 1051
1387 1051
1500 1051
2083 1051
2066 1052
1089 1053
1175 1053
1378 1053
1729 1053
1622 1054
1701 1055
1581 1056
2061 1058
1800 1059
1121 1061
1355 1061
1369 1061
1484 1061
1661 1061
1710 1061
1779 1061
1888 1061
1896 1061
1643 1062
1860 1062
2017 1062
1945 1064
1177 1065
1804 1066
1849 1066
1401 1067
1488 1067
1524 1068
1287 1070
1274 1071
1195 1073
1300 1073
1323 1073
1475 1073
1499 1073
1639 1073
1798 1073
2007 1073
2015 1073
1163 1074
1841 1074
1940 1074
1242 1075
1296 1075
1458 1075
1981 1075
2043 1075
2045 1075
1391 1076
1800 1076
1308 1078
1517 1078
1694 1079
1166 1080
1200 1080
1446 1080
1453 1080
1566 1080
1730 1080
1800 1084
1381 1086
1536 1086
1744 1086
1760 1086
1945 1086
2029 1086
2059 1086
2071 1086
1252 1087
1306 1088
1517 1088
1706 1088
1767 1088
1859 1088
1983 1088
2071 1088
1175 1089
1403 1089
1570 1089
1665 1089
1807 1089
1825 1089
2031 1089
2044 1090
1378 1093
1598 1094
1926 1094
2078 1094
1202 1097
1249 1097
1309 1097
1323 1097
1563 1097
1729 1097
1730 1097
1260 1098
1279 1098
1392 1098
1795 1098
1543 1099
1576 1099
1889 1099
1940 1099
2034 1099
2071 1099
1637 1100
1972 1101
1679 1102
1720 1102
1912 1102
1969 1102
1502 1104
1749 1104
1355 1105
1737 1105
1889 1105
2082 1105
1377 1106
1399 1106
1567 1106
1807 1106
1469 1107
1517 1107
1848 1107
1882 1107
2071 1107
1309 1108
1478 1109
1494 1109
1517 1109
1519 1109
1611 1109
1907 1109
2071 1109
1589 1110
1146 1111
1200 1112
1732 1112
2041 1113
1137 1114
1378 1115
1522 1116
1967 1116
1535 1117
1542 1117
1661 1118
1744 1118
1856 1120
2071 1120
1196 1121
1244 1121
1304 1121
1330 1121
1355 1121
1371 1121
1433 1121
1448 1121
1484 1121
1489 1121
1522 1121
1581 1121
1622 1121
1659 1121
1779 1121
1830 1121
1871 1121
1888 1121
2044 1121
1728 1122
1748 1122
2072 1122
1424 1124
1659 1124
1143 1125
1212 1126
1272 1126
1283 1126
1289 1126
1300 1126
1302 1126
1622 1126
1624 1126
1700 1126
1760 1126
1762 1126
1809 1126
1848 1126
1849 1126
1854 1126
1921 1126
1924 1126
2073 1126
1563 1127
1253 1128
1485 1128
1646 1128
1959 1128
1378 1129
1550 1130
1644 1130
1543 1133
1550 1133
1643 1133
1644 1133
1795 1135
1909 1135
1250 1136
1837 1136
1722 1137
1483 1140
1769 1140
1217 1141
1493 1142
1806 1142
1754 1143
2044 1143
1516 1144
1378 1145
1325 1146
1800 1147
1205 1148
1374 1149
1589 1150
1501 1153
1205 1154
1371 1154
1859 1154
1800 1157
1299 1158
1356 1158
1642 1158
1711 1158
1755 1158
1875 1158
1175 1159
1403 1159
1665 1159
1807 1159
1825 1159
1979 1159
2031 1159
2061 1160
1163 1161
1940 1161
1387 1162
1494 1162
1623 1162
1807 1162
2097 1162
1338 1163
1628 1163
1769 1163
1940 1163
1205 1164
1239 1164
1543 1164
1685 1164
1767 1164
1792 1164
1796 1164
1811 1164
1897 1164
1355 1165
1443 1165
1737 1165
1889 1165
2082 1165
1274 1166
1446 1166
1453 1166
1680 1166
1729 1166
1730 1166
1786 1166
1911 1166
1940 1166
1947 1166
1175 1167
1403 1167
1665 1167
1807 1167
1825 1167
1979 1167
2031 1167
2088 1167
1300 1169
1323 1169
1475 1169
1639 1169
2015 1169
1397 1170
1548 1171
2015 1171
2078 1172
1205 1174
1377 1174
1536 1174
1707 1174
1231 1175
1233 1175
1268 1175
1284 1175
1385 1175
1406 1175
1420 1175
1472 1175
1506 1175
1570 1175
1591 1175
1638 1175
1645 1175
1654 1175
1676 1175
1743 1175
1759 1175
1814 1175
1820 1175
1874 1175
1876 1175
1962 1175
2017 1175
2023 1175
2031 1175
2076 1175
2088 1175
2107 1175
1686 1179
1488 1180
1683 1181
1282 1182
1450 1182
2010 1182
1804 1183
1816 1183
1355 1184
1443 1184
1737 1184
1754 1184
1889 1184
1961 1184
2044 1184
2082 1184
1228 1186
1479 1187
1200 1188
1352 1190
1521 1190
2018 1190
1348 1191
1436 1191
1818 1191
1957 1193
1229 1195
1287 1195
1300 1195
1323 1195
1375 1195
1385 1195
1450 1195
1472 1195
1475 1195
1499 1195
1539 1195
1562 1195
1570 1195
1598 1195
1639 1195
1645 1195
1689 1195
1825 1195
1965 1195
2007 1195
2015 1195
2025 1195
2080 1195
2088 1195
1244 1196
1464 1196
1474 1196
1512 1196
1670 1196
1779 1196
1949 1196
1488 1197
1536 1197
1744 1197
1790 1197
2090 1197
2102 1197
1446 1198
1806 1199
1430 1202
1729 1202
1469 1203
1795 1204
1909 1204
1957 1204
1289 1205
1534 1205
1543 1205
1546 1205
1718 1205
1774 1205
1785 1205
1792 1205
1811 1205
1823 1205
1849 1205
1865 1205
1897 1205
1901 1205
1968 1205
2096 1205
1362 1206
1535 1206
1892 1207
1749 1209
1672 1217
1263 1218
1225 1219
1746 1220
1543 1221
1550 1221
1644 1221
1448 1222
1362 1223
1817 1223
1387 1224
1849 1224
1401 1225
1527 1225
1776 1225
1954 1228
1300 1229
1475 1229
1499 1229
1639 1229
1689 1229
2007 1229
2015 1229
1403 1231
1665 1231
1807 1231
1825 1231
1979 1231
2031 1231
1424 1232
1555 1232
1578 1232
1602 1232
1931 1232
1980 1232
1665 1233
1807 1233
1979 1233
2031 1233
1747 1234
1236 1235
1323 1235
1609 1235
2092 1235
1849 1237
1298 1238
1879 1239
1943 1240
1501 1241
1257 1244
1270 1244
1304 1244
1448 1244
1603 1244
1779 1244
1889 1244
2095 1244
1451 1245
1622 1245
2100 1245
1332 1248
1513 1248
1691 1248
1800 1248
1598 1249
1471 1250
1694 1251
1273 1252
1554 1252
1844 1252
1848 1252
1989 1252
2046 1252
2063 1252
1263 1253
1875 1254
1355 1257
1603 1257
2095 1257
1448 1258
1870 1259
1818 1260
1553 1261
1540 1262
1612 1262
2108 1262
1290 1264
1355 1265
1354 1267
2031 1268
1611 1269
1947 1271
1515 1273
1760 1273
2082 1273
1680 1274
1969 1275
1359 1276
1665 1276
1679 1276
1870 1276
1975 1276
1623 1277
1849 1278
1349 1280
1517 1280
1706 1280
2096 1280
1287 1281
1375 1281
1403 1284
1665 1284
1807 1284
1825 1284
1979 1284
2031 1284
2088 1284
1849 1285
1503 1286
1589 1286
1300 1287
1375 1287
1475 1287
1499 1287
1639 1287
2007 1287
2015 1287
1856 1288
1910 1288
1377 1289
1480 1289
1536 1289
1600 1289
1707 1289
1803 1289
1849 1289
1856 1289
1870 1289
1935 1289
2046 1289
2096 1289
1307 1290
1329 1290
1377 1290
1412 1290
1567 1290
1577 1290
1668 1290
1809 1290
1848 1290
2005 1290
2027 1290
1311 1291
1809 1291
1954 1291
1990 1291
2044 1291
2096 1291
1377 1292
1399 1292
1567 1292
1807 1292
1751 1294
1688 1295
1482 1296
1518 1296
1777 1296
1981 1296
1565 1297
1869 1297
1488 1298
1536 1298
1870 1298
1323 1300
1375 1300
1399 1300
1475 1300
1499 1300
1539 1300
1543 1300
1604 1300
1639 1300
1689 1300
1756 1300
1767 1300
1825 1300
1856 1300
1910 1300
1941 1300
1976 1300
2006 1300
2007 1300
2015 1300
2025 1300
2047 1300
2071 1300
2080 1300
1340 1302
1544 1302
1708 1302
1737 1302
1849 1302
1870 1302
1945 1302
2009 1302
2094 1302
1462 1303
1484 1304
1659 1304
1661 1304
1871 1304
1501 1305
1928 1306
1494 1308
1517 1308
1706 1308
1364 1309
1377 1309
1567 1309
1609 1309
1694 1309
1719 1309
1769 1309
1807 1309
1940 1309
2014 1309
1432 1310
1726 1311
1809 1311
2044 1311
2096 1311
1661 1312
1610 1313
1809 1313
1471 1316
1426 1317
1767 1317
1856 1317
2061 1317
1496 1318
1744 1318
1493 1319
1515 1319
1389 1321
1543 1322
1550 1322
1644 1322
1475 1323
1499 1323
1539 1323
1563 1323
1593 1323
1604 1323
1639 1323
1689 1323
1730 1323
1825 1323
2007 1323
2015 1323
2080 1323
1849 1324
1593 1325
1627 1325
1699 1325
1693 1326
1355 1327
1443 1327
1737 1327
1889 1327
2082 1327
1533 1328
1709 1328
1495 1329
1790 1333
1970 1333
1969 1334
1586 1336
1940 1338
1870 1339
1516 1340
1737 1340
1377 1341
1565 1343
2032 1343
2074 1343
1430 1345
1807 1345
1999 1345
1358 1346
1401 1346
1914 1346
2086 1346
2105 1346
1907 1347
1362 1349
1517 1349
1706 1349
1817 1349
1882 1349
1372 1351
1516 1351
1596 1352
1791 1353
2044 1353
2050 1353
1824 1354
1369 1355
1443 1355
1448 1355
1463 1355
1464 1355
1484 1355
1557 1355
1571 1355
1600 1355
1603 1355
1660 1355
1661 1355
1719 1355
1737 1355
1744 1355
1746 1355
1754 1355
1799 1355
1824 1355
1826 1355
1839 1355
1889 1355
1935 1355
1951 1355
1957 1355
2034 1355
2082 1355
2103 1355
1907 1357
1430 1359
1665 1359
1807 1359
1653 1361
1517 1362
1600 1362
1637 1362
1706 1362
1817 1362
1882 1362
1377 1364
1567 1364
1719 1364
1807 1364
1873 1364
2035 1364
1689 1369
2090 1370
1501 1373
1678 1373
1689 1373
2007 1373
1475 1375
1499 1375
1639 1375
2005 1375
2007 1375
2015 1375
1543 1376
1792 1376
1966 1376
1994 1376
1399 1377
1407 1377
1409 1377
1442 1377
1536 1377
1567 1377
1650 1377
1707 1377
1719 1377
1769 1377
1772 1377
1807 1377
1823 1377
1849 1377
1939 1377
1996 1377
2096 1377
1427 1378
1716 1378
1729 1378
1831 1378
1932 1378
1695 1379
1443 1381
1516 1381
1536 1381
1744 1381
1760 1381
1780 1381
1930 1381
1945 1381
1991 1381
2029 1381
1848 1382
1553 1384
1899 1384
1403 1385
1665 1385
1807 1385
1825 1385
1979 1385
2031 1385
1404 1387
1889 1387
1873 1390
1800 1391
1484 1393
1754 1394
2006 1395
2070 1398
2109 1398
1442 1399
1493 1399
1567 1399
1650 1399
1807 1399
1856 1399
1889 1399
1939 1399
1976 1399
1996 1399
2071 1399
2090 1399
1665 1401
2002 1401
1420 1403
1472 1403
1506 1403
1518 1403
1570 1403
1608 1403
1622 1403
1643 1403
1645 1403
1676 1403
1743 1403
1806 1403
1876 1403
2017 1403
2071 1403
2088 1403
2107 1403
1551 1404
1633 1404
1838 1404
1729 1405
1665 1406
2031 1406
1501 1408
1807 1409
1621 1410
1988 1410
1694 1411
1622 1412
1695 1412
1809 1412
1721 1416
1800 1419
1665 1420
1807 1420
1825 1420
1979 1420
2031 1420
1902 1421
2077 1422
1444 1424
1835 1424
1931 1424
1556 1426
1844 1426
1989 1426
2058 1426
1612 1428
1550 1430
1556 1430
1665 1430
1712 1430
1729 1430
1807 1430
2002 1430
2070 1430
1742 1431
2044 1432
1484 1433
1565 1433
1888 1433
1535 1435
1589 1435
1834 1436
1883 1436
1501 1437
2005 1440
1567 1442
1807 1442
1737 1443
1746 1443
1839 1443
1889 1443
1945 1443
2082 1443
1931 1444
1453 1446
1553 1446
1680 1446
1724 1446
1730 1446
1758 1446
1769 1446
2039 1446
2096 1447
2109 1447
1456 1448
1512 1448
1583 1448
1600 1448
1636 1448
1779 1448
2090 1448
1921 1449
1939 1449
1965 1450
2062 1450
1800 1452
1509 1453
1680 1453
1730 1453
1911 1453
1947 1453
1964 1453
2039 1453
2091 1453
1870 1454
1957 1456
1849 1459
1556 1462
1730 1465
1749 1465
1629 1469
1718 1469
1861 1469
1943 1469
1522 1470
2055 1470
1645 1472
1665 1472
1807 1472
1825 1472
1851 1472
1979 1472
2031 1472
1563 1473
1605 1473
1709 1473
1792 1474
2019 1474
1499 1475
1539 1475
1604 1475
1639 1475
1689 1475
1754 1475
1756 1475
1761 1475
1825 1475
2007 1475
2015 1475
2025 1475
2044 1475
2047 1475
2080 1475
2069 1476
1543 1477
1910 1477
1517 1478
1706 1478
2079 1478
1944 1479
1586 1480
1892 1480
1535 1481
1805 1482
1922 1482
1943 1482
1769 1483
1512 1484
1661 1484
1779 1484
1830 1484
1888 1484
1927 1484
2044 1484
2061 1484
1512 1485
1553 1486
1769 1486
1889 1486
2089 1487
1907 1490
1889 1493
1943 1493
2071 1493
1519 1494
1550 1494
1665 1494
1706 1494
1807 1494
1891 1494
1535 1495
1573 1495
1618 1495
1734 1495
1852 1495
1967 1495
2015 1495
1744 1496
1557 1498
1539 1499
1604 1499
1639 1499
1663 1499
1689 1499
1756 1499
1825 1499
2007 1499
2015 1499
2025 1499
2080 1499
1545 1501
1612 1501
1642 1501
1713 1501
1734 1501
1868 1501
2041 1501
1589 1503
1733 1503
1768 1503
1665 1506
1807 1506
1825 1506
2031 1506
1675 1507
1954 1508
1870 1510
2009 1511
1888 1512
1800 1513
2079 1514
1836 1515
1708 1516
1543 1517
1575 1517
1576 1517
1626 1517
1706 1517
1767 1517
1806 1517
1817 1517
1856 1517
1907 1517
1941 1517
1943 1517
2006 1517
2008 1517
2058 1517
1686 1518
1540 1520
1636 1521
1888 1521
2018 1521
1967 1522
2064 1523
1954 1526
1550 1528
1644 1528
1940 1529
1958 1531
2096 1531
1659 1532
1865 1532
1563 1533
1709 1533
1543 1534
1546 1534
1811 1534
1589 1535
1879 1535
1967 1535
2015 1535
2079 1535
2102 1535
1665 1536
1744 1536
1823 1536
1849 1536
1870 1536
1945 1536
2059 1536
2071 1536
2096 1536
1639 1539
1689 1539
1963 1539
2007 1539
2015 1539
1607 1540
1977 1540
1809 1541
1546 1543
1653 1543
1665 1543
1685 1543
1712 1543
1792 1543
1796 1543
1811 1543
1897 1543
1968 1543
2093 1543
1568 1544
1737 1544
1816 1544
1811 1546
1758 1547
1988 1549
1644 1550
1794 1550
1952 1550
1567 1552
1594 1553
1784 1553
1972 1553
2052 1553
2080 1553
2101 1553
1844 1554
1737 1557
1889 1557
1951 1557
2082 1557
2009 1558
1888 1559
2044 1559
1783 1560
1926 1561
1639 1562
2080 1562
1593 1563
1609 1563
1709 1563
1806 1565
1622 1567
1650 1567
1719 1567
1760 1567
1769 1567
1807 1567
1809 1567
1848 1567
1939 1567
1996 1567
2082 1567
1665 1570
1807 1570
1825 1570
1979 1570
2031 1570
1737 1571
1889 1571
1951 1571
2082 1571
1706 1576
1767 1576
1943 1576
2034 1577
1811 1578
2005 1578
1849 1579
1600 1581
1754 1581
1809 1585
1600 1586
1892 1586
1975 1586
2046 1586
1800 1587
1726 1588
1733 1589
1744 1589
1768 1589
1967 1589
2031 1591
1901 1592
2096 1592
1609 1593
2052 1594
1934 1595
1659 1596
1856 1600
1935 1600
1957 1600
1659 1603
2095 1603
1639 1604
2007 1604
2015 1604
2025 1604
1988 1606
1730 1609
1977 1612
2108 1612
1806 1614
1737 1616
1927 1616
1816 1617
1849 1617
1918 1620
1693 1621
1760 1622
1809 1622
1848 1622
1976 1622
2046 1622
2082 1622
1631 1623
2061 1625
2071 1625
1706 1626
2044 1632
2044 1634
2079 1636
1645 1638
1663 1639
1689 1639
1752 1639
1756 1639
1761 1639
1798 1639
1825 1639
2007 1639
2015 1639
2025 1639
2047 1639
2080 1639
1801 1641
1692 1642
1948 1642
2031 1643
1794 1644
1952 1644
1665 1645
1807 1645
1825 1645
1876 1645
1979 1645
2031 1645
2088 1645
1967 1646
1726 1648
1807 1650
1844 1651
1665 1653
1706 1653
1865 1653
1918 1653
2031 1654
1809 1656
2090 1657
1677 1659
1744 1659
2044 1659
1737 1660
1889 1660
1951 1660
2082 1660
1779 1661
1858 1661
1888 1661
2041 1662
1825 1663
1729 1664
1676 1665
1743 1665
1807 1665
1814 1665
1820 1665
1876 1665
1962 1665
2017 1665
2031 1665
2071 1665
2076 1665
2088 1665
2107 1665
1945 1667
2002 1668
2005 1668
1969 1669
1753 1670
1779 1670
1809 1670
1917 1670
2006 1670
2024 1670
1926 1673
2044 1674
1727 1675
1807 1676
1979 1676
2031 1676
1806 1679
1891 1679
1730 1680
1875 1684
1764 1685
1792 1685
2028 1687
2007 1689
2015 1689
1730 1690
2030 1694
1806 1697
1969 1697
1749 1702
2089 1703
1800 1704
1718 1706
1817 1706
1856 1706
1941 1706
2006 1706
2008 1706
2058 1706
1766 1709
1845 1709
2089 1710
1807 1712
1785 1718
1731 1719
1807 1719
1824 1719
1920 1720
1730 1723
1809 1726
2012 1726
2044 1726
2096 1726
1748 1728
2072 1728
1878 1730
1911 1730
1947 1730
1833 1732
1746 1737
1799 1737
1826 1737
1839 1737
1889 1737
1951 1737
2040 1737
2082 1737
1807 1743
1825 1743
1979 1743
2031 1743
1754 1744
1824 1744
1888 1744
1935 1744
2071 1744
1889 1746
1951 1746
2082 1746
2072 1748
1763 1749
1904 1749
1974 1749
1779 1750
1824 1754
1830 1754
2007 1756
2015 1756
1897 1757
1809 1760
1848 1760
1912 1760
2082 1760
1794 1763
1796 1764
1829 1765
1943 1767
2006 1767
1807 1769
1849 1770
2070 1773
1792 1774
1949 1779
2044 1783
1804 1788
1816 1788
1815 1791
1796 1792
1811 1792
1897 1792
2019 1792
1949 1793
1909 1795
1957 1795
2112 1795
1889 1799
1951 1799
2082 1799
1827 1800
1867 1800
1886 1800
1936 1800
1807 1802
1856 1803
1935 1803
2046 1803
1816 1804
2071 1804
1856 1806
1891 1806
1969 1806
2071 1806
1876 1807
1939 1807
1954 1807
1996 1807
2017 1807
2031 1807
2072 1807
2076 1807
2084 1807
2088 1807
2107 1807
1848 1809
1966 1809
1985 1809
2027 1809
2044 1809
2082 1809
2096 1809
1897 1811
1968 1811
2001 1813
1979 1814
2031 1814
1843 1816
1991 1816
1853 1817
1882 1817
1979 1820
2031 1820
1907 1821
1954 1822
1849 1823
1855 1823
1907 1823
2096 1823
1957 1824
2071 1824
2007 1825
2015 1825
2031 1825
2088 1825
1889 1826
1906 1826
2082 1826
1931 1835
1889 1839
2082 1839
1989 1844
2063 1844
1864 1845
1926 1845
2082 1847
1849 1848
1912 1848
2027 1848
2046 1848
2082 1848
1865 1849
1870 1849
1992 1849
2096 1849
2099 1849
1907 1856
1935 1856
2044 1856
2046 1856
1983 1859
1907 1861
2096 1865
1945 1872
2031 1874
2088 1874
1979 1876
2031 1876
1881 1877
1976 1877
2026 1877
1976 1881
2027 1882
1986 1884
2093 1884
1919 1889
1941 1889
1951 1889
1976 1889
1986 1889
2006 1889
2061 1889
2071 1889
2082 1889
2053 1890
1987 1891
2036 1891
2044 1900
1929 1901
2096 1901
1907 1902
1943 1907
1941 1910
1920 1912
1969 1912
2046 1912
2082 1912
2057 1915
2007 1917
1980 1931
2006 1933
2044 1935
2046 1935
1970 1937
1976 1943
2002 1943
2005 1943
2006 1943
2075 1943
2079 1943
2106 1943
2059 1945
1955 1946
2081 1949
2082 1951
2100 1953
2077 1954
2096 1958
2031 1962
2041 1973
2006 1976
2090 1976
2108 1977
2017 1979
2031 1979
2107 1979
2008 1986
2093 1986
2058 1989
2061 1993
2099 1996
2035 2003
2024 2006
2071 2006
2015 2007
2025 2007
2080 2007
2025 2015
2047 2015
2080 2015
2071 2016
2031 2017
2041 2022
2031 2023
2046 2027
2082 2027
2076 2031
2088 2031
2107 2031
2096 2044
2101 2052
2071 2059
2109 2096
