849 1982
1005 1618
305 377
361 1636
1121 1830
56 1888
985 1048
127 293
739 1650
746 1659
357 1312
79 1622
5 1760
79 617
407 1304
250 879
114 1253
494 1650
48 476
750 1377
712 1362
471 609
174 1622
1121 1622
1779 1949
293 1585
879 2005
117 1672
1116 1967
1244 2095
137 1777
965 1052
609 639
5 164
1521 1888
422 471
104 1382
301 1380
789 1258
1023 1753
104 985
1719 1731
1803 1935
8 1412
349 1884
1061 1484
417 1824
422 1030
1289 1935
1349 1362
361 1600
492 494
733 1171
695 1884
1048 1304
407 484
1030 1567
1273 1760
1532 1659
609 1377
654 999
841 1622
985 1484
1362 1882
879 1803
753 1048
636 985
471 517
44 762
871 1848
1006 1817
1661 1888
835 1343
1646 1967
55 1030
57 1448
330 988
835 1484
306 1957
361 1731
237 1659
174 1070
246 1121
1636 2079
1244 1779
1106 1399
607 1803
1030 1106
44 1518
46 647
979 1659
407 647
778 988
1121 1304
168 1578
417 636
305 1399
293 988
210 512
1670 1917
1620 1918
57 940
794 1896
306 1909
1179 1686
1030 1939
353 1795
1289 1377
377 1567
377 1106
126 733
196 1659
57 1901
1030 1399
11 1433
46 616
1377 1996
361 1803
437 2027
57 949
1364 1873
48 134
1009 1888
733 1119
23 1495
494 1030
126 1957
164 481
455 1672
202 329
1377 1567
739 984
353 1909
150 546
1121 1581
656 739
305 1377
55 739
746 1143
407 1512
246 1253
1578 2005
879 1650
295 1128
13 311
359 1600
1030 1377
1484 1927
417 988
1370 2090
662 746
616 647
1290 1668
166 1565
1795 2112
134 1185
1433 1888
746 1565
83 1470
1075 1242
377 1292
361 2046
167 733
1121 1484
361 1935
1484 1830
426 1362
1114 1137
1470 2055
53 1048
1484 1512
407 1244
73 407
474 546
609 1650
305 1106
309 1525
471 1567
2027 2046
654 1377
1567 1760
305 422
53 1121
56 1670
474 1824
1050 1484
1482 1805
236 1637
1824 1957
528 1524
316 1585
1567 1769
494 1939
1245 1622
1485 1512
849 1901
46 1218
284 1753
546 1659
1223 1362
984 1719
56 293
512 2090
1024 1578
517 739
984 1860
311 878
1044 1050
79 1785
349 2093
118 739
659 1436
1304 1659
48 1888
282 2090
1884 2093
471 984
772 1121
1581 1600
407 1023
1661 1858
377 1442
739 1399
763 1817
311 975
984 1309
254 526
588 1818
1309 1364
560 2093
817 1779
1495 1573
1196 1670
64 1023
504 1495
1399 1567
305 1442
167 938
656 1030
329 1019
236 1600
250 453
305 984
417 742
1280 1349
1622 2046
75 1068
127 1290
680 1252
739 879
750 1106
451 1844
361 1289
1433 1484
609 1810
57 512
739 1309
293 746
1030 1863
733 1005
733 1795
955 1289
84 1518
246 309
293 945
733 1481
1592 1901
75 1795
271 1578
945 1433
305 656
305 494
686 985
277 1196
250 792
519 1019
79 896
984 1442
330 1143
1399 1650
337 1171
695 1986
739 1106
1651 1844
679 1495
57 503
455 596
1377 1407
1075 1458
1622 1848
927 1455
1659 1677
330 1464
679 837
246 636
1312 1661
1207 1892
835 1121
750 1292
126 554
772 1622
1030 1292
377 1399
1098 1279
1258 1448
1023 1765
557 1573
1567 1996
1137 1722
474 988
55 137
1292 1567
609 1442
23 988
174 1522
1448 2090
293 1050
481 1245
79 1006
301 1719
1048 1927
494 1377
1193 1957
1154 1371
1106 1377
361 1495
1061 1779
301 1567
1765 1829
739 1578
101 946
1143 1754
1206 1362
1048 1121
1006 1853
305 1918
357 988
313 1330
190 1128
712 1512
55 609
920 1636
1290 1567
835 1433
1023 1585
746 1121
750 1442
311 382
1292 1377
504 763
1341 1377
56 227
1006 1280
494 750
44 55
609 1110
1154 1859
848 2100
293 316
1303 1462
168 905
817 1750
127 1023
426 1349
885 1290
301 1423
746 1670
1521 2018
1817 1882
306 1795
164 1000
168 2060
261 984
560 695
600 1518
377 494
305 471
984 1377
79 246
417 1818
750 1939
330 722
44 254
779 1848
1661 1779
596 1672
305 1939
422 609
471 1030
557 1034
764 849
1484 1779
48 79
306 1119
344 1377
837 1495
471 1939
23 746
1290 1329
1118 1661
1377 1939
1140 1769
1005 1824
488 1785
805 2000
117 1217
1289 1480
359 1957
1030 1866
407 1871
14 1795
512 1848
293 1592
609 1967
546 1858
407 1581
306 554
246 474
101 1485
1121 1871
1121 1522
53 1061
261 1377
600 1482
56 967
166 1717
763 1927
583 1578
494 1121
48 1583
1019 1470
164 1578
301 1364
46 264
763 1171
293 1888
1252 1848
53 636
1054 1622
1108 1309
377 609
202 233
557 1900
202 1967
615 764
1052 2066
56 1949
494 1139
1234 1747
609 1769
849 1819
56 988
1668 2005
488 1382
1399 1939
739 1442
546 988
134 1661
95 763
480 874
763 1310
1204 1957
984 1567
1442 1567
377 422
233 361
305 1567
361 1738
471 494
494 1364
609 1996
1377 1399
695 874
1522 1967
746 1582
619 1844
656 750
293 1661
1009 1521
1252 2046
988 1957
207 311
746 1034
1495 1852
141 1754
57 955
407 806
390 1818
23 246
744 1844
532 1128
309 1201
79 720
14 1098
167 306
377 1211
377 750
1349 1882
1196 1244
471 1650
441 503
23 1747
168 1848
794 1006
1204 1795
126 1193
1290 1377
134 1196
871 918
1048 1888
750 1719
53 1044
56 1779
1048 1935
75 1121
1412 1622
23 1659
1336 1586
1399 1442
127 1760
349 560
118 1848
264 1218
733 938
720 849
583 1778
1795 1909
481 1255
1377 1719
647 1100
739 1364
837 1434
970 1495
1023 2046
967 1600
609 750
512 2046
309 807
53 1779
79 1772
636 746
765 1482
326 739
99 1468
313 1121
1793 1949
263 1485
79 805
494 1719
246 896
407 1779
1125 1143
64 1114
357 1888
1352 1596
196 1023
1098 1392
196 1532
2003 2035
55 305
8 1622
168 1024
233 1137
1061 1888
849 1892
494 1292
407 849
1030 1442
1304 1661
985 1888
984 1106
293 1670
8 1290
1750 1779
1005 1171
795 2045
246 1581
254 1803
407 474
155 168
196 1918
309 1455
309 1637
202 609
426 1882
1121 1779
984 1399
1412 1695
301 1377
246 313
946 1485
422 739
349 1484
56 746
609 1364
1935 2046
311 1844
555 1824
164 1273
202 1019
1023 1848
1218 1263
8 79
1848 2046
750 1567
1121 1433
879 1024
494 1996
1354 1824
164 820
1586 2046
1377 1409
1128 1485
53 1118
739 1939
301 1769
305 750
313 1394
528 1448
820 1578
306 733
1710 2089
494 1442
305 517
325 1769
488 686
55 1777
293 838
202 1005
746 1935
14 1135
953 1795
945 1512
1140 1483
1877 2026
57 528
1244 1448
1061 1710
484 1044
233 359
246 1124
1559 1888
422 1070
1116 1522
1005 1677
53 476
476 1559
701 1121
1290 1848
1719 1824
309 1779
55 377
494 1567
659 1818
1244 1257
55 750
164 1495
1487 2089
504 1206
946 1512
377 739
584 1252
1760 1848
778 962
1087 1252
878 1252
407 1888
417 1436
196 1848
1121 1244
57 841
79 2095
1289 1600
494 609
1309 1719
23 330
1245 2100
139 841
820 1981
988 1659
207 1252
603 896
1309 1567
377 1996
55 422
164 1695
293 407
1006 1154
361 756
55 471
560 1596
196 1620
451 1252
330 546
23 1118
377 517
656 1399
1882 2027
1364 2035
1518 1686
196 1290
494 1810
57 1377
746 1858
988 1495
330 435
1009 2079
417 541
1005 2079
988 1124
1121 1330
879 1778
75 1957
1023 1252
1512 1888
1554 1844
48 746
1135 1795
1290 1307
1567 1848
609 1567
75 167
1567 1650
1260 1818
756 1618
55 1296
293 1061
79 1438
1009 1196
75 1909
1006 1289
996 1377
407 1829
293 1484
745 1252
1061 1121
1603 1659
806 1829
481 1939
1474 2019
763 1695
139 1244
377 1030
512 1771
512 1877
609 1495
1364 1377
494 984
48 1121
750 1779
739 1769
1061 1896
763 1048
359 967
1100 1637
555 1754
453 879
609 1939
494 1106
1223 1817
293 1185
149 1075
763 1495
1121 1196
309 1858
167 985
1567 1622
246 295
781 2090
739 1996
55 494
23 282
1297 1869
609 1731
437 1882
1377 1772
739 1377
53 293
56 945
1252 1844
110 1672
1657 2090
1343 1565
293 1304
293 750
1567 1719
967 1661
750 1399
207 2104
494 1779
156 1482
1297 1565
512 1382
141 988
48 1618
1817 1853
914 1848
248 377
57 1877
55 984
14 953
1290 2005
46 1263
377 1377
746 1044
305 1659
164 1290
794 1710
600 1777
1245 1451
422 984
945 1009
517 1567
1484 1888
8 1462
750 1996
1190 2018
84 2089
23 946
1480 1892
1703 2089
1075 2043
407 789
407 1935
1023 1290
739 1292
453 1134
349 407
647 746
210 1877
984 1364
1586 1600
1030 1650
141 967
23 141
874 1884
1495 1618
984 1650
609 1399
519 1005
246 1362
14 1909
988 1484
422 494
301 984
1377 1650
1448 1456
712 1637
1061 1661
164 512
114 246
407 1949
829 984
1019 1116
101 1512
1257 2095
988 1661
1754 1824
1343 2032
1670 1753
293 1659
1196 1949
1106 1567
207 2021
849 955
583 879
1362 1637
168 937
227 1670
506 647
164 1760
168 739
301 494
1196 1464
79 1383
1296 1518
514 1860
1482 1922
293 1636
988 1393
1252 2063
746 1484
1098 1260
56 407
1292 1399
361 763
656 1567
746 750
1309 1377
980 1171
546 1474
306 938
955 1006
750 1030
494 739
616 1263
301 939
377 471
503 512
305 1996
202 1495
79 849
1600 1935
529 1514
1047 1986
5 1567
23 1957
171 254
282 1600
196 305
609 1106
494 1731
1521 1636
473 1860
1075 1981
1309 1769
1436 1834
48 1484
1296 1777
1859 1983
48 53
1953 2100
309 1171
101 938
1296 1482
83 1005
837 1128
506 1362
1362 1600
435 1289
8 1303
494 517
1567 1939
246 1967
1061 1369
1252 1273
789 1637
357 1448
1362 1817
1803 2046
1056 1581
1884 1986
1005 1731
879 1578
5 1070
349 1196
1289 2046
1480 1586
656 984
609 984
79 1901
84 820
512 781
246 1600
526 827
55 1377
1030 1996
1844 2063
168 1487
55 1686
313 1581
79 1819
174 883
849 1207
1848 2027
168 1803
609 1030
471 1377
1005 1495
517 1030
57 357
609 656
282 357
733 1957
422 750
167 1795
849 1765
1603 2095
55 1399
1196 1779
311 745
680 1844
1196 1512
1433 1565
56 1448
494 656
167 1121
305 609
114 1128
149 1777
494 1769
841 987
1257 1603
1349 1817
50 1436
1440 2005
250 1760
471 1399
739 1567
1495 1967
250 1005
1009 1636
849 1289
248 1211
1121 1659
29 1252
246 417
1448 1583
1006 1349
471 1292
53 1559
246 1128
583 1462
588 1795
841 2095
1586 1892
1030 1524
763 1103
53 1189
953 1135
1304 1484
305 1030
609 1292
277 407
349 874
174 1179
75 733
36 779
763 1967
453 820
56 1592
733 1495
1329 1495
1514 2079
311 2021
588 1098
733 1273
1754 1830
1483 1769
313 1967
1196 1474
330 1125
970 1470
1296 1981
841 1399
311 481
975 1252
1470 1522
557 746
1128 1253
301 609
305 1532
517 1399
756 1370
422 1399
301 1309
57 2026
1552 1567
1364 1567
23 695
1001 1495
64 1137
196 1622
305 1292
53 1484
64 827
733 1909
1217 1672
946 988
1364 1719
316 849
1290 1412
1244 1603
967 1719
272 1482
422 1377
1171 1548
164 1848
1484 1661
79 848
494 1399
1622 1760
1264 1290
271 1269
79 1418
306 1481
988 1747
1128 1646
1135 1909
609 739
871 1467
357 2090
164 1541
349 1888
512 1567
984 1996
168 879
1024 1179
15 1369
874 2093
480 560
57 1289
560 874
1121 1489
471 739
293 1204
8 1618
79 435
546 746
382 1252
99 494
377 656
233 1967
1581 1754
246 1959
985 1512
1121 1371
517 750
739 1030
1019 1797
359 407
967 1143
1244 1304
171 1803
541 1098
1394 1754
609 1171
788 1448
167 1949
609 1719
277 1448
504 1817
126 1456
15 1061
75 938
377 1650
377 984
1379 1695
1377 1769
264 1263
234 1567
1390 1873
55 1567
1448 1512
1596 1659
473 514
517 609
494 1309
1190 1352
233 756
236 359
1986 2093
817 1468
232 1260
967 1559
286 301
984 1769
1009 1448
5 1264
315 1848
171 607
23 534
315 914
377 1939
763 1005
437 1349
57 79
471 1996
164 1252
609 1019
795 1075
407 750
236 636
619 1252
504 1362
1124 1659
1901 1929
167 1484
164 1622
5 1622
484 1121
1670 1779
1399 2090
422 1567
305 739
57 1154
293 1750
57 488
1 14
309 1661
1289 1803
5 1412
817 1052
417 1883
293 1433
272 2005
945 1659
305 1650
1075 2045
1121 1448
967 1824
128 1848
1393 1484
156 765
1343 2074
349 695
746 1754
1795 1957
309 1082
492 1950
1098 1795
8 1760
885 1495
546 557
29 311
1600 1957
609 1309
246 985
64 1722
1222 1448
984 1030
471 1442
517 984
1304 1871
168 1075
167 1957
1253 1263
1121 1888
1005 1119
1190 1521
532 560
1377 1442
1456 1957
79 1289
1399 1996
1448 1636
168 598
167 1304
636 789
1448 1779
76 746
1252 1554
311 584
609 1470
471 1106
494 817
167 1909
999 1377
246 1100
453 814
1382 1848
1128 1959
141 1824
43 488
600 1296
871 914
293 1009
833 2043
739 750
246 546
1024 2005
301 739
44 827
233 1495
656 1377
796 1171
848 1245
357 750
750 1754
517 1377
164 1567
268 1581
250 1824
954 1309
171 1629
309 2110
349 1121
938 1909
264 616
293 1565
150 1433
1290 2027
167 1888
1204 1909
750 1650
1448 1600
750 984
57 987
1436 1883
580 1844
712 1817
53 1888
1075 1296
1309 2014
407 695
56 546
954 1873
5 1848
1048 1484
808 1754
357 528
877 879
453 600
609 965
127 316
236 546
1068 1524
739 1024
15 1539
23 1475
23 245
43 714
53 825
55 1807
56 2006
79 608
79 912
79 276
79 652
79 449
37 79
139 208
139 273
149 223
164 1488
154 168
168 1300
30 171
250 2071
222 250
250 1744
245 261
261 1807
284 2006
217 293
293 825
301 869
301 1040
49 301
301 1807
301 342
208 305
305 1807
305 870
305 912
305 1767
305 1653
245 305
305 1361
30 305
305 1806
154 305
305 2006
309 1907
309 825
311 1989
313 2092
217 316
349 825
241 361
361 1856
377 1807
377 1276
30 407
407 825
422 1807
435 646
437 1706
437 621
437 1517
453 1281
453 2071
471 1807
480 1639
481 1488
494 1807
97 494
512 1976
512 663
512 1881
517 1401
517 1807
130 517
529 1767
532 1689
555 1665
223 600
609 1807
342 609
647 1718
647 1469
656 1807
722 859
739 1807
746 1475
750 1807
604 763
765 1022
794 860
37 805
817 2084
618 841
273 841
37 841
841 1976
542 849
877 2071
879 2071
885 1604
825 945
984 2006
604 984
392 984
154 984
342 984
984 1807
825 985
245 988
1005 2015
981 1006
1006 1706
825 1009
1023 1425
30 1023
1024 1375
1030 1807
707 1030
208 1047
825 1048
1048 2061
860 1061
1070 1287
869 1098
1106 1807
1118 1744
401 1121
825 1121
428 1143
1171 2015
401 1179
825 1196
1244 1270
280 1244
1244 1889
30 1244
273 1244
1252 1989
1269 1611
1273 1515
189 1273
1280 1706
1280 1517
1289 1856
241 1289
1292 1807
223 1296
825 1304
1309 1807
624 1349
1349 1706
1349 1517
1362 1706
1362 1517
1364 1807
1369 1689
276 1377
1377 1807
548 1382
1300 1399
1399 2071
1399 1807
1399 1493
30 1399
976 1399
1399 1889
299 1399
912 1399
1399 1976
915 1399
296 1407
1409 1807
870 1436
1191 1436
1442 1807
1462 1556
613 1462
223 1482
1482 1943
825 1484
1484 2061
490 1487
1495 2015
825 1512
1403 1518
825 1521
707 1524
245 1532
1565 1806
1567 1807
245 1578
222 1578
178 1578
241 1586
1586 1975
1600 1856
241 1600
1622 1976
1403 1622
1469 1629
1650 1807
825 1661
1668 2002
447 1668
1670 2006
1670 2024
800 1672
604 1672
604 1695
1719 1807
1475 1754
864 1760
333 1769
1769 1807
223 1777
825 1779
1718 1785
241 1803
30 1803
1803 1856
1517 1817
1706 1817
1191 1818
1824 2071
1844 1989
1426 1844
1107 1848
1088 1859
1033 1859
1062 1860
1877 1881
1877 1976
663 1877
1107 1882
217 1888
568 1892
542 1892
854 1901
243 1909
1917 2007
1653 1918
604 1927
241 1935
1856 1935
1807 1939
189 1957
1088 1983
1986 2008
1807 1996
1943 2005
1375 2005
241 2046
1856 2046
1943 2079
1478 2079
1976 2090
37 2093
273 2095
305 2071
