74 1183
499 969
569 774
135 921
153 1991
1533 1709
1612 2108
676 705
1664 1729
182 633
957 1991
258 1043
633 702
77 890
929 1988
1166 1446
966 1940
1166 1274
327 1553
408 992
341 1842
752 1735
774 969
803 1250
966 1161
840 1730
1182 2010
350 590
469 1590
633 1074
35 522
160 973
1553 1784
255 258
992 1183
929 1374
350 1208
966 1074
1428 1612
461 1453
440 1617
502 593
516 717
320 966
934 1730
593 1709
702 1049
577 1387
966 1338
1723 1730
1043 1694
1730 1947
713 1166
625 713
205 1816
713 1729
285 1471
1387 1404
372 2078
387 1163
253 1387
703 2042
1262 1612
1800 1886
461 1374
281 1544
1074 1163
1157 1800
1453 1911
205 440
539 1007
1544 1568
633 1166
688 1647
963 966
440 1183
1788 1816
319 1387
387 1538
992 1590
1486 1553
1732 1833
367 569
1158 1642
459 1782
928 966
350 464
142 693
331 1166
543 633
688 890
285 421
94 966
934 1097
145 1094
206 1413
658 1250
350 355
928 1049
963 1940
1166 1729
205 969
54 1642
319 1162
253 1051
440 969
461 726
966 1445
430 1177
620 902
840 1097
146 688
522 1112
331 1903
425 486
1977 2108
1158 1875
350 783
774 811
398 1446
929 1295
1161 1163
369 1046
262 1784
1182 1450
87 966
642 923
702 966
461 1730
633 1041
693 1563
676 741
1094 1926
500 895
180 1012
969 1788
760 846
539 2052
214 331
593 634
575 702
702 1529
566 1977
1012 1461
375 1501
565 1730
1182 1282
1561 1926
821 1694
235 1816
673 1501
209 2062
1051 1500
1045 1816
929 1730
1051 1367
142 959
142 2052
300 1043
479 1553
1112 1732
1016 1166
1032 1683
341 1471
992 1066
341 1163
460 1911
351 992
544 1501
1010 1940
258 550
338 1923
633 1163
157 2056
1097 1563
1453 1730
774 1788
1028 1540
1612 1977
1172 2078
767 1452
74 440
408 440
522 539
1540 1977
443 741
1845 1926
727 1947
767 1886
1328 1709
1642 1948
74 969
427 1991
461 929
136 440
61 1587
258 660
901 1816
666 1730
1453 1680
1680 1730
633 1940
1271 1947
966 1041
1051 2083
929 1365
176 895
934 966
774 1183
341 2056
1553 1972
693 1097
94 1194
367 1032
969 1035
94 185
906 1097
235 429
959 1729
1097 1729
331 926
1181 1683
466 591
601 1080
569 851
650 774
703 1166
285 2048
457 1655
258 1079
1059 1800
1188 1200
544 1642
92 569
298 1404
895 1788
1453 2039
347 724
992 1804
633 1338
1446 1758
1473 1605
464 693
1045 1617
649 851
92 1177
331 1964
743 1501
1065 1177
1410 1988
61 1800
539 633
136 1066
1136 1250
925 1163
1446 2039
688 1741
1673 1926
696 1683
120 136
1162 1387
351 499
483 929
92 649
702 2033
840 1971
974 992
457 818
760 993
1254 1875
157 593
893 2033
1800 1827
696 1181
961 1529
425 1012
151 369
906 1450
992 1045
1080 1446
258 1598
327 1453
111 929
1709 1766
992 1035
906 1460
1042 1065
1035 1816
111 461
1437 1501
1127 1563
94 1097
1473 1563
691 2052
399 895
1166 1947
1501 1868
374 1181
483 1735
539 1250
94 1842
40 1157
688 1415
727 1331
969 992
136 205
1338 1940
1384 1899
591 1141
364 2041
1163 1628
339 2041
539 593
1080 1453
1404 1838
2052 2101
614 625
774 1617
35 1732
633 1161
895 1984
1074 1940
66 1200
1248 1691
702 928
45 483
670 2030
693 1249
1262 1540
258 606
372 1598
327 1202
347 1453
973 1936
1166 1453
1163 1338
440 1816
501 959
274 457
65 522
1274 1680
855 1784
285 2053
18 77
840 1741
151 875
1845 1864
327 676
516 1453
1333 1790
39 491
625 688
1158 1356
1166 1730
499 1045
69 1758
900 1501
74 901
1544 1816
461 1166
253 319
1041 1163
1621 1693
692 1131
499 1816
367 811
258 1955
1446 1453
94 1202
969 1804
367 1590
486 1544
94 501
961 1337
438 1947
136 1035
1501 1642
402 518
120 992
1010 1163
961 1940
461 760
983 1642
1609 1730
176 1315
925 1940
1094 1598
136 499
351 440
826 1964
959 1162
486 851
111 472
19 688
380 1642
809 1621
372 1441
633 966
898 1153
1946 1955
906 1112
1704 1800
440 895
331 1453
483 1080
593 1156
897 1410
1816 1843
1097 1249
486 957
486 737
1080 1200
855 1384
151 258
952 2052
1563 1709
421 1504
1076 1800
895 1652
327 1725
760 1887
1937 1970
1241 1501
461 834
666 929
1161 1940
929 1680
1549 1988
1411 1694
499 1804
758 1800
120 1045
327 1384
120 895
440 774
702 1940
255 1946
1617 1816
461 1693
415 1282
142 590
404 1198
285 368
1202 1729
87 702
767 1800
1623 1631
350 1845
929 1947
467 1988
1453 1947
331 929
1450 2062
1730 1878
499 992
1563 1609
136 901
440 1045
702 934
966 1010
499 774
18 1647
459 1544
577 1389
1251 1694
934 1529
1384 1553
341 1553
688 1166
443 1609
438 1344
142 593
461 620
350 501
1501 1545
929 1166
968 1471
430 1065
1333 1970
365 2065
94 350
591 2052
1097 1202
633 963
1136 1837
1788 1804
926 1453
666 1176
258 966
350 693
275 1200
895 947
1800 1867
112 1693
702 1597
1198 1446
142 1851
18 688
300 498
518 1666
539 688
593 812
331 1301
142 355
702 868
957 1816
1101 1972
1162 1623
1662 2041
427 774
430 851
341 1729
142 1208
369 1492
1804 1816
486 1012
559 1501
1051 1387
87 1658
327 630
466 1141
966 1658
1248 1800
1446 1553
331 461
1642 1692
142 350
350 1486
18 1509
1450 1965
963 1163
688 1729
92 367
120 440
142 783
901 992
39 593
160 2052
487 1553
1166 1940
630 926
774 974
992 1788
483 1730
539 1249
1295 1688
464 1247
840 906
372 491
1028 1520
142 1729
94 1450
230 2041
258 1251
387 966
665 1940
966 1049
1163 1940
440 1066
499 1035
1326 1693
891 2039
702 1658
606 821
1547 1758
461 1295
7 1080
895 1265
1094 2078
1730 1911
387 1010
961 966
372 1094
688 1940
925 966
1080 1566
142 464
1162 2097
1410 1621
94 1538
3 1387
33 1553
145 1441
285 790
803 990
1084 1800
1248 1513
105 421
966 1841
1045 1804
1501 2041
593 2065
1045 1752
350 1851
735 1158
443 660
966 2087
327 705
440 1788
193 688
253 1162
92 1032
642 1878
87 928
27 702
1529 1940
934 1841
383 1845
702 1025
1166 1680
94 341
91 373
1097 1730
136 1183
550 1694
881 1812
105 285
851 1177
633 1972
142 1486
327 1564
1408 1501
74 1788
206 1151
249 1617
74 1617
142 633
645 1970
454 1112
285 803
539 713
457 1926
1158 1711
389 1800
645 1544
1071 1274
575 1995
1453 1964
387 633
1816 1991
285 1598
120 774
539 751
1007 1598
1328 1533
136 351
145 372
1501 1612
457 1694
633 961
1158 1755
1800 1936
408 895
565 1784
688 1740
253 1404
1003 1553
74 1035
957 1544
966 1597
645 1937
688 840
136 1045
308 1694
440 901
593 1729
1690 1730
1553 2101
74 1045
408 1816
539 1598
340 1800
18 840
142 713
1316 1471
143 367
1501 1713
688 1509
258 457
1042 1177
929 1584
258 350
1513 1800
142 888
424 1642
566 1262
351 1804
374 1683
182 1609
205 1788
350 1450
875 1251
895 1617
136 1788
242 341
440 1035
499 1066
92 774
966 2033
1533 1563
660 1101
331 1730
576 760
633 1529
74 408
934 1940
1405 1729
350 1598
136 1617
135 285
205 992
633 925
136 408
440 1544
522 1182
929 1964
350 372
94 258
1183 1804
1166 1786
1277 1623
1080 1730
427 1816
702 2087
336 2087
351 774
1079 1694
499 1788
803 1923
1540 1607
929 1911
74 205
258 821
151 1655
593 1247
810 1042
452 1080
1147 1800
320 1155
350 1497
737 1012
840 1647
1158 1299
1008 1988
610 1544
340 767
1045 1788
633 934
1446 1730
486 1816
1594 2052
926 1363
1890 2053
710 2052
1305 1501
539 1729
633 1010
522 688
374 1457
211 1553
628 929
1112 1200
486 1461
685 1051
774 1045
642 1723
350 888
1446 1680
355 1208
1587 1800
206 1642
1520 1540
160 1166
751 1598
387 1940
665 966
928 1155
341 1202
840 1509
427 429
593 2056
122 1262
683 1316
408 774
633 741
992 1617
1080 1166
1404 1551
501 1162
1183 1816
41 1471
1035 1804
1166 1911
774 901
786 1162
575 966
1694 2030
1419 1800
26 1248
969 1045
1261 1553
467 2051
522 1786
774 1388
969 1816
851 1012
614 688
483 1166
929 1080
666 1166
522 1732
285 350
966 1163
518 1450
181 285
1074 1841
840 1609
201 1501
966 1529
94 1598
813 821
1452 1800
895 969
895 1262
1113 2041
34 1153
18 890
142 539
550 606
1453 1509
440 1752
153 1333
1262 2108
429 974
136 969
692 1450
387 1161
122 1607
961 1163
895 1066
440 1012
693 1486
890 1842
1149 1374
65 1837
1473 1709
691 1553
367 992
760 1893
239 1800
1012 1544
341 1446
320 702
1249 1598
565 952
430 810
348 1680
1248 1332
153 645
773 1964
774 1066
266 1875
884 929
810 1177
929 1453
205 774
777 1181
258 813
1041 1940
1684 1875
258 1880
327 1960
1709 1845
1321 1389
1973 2041
774 1992
153 1970
258 1694
262 479
258 308
162 1153
660 1972
373 713
929 1491
142 1166
929 1812
285 507
183 1491
1606 1988
142 1919
846 2111
483 1453
774 1035
1250 1471
1446 1724
430 1042
145 1598
1066 1804
27 966
929 1446
1404 1633
1553 1594
1153 1501
1553 2052
327 1097
1501 1734
39 1166
94 929
851 1042
153 1816
757 1758
693 1609
374 777
2022 2041
702 1445
258 2030
895 1215
327 1705
39 1214
39 1040
39 841
74 1005
92 1536
92 981
94 599
94 941
94 653
120 154
136 276
136 1536
136 1849
136 981
142 1053
142 1635
142 1737
142 651
142 393
142 618
142 1236
49 142
142 1235
142 1889
160 371
253 714
253 1493
253 1889
253 2071
258 1364
258 1377
258 494
258 609
258 1567
258 342
258 739
258 1769
258 984
258 1719
258 301
258 2035
258 1807
258 325
258 1221
258 1140
16 281
285 863
319 1300
319 463
154 319
319 1889
319 2071
327 599
331 697
331 463
341 1769
341 689
350 941
350 618
350 1889
350 1195
154 351
369 1140
372 863
374 1276
374 981
374 1033
374 1430
23 375
408 1849
440 1849
443 2031
304 459
459 528
459 1592
461 463
461 697
197 479
483 697
463 483
154 499
501 1195
243 522
522 2002
270 522
49 522
37 539
539 1532
539 1040
305 539
539 1653
49 539
565 860
565 1323
590 618
590 1889
301 591
49 593
301 593
593 1712
593 1807
304 610
330 610
625 1479
633 1716
633 1129
520 633
49 633
192 633
301 633
442 633
633 1427
633 651
633 1378
524 633
633 910
660 1195
651 688
49 688
301 688
688 1718
692 1195
693 1323
693 1309
713 2061
713 1927
49 713
301 713
741 1938
741 1499
767 1524
774 1197
774 794
647 840
840 1469
840 2071
618 888
895 2073
895 1005
895 1126
763 895
168 895
895 1797
895 1503
895 1849
202 895
556 895
759 895
895 1967
895 1495
895 1535
592 895
504 895
31 895
746 895
46 895
895 1848
906 1323
906 1195
697 929
463 929
863 929
49 934
934 1309
966 1195
966 1099
969 1005
371 973
154 992
333 1007
1035 1849
1045 1849
154 1045
583 1051
1066 1849
154 1066
1076 1391
463 1080
697 1080
1097 1309
1026 1097
1097 1323
1141 1217
618 1162
608 1162
1162 1807
1162 1494
1163 1769
463 1166
301 1166
49 1166
869 1166
697 1166
394 1166
49 1182
154 1183
1202 1430
608 1202
599 1202
618 1202
170 1248
657 1248
1040 1250
37 1250
1265 1355
746 1265
1224 1387
154 1387
1387 1889
583 1389
911 1389
333 1446
697 1446
1446 1769
463 1446
1195 1450
1453 2091
697 1453
463 1453
1486 1769
618 1486
1486 1889
75 1501
306 1501
1373 1501
711 1544
6 1544
304 1544
1030 1544
1544 1737
1027 1544
1302 1544
1553 2080
860 1553
333 1553
1563 1593
1323 1563
15 1594
1195 1598
1309 1609
1593 1609
1235 1609
1617 1849
697 1680
463 1680
1021 1694
1309 1694
608 1729
1378 1729
1053 1729
651 1729
1430 1729
49 1729
869 1729
301 1729
1026 1730
463 1730
1323 1730
697 1730
1465 1730
1495 1734
1639 1752
301 1786
1005 1788
1197 1790
586 1800
943 1800
1391 1800
1804 2071
154 1804
407 1816
599 1842
1472 1851
697 1911
463 1911
1889 1919
49 1940
1099 1940
1309 1940
463 1947
697 1947
1195 1965
333 1972
746 1977
1381 1991
1849 1992
640 2052
860 2052
1040 2052
49 2052
