132 1614
192 241
30 976
241 1517
1195 1689
335 2007
17 1820
1022 1475
49 2080
154 363
335 1033
1706 1718
323 1499
1499 1539
608 1665
2007 2080
2015 2080
17 1743
17 613
825 1375
1129 1378
37 2092
520 1323
1073 1323
1107 1517
401 1517
189 1210
830 1639
154 1109
1300 2006
1195 2025
1825 2031
863 2107
707 1756
17 1591
604 1645
1910 1941
776 1550
1203 1469
51 1403
1033 2007
860 1807
247 1595
707 1073
1022 1639
215 2023
899 1026
1891 1987
222 245
17 1506
51 2031
613 1494
423 1195
663 1517
1494 1891
1120 1856
572 1040
37 273
49 1570
173 646
49 323
342 1287
217 2017
1807 2088
1614 1806
1026 1807
863 1406
825 1539
222 1665
1653 1665
360 1195
1979 2031
1233 1665
1323 1539
208 1142
276 2025
976 1109
1576 1767
1040 1550
108 2007
175 1040
672 1550
215 1175
307 613
530 1479
864 1195
1323 1825
405 652
401 870
958 1033
908 1907
653 1403
859 1706
604 1876
604 1665
1021 1645
360 1639
223 1281
37 178
296 447
276 1639
513 1226
804 1026
12 1175
1195 1645
1706 2058
489 1256
804 1807
1300 1375
342 997
360 2015
604 899
273 1653
1475 1756
132 1891
17 1167
17 37
825 1073
37 944
276 2047
154 342
677 1401
30 1706
1021 1026
863 1026
276 1073
618 1570
30 1120
862 1230
1159 1665
276 830
582 1403
524 1915
1317 1767
323 1300
342 623
1479 1944
618 1021
490 860
825 1195
704 2031
1073 1639
161 2031
1175 2031
825 1300
1806 1891
17 1874
342 1689
1287 1639
342 2084
707 2015
682 2007
1284 1665
1814 1979
270 2002
572 1397
613 1014
1300 1499
909 1644
1039 1665
17 342
299 1706
30 1109
909 1528
1130 1644
822 1227
1175 1874
208 912
1078 1517
97 1961
392 401
434 1227
342 830
1021 1825
572 1550
30 1519
184 1159
257 1644
1089 1175
299 823
191 342
707 1033
217 1089
1317 1856
582 1979
882 971
1284 1825
1287 1300
653 1676
17 2076
1420 1979
707 2080
17 1021
1300 1941
222 657
941 1235
223 1033
49 395
342 1359
17 1665
217 1420
30 1494
1654 2031
1346 1401
223 1475
651 1235
178 618
342 1891
1026 1638
420 1961
823 863
825 830
1175 1233
1679 1891
542 1718
1039 1825
30 401
618 2107
1167 2088
154 1806
1300 1539
1109 2071
226 1697
49 1635
681 1593
222 1807
1167 1175
178 613
1814 2031
1475 2025
59 1214
1494 1665
997 2007
245 1938
345 490
419 1506
776 1644
828 1943
653 1807
651 860
342 1604
604 1570
37 1653
20 1427
1033 1604
1319 1493
613 1266
1539 2015
1026 1039
1539 1689
1040 1322
154 2071
470 1979
17 299
496 864
1665 1962
1517 1856
401 1203
859 1517
1026 1175
613 1718
1517 2058
1167 1807
161 1026
342 1475
1159 2031
1475 2007
1308 1494
154 1701
1229 1639
17 1430
37 1430
664 1494
608 1891
652 1505
2015 2025
17 618
288 1129
582 1807
864 2007
1160 2061
1221 1644
384 912
208 1493
1494 1706
1385 2031
226 1055
618 1644
299 1856
1011 1300
1109 1517
49 997
604 1284
322 563
470 1175
1749 1974
17 653
191 1639
179 401
599 2088
1401 1665
707 1639
2007 2015
1180 1488
102 223
335 2015
1300 1323
419 582
1403 1608
49 623
1300 2007
323 1475
273 1706
49 2015
49 1378
872 2098
59 291
184 804
599 2031
618 2017
908 976
1478 1517
178 245
342 1825
363 1490
604 1676
1625 2071
1067 1488
613 1706
154 823
910 1243
273 1270
342 1539
489 640
608 1807
276 1375
618 1420
51 217
1373 2007
1033 2015
1175 1676
1300 1910
1159 1979
257 1040
458 1325
734 1794
623 2015
212 1308
1015 2031
870 1517
217 1743
1209 1749
1021 1039
825 1756
423 1300
1645 1665
542 608
108 1639
1665 2107
1026 1323
1089 1807
1130 1550
707 1169
857 1175
241 1861
1346 2086
496 1033
478 564
1401 2002
728 1104
1021 1175
1403 2088
1475 1639
1199 1806
333 618
524 1378
1195 2015
1284 2031
1055 1701
872 1907
572 1644
704 1175
17 395
257 1550
1284 1403
613 1209
223 342
191 707
655 1807
608 860
922 1979
49 651
604 1430
857 1645
1499 1639
241 822
859 1856
1499 1825
130 1225
384 2061
497 1345
707 958
1430 1665
862 882
276 1499
154 597
17 1159
86 1979
1639 1798
419 1665
478 1494
520 521
1403 1645
618 1876
582 2031
1645 1825
208 714
1169 1639
423 2015
49 1040
1040 1528
456 1175
1478 1706
640 1702
1679 1806
1426 2058
17 2088
416 1152
1517 2008
1175 1654
1276 1665
217 1876
17 922
30 1107
489 613
1767 2006
1175 2023
184 863
734 1133
245 442
49 1033
542 1653
217 1989
1506 1825
1175 1876
49 496
184 1385
1323 1639
613 1776
641 1519
1743 1825
604 655
419 1820
1120 2071
86 1175
243 1210
49 1026
604 608
1639 1756
1109 1907
154 245
321 1635
1033 1910
825 1689
1073 1475
17 1645
51 1825
276 1539
496 2015
1493 1943
433 542
17 1089
496 1689
1109 1478
723 1479
604 2088
108 1375
604 1807
395 1876
276 335
154 728
17 1638
1026 1385
663 1300
613 729
618 1550
30 1011
899 1403
222 1914
49 394
714 1011
17 687
1378 1427
276 342
613 1104
397 1595
657 1653
17 312
912 1088
278 671
245 493
618 872
1763 1794
433 1894
1676 1979
864 1689
1175 2088
1073 1300
870 1593
1040 1952
12 17
51 419
1026 1743
241 1360
1806 2071
335 342
530 1944
1088 1517
1175 1570
1036 1426
267 1017
863 1665
734 1644
314 1306
49 864
707 1300
944 1213
1570 2031
442 1488
1011 1706
360 825
825 1604
825 2047
49 1825
1169 1300
1225 1527
259 1550
997 2015
108 1499
419 1825
958 1323
49 1539
342 1195
1465 1749
420 1214
1159 1175
333 1644
184 2088
278 418
1943 2006
278 1191
17 1284
935 1109
335 1761
215 1268
312 1026
1639 2015
578 1976
1175 1814
276 1022
276 1323
1345 1999
154 613
30 208
413 653
51 1175
241 910
825 1033
663 1107
276 2007
1472 1979
154 219
17 1962
342 1499
1517 1626
241 1665
1231 1825
1175 1268
613 1465
1475 2015
276 1033
154 401
342 2047
618 2076
433 1476
863 1825
116 2071
346 1806
1403 1876
49 1472
618 1645
245 1821
1645 2088
1167 2031
608 1556
1874 2031
49 1876
618 1807
154 1096
212 618
287 1325
604 2017
17 215
1281 1287
401 1403
439 1145
2031 2107
1300 1976
1195 1539
403 1346
217 1570
178 872
1807 2084
51 1665
1706 2006
1033 1639
384 694
1345 1430
618 1322
30 663
1625 2061
1825 2088
1528 1644
223 1300
1539 1639
392 1701
707 1499
12 2031
496 1475
1665 1743
1665 2088
912 1493
608 618
1235 1236
212 1517
1039 1979
30 186
17 604
682 1639
419 1962
215 2017
217 1039
278 1091
538 1806
158 2080
1300 2015
241 1716
1033 1276
1287 1375
49 2007
186 1856
49 958
707 1195
17 1026
1706 2008
241 1430
1638 1645
646 859
618 1308
599 857
1979 2017
278 869
432 1876
30 1907
1011 2071
37 1916
1175 1645
223 1195
653 1175
1665 1814
899 1665
899 1876
825 1287
154 977
51 618
241 613
468 641
1820 2031
1322 1550
1195 1300
497 1133
618 1891
707 1375
604 1039
1021 1794
857 1825
1749 1904
571 613
184 2017
618 734
587 613
910 1427
1517 1806
241 542
1323 2080
568 1665
197 1665
342 618
530 1246
618 1898
804 2031
217 582
1195 2007
1375 1499
1976 2006
241 646
456 1026
1403 1806
1287 1499
1015 1026
1026 1814
184 1570
1346 2105
910 1029
419 618
1570 1665
618 1231
49 86
1499 1663
217 2084
1231 1665
197 1175
431 677
655 2031
184 1268
241 520
581 1073
1026 2088
212 564
17 2017
1021 1654
37 1396
1175 1231
1643 2031
613 860
1040 1644
108 276
197 863
129 1644
1881 1976
419 1053
223 864
423 2007
613 1346
1472 1665
1133 1644
870 1191
640 1908
116 1120
245 1488
217 342
419 1403
1499 1756
513 2061
496 1300
1109 1611
49 270
1807 2031
1689 2007
804 1021
419 1026
1175 2076
1073 1195
1807 2076
604 1743
1300 1767
640 916
1195 1385
524 1342
121 1214
800 1210
276 423
613 1807
478 624
17 1233
30 1517
342 542
912 1767
1089 1570
154 1123
1015 1175
217 1676
1026 1645
1033 1195
222 1938
86 217
30 1856
623 1300
859 1956
857 1807
863 1876
98 154
442 1938
1472 1825
651 689
88 1403
910 1145
208 2071
553 1175
520 1427
154 267
869 1942
215 1403
1021 2031
1026 1083
1876 1979
1026 1962
273 280
184 653
1107 2071
49 1499
17 456
419 470
613 2064
612 1807
217 1645
857 1665
1346 1358
800 1430
192 1915
870 1490
1300 2071
178 1359
215 604
640 889
1861 1907
133 782
613 889
1225 1776
49 108
217 1807
175 1550
830 1499
1644 1794
278 1593
247 860
342 1169
86 1807
1026 1876
1802 1807
830 2047
223 2007
342 1375
1743 2031
653 2031
245 2024
289 613
1026 1472
1026 1654
1874 2088
154 889
1856 1907
1645 2031
1403 1420
1325 1627
604 1230
292 1378
37 1975
707 1539
161 1175
604 1706
1062 2017
1499 1689
478 1308
604 2061
1403 2017
707 1825
1195 1499
1375 2007
1626 1706
618 1430
1993 2061
1403 1743
869 1593
1653 1706
864 2025
1506 2031
825 1475
416 1807
982 1836
154 414
49 825
178 1653
1089 1825
1469 1861
1639 2007
423 1475
677 2092
1026 1268
1639 1689
958 2015
1359 1430
1195 1323
37 912
613 1702
276 2015
542 1430
1021 1591
882 1276
1323 1499
1403 1570
323 825
1821 1907
49 899
49 342
1026 1231
864 1475
1933 2006
870 2013
49 423
997 1195
489 1749
912 1576
419 1195
825 1639
604 1420
108 707
971 1802
1385 1665
1475 1539
613 646
869 1191
60 864
85 1325
49 335
859 1943
241 618
707 2047
30 1317
707 1475
1229 1475
129 1550
478 1078
830 1195
1111 1146
1665 1820
1021 1807
1073 1798
223 1639
335 1475
1022 2007
863 1403
1011 1517
30 859
296 581
245 1300
825 997
37 850
208 1943
401 859
1231 2031
922 1807
613 618
618 1284
1576 1943
85 278
208 1120
49 1229
17 2107
17 804
17 178
342 707
1385 1825
97 140
618 1133
604 1653
912 1910
1191 1348
863 1175
1550 1794
342 1300
1807 2107
178 342
17 582
1026 1820
863 1385
537 677
623 1475
1346 1914
618 1221
864 1229
825 2061
1639 2025
1195 1639
1430 1556
1385 1979
276 825
520 1378
1325 1699
49 1053
17 1268
30 1611
1195 1825
678 2007
342 2080
17 2031
401 1916
30 433
342 1033
1517 1576
312 1665
1375 1475
217 1284
323 342
604 1021
333 1040
1359 1807
825 2007
1175 1284
49 1756
360 864
17 894
108 825
342 613
2006 2024
1021 1979
175 1644
655 1403
1517 2006
1308 1706
49 276
49 223
1807 2017
1088 1706
1175 2017
613 1345
49 1604
49 1039
579 613
1133 1643
17 553
1403 1676
276 958
189 800
423 825
1570 1825
191 1499
1026 1506
1665 1676
245 1979
640 728
1033 1756
825 2080
618 1089
172 976
618 672
245 1836
108 1033
1026 1284
912 1319
419 2031
825 1323
245 1020
178 1488
401 2006
1026 2107
49 1169
1743 1979
4 626
525 1040
49 1375
1475 1499
707 1689
1665 2071
1062 1643
1689 2015
1378 1716
363 1976
935 1943
1300 1825
51 1979
432 1175
1187 1479
1170 1397
401 595
1385 1807
994 1749
17 899
17 470
912 1856
1639 1663
226 1701
299 912
434 1430
51 604
485 490
608 1976
1073 2015
651 1236
335 1639
870 1943
664 1109
922 2031
154 1178
1807 1876
1026 1406
825 1229
4 2006
804 1665
217 1385
2015 2047
342 958
1021 1403
1109 1494
49 1022
178 657
1300 1856
1175 1743
1378 1932
1357 1907
613 1665
299 1517
178 608
1107 1469
1195 1375
1276 1359
604 1089
857 2031
184 1089
850 1396
582 1665
915 1806
540 1749
663 1856
49 1689
1015 1665
86 604
1475 1689
663 912
154 640
335 707
640 1682
618 2088
401 1011
825 958
1175 1962
37 651
419 653
830 1475
299 419
1494 1550
618 655
30 273
604 1231
401 908
130 1346
664 1345
223 2015
663 1881
1499 2080
17 1385
392 2071
217 863
870 1976
1015 1807
1033 1689
704 1979
663 1477
342 1073
30 280
215 217
1031 1749
1375 1639
1962 2031
624 1494
1235 2092
223 707
276 623
618 1794
470 1026
217 542
215 618
1284 1807
618 1039
49 707
17 1420
217 655
552 880
1233 1979
1375 2015
17 1053
178 1989
208 384
1287 2015
49 1676
191 276
785 1040
1231 1979
825 864
496 825
1039 1807
599 2085
1517 1943
496 707
1697 1806
672 1644
342 1639
1506 1807
613 1885
935 1517
102 2007
191 825
910 1378
97 291
259 1644
613 2037
689 941
47 613
154 1907
17 1039
944 2092
548 714
864 1499
241 1427
553 1665
333 1550
49 1089
1317 2061
392 1300
513 1925
217 1472
621 1767
1033 1169
681 869
170 604
1420 2031
30 1806
241 1706
1499 2015
401 976
276 496
395 863
1229 1689
663 2071
1088 1767
276 1798
1229 2015
653 922
1494 1807
217 1159
395 1175
872 1807
401 1706
1022 2015
1300 1475
1288 1856
1175 1385
618 1015
1233 1807
1378 1831
1231 1403
1385 1403
2023 2031
525 1550
597 854
470 2031
1469 1718
401 1270
707 1604
420 646
170 1479
604 1506
982 1319
1026 1676
935 1425
170 508
222 1997
12 2088
86 184
62 714
1943 2106
496 1195
657 800
1026 1195
552 1907
222 1488
1078 1308
553 1979
37 618
1403 2107
49 1323
872 1706
1022 1195
413 1665
912 1120
1517 1575
663 1976
245 1881
618 776
215 863
384 1625
1475 1825
830 2007
276 1195
530 604
108 1195
178 1938
613 1891
1406 1665
707 825
245 1493
17 2023
468 664
17 704
618 1665
420 618
1146 1325
618 1494
1039 2031
1665 2017
178 1494
825 2015
276 1825
707 830
1167 1825
154 1055
1475 1604
613 1789
420 1807
276 864
922 1026
997 1499
360 1499
21 1402
49 413
432 1026
184 419
208 2075
191 1475
525 618
346 1403
2006 2071
276 323
1523 2064
1499 1604
1033 1073
1712 1807
1403 1506
997 1033
1420 1807
513 780
401 935
655 1026
864 1300
1159 1403
17 1676
1026 1167
1323 1593
825 2025
423 1033
958 1499
582 604
1475 2047
186 1515
342 2015
1281 1375
419 1807
4 2024
870 1706
997 1639
707 1323
1604 2007
223 276
276 997
49 1073
1225 1401
664 1063
572 618
259 618
186 982
830 1033
997 1300
17 857
864 1033
1011 1109
653 1665
582 1195
345 485
184 655
1284 1979
278 1572
485 860
413 2031
1089 1665
1233 2031
49 1639
49 1021
1493 2071
17 1406
342 1807
608 657
401 1976
1073 2007
1040 1133
217 1021
1323 1604
1576 1706
1221 1550
342 2025
115 618
632 2037
663 1319
707 997
1026 1874
899 1175
217 1506
395 2031
197 604
1562 1639
154 283
1026 2076
245 832
982 1210
86 2031
1550 1952
1017 1749
154 1702
1743 1807
899 1807
653 1231
1040 1794
17 1759
912 1403
184 1645
221 1229
1175 2107
154 172
154 1490
618 1359
1067 1401
704 1026
1825 2015
707 1287
1142 1493
663 1706
1472 1807
707 864
605 1120
655 1825
419 604
1115 1378
1026 1053
1665 1807
342 423
582 1175
604 782
864 1375
867 1604
1420 1825
419 2088
1053 1089
217 1026
342 1756
1373 1678
1476 2069
276 2080
108 1475
1604 1639
608 1210
922 1665
215 238
17 419
867 1287
1287 2007
108 1300
1300 1689
1639 1761
423 1639
1026 2031
1876 2031
62 154
154 1300
1979 2107
640 1465
1022 1300
618 2061
766 1378
801 1595
1430 1550
1195 1472
154 1904
1033 1287
401 1608
276 1475
175 618
910 1787
238 1089
191 2015
941 1472
86 1026
553 2031
570 2007
830 1300
1702 1749
1268 2031
958 1639
191 1323
525 1644
1420 1665
342 1229
17 413
241 1856
1175 1506
2007 2025
1528 1550
1550 1644
278 562
1319 1515
1373 1689
217 899
1517 1706
899 1979
608 1430
1403 2071
618 1233
49 1287
1562 2080
1276 1975
1021 1472
1026 2017
864 1073
37 719
259 1040
1499 2007
1676 2031
804 1175
413 1026
623 1033
860 1120
49 1138
1229 2007
640 1749
1891 2036
30 542
217 1167
677 1403
1020 1517
184 1472
1231 1807
312 863
1403 1472
215 1195
863 1807
1477 1910
1026 1233
342 1022
704 2107
613 1904
197 217
323 2015
37 1359
1469 1943
37 608
1395 2006
297 1426
1073 1499
49 655
468 1494
623 825
49 2047
1276 1679
1517 1907
423 707
322 1749
1322 1644
245 912
1229 1300
30 2008
342 608
1195 1287
1175 1406
1472 2031
86 2107
49 640
432 1665
1026 1591
864 997
1104 1749
699 1345
825 1022
241 1129
863 1159
1033 1499
1665 2031
604 1167
640 1904
1300 1756
1033 2047
1756 2015
86 1403
1288 1910
184 208
1907 1943
456 2031
49 2025
597 2006
30 1576
184 1039
456 863
864 1287
613 1359
830 2015
618 1952
804 1825
1943 1976
413 1979
1169 1323
823 2017
613 1430
655 1175
548 1011
1159 1825
1645 1807
217 2107
178 860
1665 2076
1287 1475
941 1133
568 1276
1033 2025
599 1021
1494 1519
397 1488
37 1807
863 1133
1240 1943
997 1475
360 1475
1604 2025
734 1550
553 1026
276 1300
245 392
1169 2015
1033 1375
1088 2071
1167 1403
653 1420
323 707
178 1807
129 1040
672 1040
86 1665
1499 2025
335 1300
342 496
1361 1653
1806 1856
49 1645
618 1472
489 1209
17 1231
1026 1159
1676 1807
608 1653
1284 2088
958 1475
1195 2088
613 1004
582 1506
223 1375
302 1494
342 2007
1323 2015
1195 1570
618 1653
215 1665
401 912
1323 1689
1604 2015
1663 1825
1406 2031
863 2031
222 618
663 1088
62 1011
178 542
1426 1556
161 863
21 154
276 707
521 1378
618 1040
2017 2031
825 1825
223 825
1665 1876
618 863
1175 1820
178 646
728 1502
859 1109
419 1876
1175 1591
291 1214
496 1499
1053 1175
2031 2088
197 1089
1026 1979
664 1706
1767 1943
863 1089
419 655
687 857
154 1821
618 653
909 1040
1175 1472
613 1173
1347 1907
1943 2002
1022 1499
49 2088
1175 1759
1300 2080
859 1767
582 1026
17 217
312 1175
640 842
257 618
864 1604
1645 1876
496 1639
49 1475
178 447
17 432
419 1979
1109 1519
276 1689
154 1943
489 1173
1022 1033
1142 1806
30 103
17 655
222 2092
572 1170
863 1021
899 2031
1033 1229
1989 2058
1825 2007
1325 1593
49 830
51 1807
217 653
621 1308
2016 2071
663 2058
419 1645
1033 1300
1104 1502
1475 1761
520 1716
49 419
17 1814
215 2031
613 1256
1426 1989
222 2071
1053 1378
889 1749
1943 2075
1300 1604
108 342
342 864
1517 1941
1029 1417
154 1469
604 1385
894 1175
863 1979
734 1040
1570 1807
245 1517
17 1807
178 247
17 51
178 1430
1033 1825
553 1876
1475 2080
663 1576
49 1300
108 2015
776 1040
98 401
1033 1539
1089 1403
1195 1475
646 1635
1169 1475
197 1403
86 1825
513 843
1639 2080
1089 2031
241 1378
825 1499
613 1749
618 899
1026 2023
17 197
863 1053
825 1169
521 1781
653 1743
49 191
17 1570
323 1033
608 613
413 1175
734 863
1639 2047
1175 1420
296 1488
276 1169
1039 1403
379 513
360 2007
613 2092
707 2025
178 604
17 1175
857 1026
342 604
971 1523
653 1026
1323 1475
864 1639
976 1941
30 935
863 1195
215 1026
604 1187
360 1033
828 1671
154 1081
360 707
103 1856
1167 1665
930 1699
342 360
1026 1420
1026 1570
1300 2025
1175 1638
1040 1221
1039 1175
1645 1979
276 1756
342 1323
342 1665
478 1345
1133 1550
707 2007
1015 2088
342 1776
1026 1089
30 2006
1021 1195
1403 1643
1308 1517
192 1378
384 1120
958 1300
1300 1639
857 1403
935 1706
1570 1979
1235 1323
283 1469
618 1506
335 1499
49 360
853 1427
872 1347
1706 1856
1195 1229
564 1494
17 1472
1300 2047
17 161
280 1517
217 2088
618 1517
17 1876
267 640
1021 1665
1033 1323
241 524
178 1891
613 1063
17 1654
215 1807
604 653
864 1539
860 2054
276 1229
395 1026
1033 1475
208 1910
276 1287
604 1159
640 994
191 1033
1756 2007
154 2006
1306 1928
1430 2002
1145 1378
154 870
342 825
604 863
243 1040
1472 1645
154 1346
1058 2061
1093 1378
1167 1979
909 1550
419 1175
312 1979
223 1499
1591 2031
604 1472
323 1639
217 419
1749 1763
613 1653
191 1300
154 912
652 1975
278 1325
1644 1952
278 972
652 1798
1706 1941
468 1308
1517 1767
613 994
618 1385
144 677
1639 1825
612 657
1345 1807
2031 2076
154 1611
17 1015
1506 1665
1490 1907
448 958
178 222
594 1593
618 1159
1539 2007
245 892
17 863
360 1300
587 640
655 1665
863 1654
623 1639
78 276
1515 1836
1088 1306
1159 1807
401 1767
423 1499
707 1022
432 2031
948 1635
1430 1807
1430 1712
1195 2080
392 1671
604 2107
215 1979
413 1807
30 2069
335 825
1323 2007
1195 1562
563 916
62 1976
618 860
103 1300
922 1175
17 86
178 1523
864 2015
1820 1979
278 287
154 392
215 1825
217 1231
1915 2057
1033 2080
707 1229
1317 1426
312 2031
863 1233
1359 1665
208 1856
86 618
184 1021
49 1195
1229 1499
51 1026
863 1645
276 360
613 1537
276 1604
154 721
208 1399
342 1672
392 463
168 1096
697 1665
1399 1856
1856 2044
1889 2061
463 2071
