688 887 431 2 433 405 99 995 419 65 936 283 868 206 681 529 780 428 954 648 351 570 981 847 828 876 322 653 6 917 788 154 58 503 160 478 488 556 500 79 190 126 608 950 336 327 567 262 764 907 720 34 
468 204 768 939 979 89 185 575 393 916 7 925 919 743 978 49 214 267 176 481 195 83 449 616 912 444 269 274 213 759 72 205 148 882 337 139 585 335 632 833 792 
762 216 162 237 1 523 592 591 773 355 545 662 818 701 387 27 532 627 68 
39 561 798 566 413 169 452 260 276 590 233 696 558 480 320 889 601 234 621 57 451 941 676 635 288 492 596 170 109 
146 553 935 210 183 719 599 827 372 182 142 321 909 615 
105 359 286 141 24 279 551 643 309 765 255 723 221 834 612 41 265 22 240 949 650 102 74 534 636 808 927 708 754 944 385 281 243 694 333 400 974 414 193 874 460 138 64 990 717 371 159 512 161 423 610 95 46 177 215 299 93 598 35 61 953 732 344 3 893 412 394 707 697 71 98 843 75 579 469 631 749 123 937 546 831 358 984 131 832 863 655 384 791 947 656 353 331 110 680 840 853 879 28 672 540 577 453 15 659 903 300 253 513 663 918 869 334 464 878 763 70 158 859 587 793 538 401 45 943 782 639 506 
858 747 9 404 924 463 993 505 192 861 18 16 482 634 326 254 750 303 199 465 10 842 810 731 766 121 970 
741 805 824 314 700 436 277 682 292 236 837 690 691 55 310 803 69 992 343 549 107 813 297 951 
622 637 411 796 17 476 155 33 461 118 961 4 875 724 823 647 753 362 490 290 789 565 624 151 582 250 963 623 441 850 305 800 440 878 316 881 670 689 341 852 367 330 897 854 735 
418 595 983 332 880 128 692 977 968 679 508 380 43 684 366 166 829 884 200 125 73 180 90 306 54 955 261 416 389 227 776 758 926 25 
571 427 187 988 976 378 238 574 133 97 194 862 467 152 714 711 164 493 703 78 360 115 348 47 517 524 208 85 675 485 197 356 997 640 165 40 693 709 922 699 716 952 111 273 454 402 
368 278 996 915 5 312 770 528 726 855 511 77 727 611 573 994 892 581 323 76 956 373 652 212 203 
867 614 539 902 48 
657 376 542 686 530 173 733 494 486 50 248 484 783 704 775 407 825 232 171 218 134 307 543 560 914 890 702 318 629 498 649 619 209 399 774 
930 620 986 272 991 811 386 149 108 114 851 821 504 910 597 245 948 472 550 425 435 865 242 589 942 886 42 894 329 44 962 448 346 325 736 728 797 998 787 275 32 398 846 256 
771 130 646 583 466 112 450 
470 116 885 537 957 502 257 744 63 459 202 535 86 972 168 898 613 29 87 544 100 447 
778 21 748 473 207 514 52 857 900 931 642 593 350 841 737 284 420 220 658 156 487 317 
817 923 901 849 501 251 442 906 11 563 235 339 145 167 973 179 678 369 313 520 633 104 964 135 263 364 0 705 223 911 127 752 229 31 92 120 56 651 150 
474 432 609 124 224 683 19 12 722 871 844 929 80 755 725 740 604 462 721 644 806 761 654 980 572 471 457 280 
497 895 352 695 20 247 421 872 357 665 266 415 536 531 298 225 174 830 552 786 219 477 921 499 36 630 746 710 438 163 489 81 
815 873 698 729 
424 88 340 396 940 338 259 137 13 712 153 178 268 
938 370 143 772 186 291 129 618 559 718 379 456 569 959 391 999 483 439 985 669 932 666 455 820 819 417 354 516 94 756 403 271 617 687 668 26 30 515 866 888 140 509 217 730 555 122 
638 801 860 739 198 196 422 231 395 706 580 
315 816 804 839 645 896 795 377 713 522 971 933 557 934 562 807 59 437 51 188 287 526 966 835 605 899 
989 23 958 252 877 891 374 904 677 189 244 945 664 119 491 361 661 779 802 967 946 745 37 673 767 
822 282 157 446 757 53 345 390 8 838 117 628 429 475 67 349 302 226 101 66 564 191 301 381 383 625 908 671 521 38 812 184 434 547 568 507 928 685 594 311 296 175 443 
848 62 606 324 769 211 588 365 285 987 603 856 826 660 734 201 
784 382 742 246 410 
132 249 293 586 289 554 519 
82 584 626 794 715 136 913 836 982 430 864 883 409 222 870 576 230 14 738 270 458 975 760 264 790 600 541 
96 799 304 239 960 408 527 990 181 905 814 533 328 426 319 641 347 228 
965 496 295 103 578 397 294 445 60 809 363 113 241 392 106 777 
602 845 375 258 518 920 
308 751 548 91 144 388 969 785 479 781 406 674 84 147 342 
607 510 495 525 667 172 
