61 27 467 496 447 575 75 504 526 58 145 154 728 602 740 74 9 329 619 382 685 95 253 412 240 219 559 704 
707 395 142 649 96 233 519 370 399 121 86 232 54 716 578 90 366 302 739 357 586 470 218 583 528 216 369 759 189 493 568 478 407 
60 107 615 255 713 752 499 360 580 751 1 432 51 250 678 756 267 261 285 428 518 128 498 434 474 477 312 670 790 558 236 133 435 125 655 332 471 717 277 609 183 346 593 272 29 328 258 
684 279 52 307 282 749 535 765 190 651 173 92 475 761 228 71 234 443 457 679 65 306 126 667 658 378 737 263 384 73 
374 745 798 622 371 201 464 708 93 413 223 515 150 396 211 466 572 111 390 119 468 85 689 647 131 779 563 694 34 
283 245 377 353 600 161 755 97 430 630 254 635 733 109 227 345 386 362 614 80 605 3 48 117 459 176 730 213 772 
741 660 30 2 758 544 113 163 426 184 41 794 140 198 221 721 
502 500 292 62 776 709 458 522 359 315 520 542 300 23 453 379 561 365 239 481 266 574 665 39 199 442 115 
795 372 463 108 78 548 621 691 260 698 587 612 479 152 57 456 204 712 7 638 348 43 444 562 309 179 538 541 422 556 763 634 160 495 695 590 146 193 207 177 599 509 623 
606 662 565 290 49 13 291 44 56 657 197 485 718 424 158 244 397 617 281 
69 206 720 235 31 341 672 692 490 389 569 653 205 82 734 342 222 188 646 45 777 83 393 455 354 405 264 748 311 5 11 454 531 549 50 673 
645 151 230 317 411 296 134 398 0 276 735 337 425 94 10 501 243 262 368 644 726 552 275 185 
331 414 214 747 196 305 608 301 486 256 187 171 778 584 431 631 782 298 799 320 17 643 303 683 472 738 701 100 693 103 47 576 527 18 77 167 
603 616 66 687 314 358 194 104 557 532 601 530 545 682 19 489 318 666 696 159 546 
671 640 676 706 37 762 787 367 36 81 571 440 452 462 677 404 618 334 284 391 178 797 746 101 429 355 438 419 784 265 736 246 
401 186 714 15 350 84 764 172 293 136 476 415 392 180 688 423 607 72 642 445 138 591 641 289 123 166 680 664 280 338 98 182 295 577 375 321 347 789 508 506 785 588 349 724 40 33 
420 656 766 702 42 326 585 139 356 327 533 162 674 169 376 402 
400 12 168 225 59 344 409 25 6 156 408 613 330 352 361 505 241 319 157 659 22 112 192 323 
416 209 259 781 686 484 336 287 38 229 114 203 512 120 308 130 170 129 215 446 754 437 597 381 582 540 247 270 581 135 513 118 
385 46 
242 237 768 703 220 465 76 68 441 141 274 406 257 217 488 771 149 418 299 210 610 325 507 124 271 
639 339 310 269 705 473 654 594 627 63 20 
313 67 324 165 436 88 595 534 699 304 567 383 181 731 26 681 524 153 564 711 497 579 322 742 543 620 592 786 212 773 
661 743 238 487 24 669 394 191 449 624 573 164 611 252 224 554 774 380 
589 791 792 637 143 116 
514 598 796 732 492 663 511 604 723 144 628 480 231 351 4 560 744 450 727 516 
14 87 410 343 780 491 636 719 629 570 200 333 648 106 105 700 767 340 788 461 388 286 226 
633 697 652 783 534 451 147 550 596 760 155 439 757 55 536 102 297 137 316 517 553 70 28 770 99 729 722 539 79 555 53 725 775 
690 625 363 566 525 523 626 650 710 483 249 753 32 675 482 521 
793 364 433 448 769 91 8 510 127 174 273 278 132 122 251 460 
373 537 21 268 715 148 417 750 403 248 288 551 208 494 503 547 632 387 668 202 469 421 
64 35 16 195 175 89 110 529 294 427 335 
