515 472 331 301 373 527 138 589 595 411 410 409 115 393 386 496 464 398 326 317 40 457 71 211 537 308 266 240 312 509 298 20 540 
229 588 337 501 539 124 541 185 306 271 431 330 60 139 48 336 329 559 508 14 210 120 5 
103 351 105 534 182 191 547 68 512 367 186 371 38 233 571 245 76 254 452 243 144 482 112 279 466 550 321 252 381 223 77 327 320 90 16 227 123 241 574 359 346 79 397 24 181 218 225 268 473 564 478 401 125 274 58 438 356 372 116 59 251 193 78 551 39 450 342 522 128 99 369 150 390 456 145 499 468 111 167 2 238 263 22 556 32 284 307 224 
355 531 187 363 592 222 533 10 379 12 56 7 445 520 387 47 168 63 469 311 538 417 587 596 201 578 345 549 220 80 573 521 453 475 
491 421 432 54 295 368 6 171 426 53 502 518 51 591 126 100 45 258 433 297 523 170 350 234 265 358 552 376 212 134 529 486 360 154 133 113 91 132 570 160 151 325 477 165 73 525 161 429 237 526 174 50 483 577 314 43 281 425 418 275 44 
153 221 190 131 443 101 49 26 122 428 244 
262 283 382 341 27 447 41 389 42 553 536 232 465 202 136 66 253 273 81 395 205 29 319 149 179 110 
492 511 117 535 37 8 1 422 216 85 88 420 148 33 399 114 349 403 
480 296 108 169 383 184 391 67 127 318 183 180 503 98 198 228 528 380 300 64 361 412 506 55 572 159 435 362 554 593 505 102 214 140 405 
328 497 416 335 259 583 338 385 585 147 471 323 343 272 375 11 173 402 459 192 0 575 440 249 177 235 377 334 423 582 270 545 
248 490 89 451 562 590 598 434 474 82 176 34 374 294 156 247 488 561 104 532 269 21 87 96 584 277 209 93 15 141 155 353 246 
569 442 25 310 315 303 441 519 61 597 52 164 448 507 481 304 524 560 340 495 364 13 84 292 487 35 413 
130 280 579 261 427 194 430 57 581 563 135 230 576 118 484 285 215 137 404 213 467 
517 510 348 439 470 195 567 384 69 302 479 408 
36 365 3 309 172 4 455 514 9 236 196 206 
175 242 197 489 219 414 142 256 290 586 542 119 305 189 
65 287 250 449 163 157 352 462 204 188 370 278 208 158 
74 30 366 62 544 548 555 106 97 543 200 485 288 83 152 458 599 129 546 463 264 565 94 568 75 437 530 143 86 19 282 203 558 
267 460 332 23 255 109 260 217 257 378 
476 400 28 357 388 46 31 289 396 454 
293 493 339 407 72 436 580 146 276 207 178 415 199 446 494 291 
107 17 95 498 516 316 406 18 92 299 121 394 333 424 313 
419 347 231 166 557 513 226 461 500 239 193 504 354 322 286 344 
566 594 392 162 70 444 324 
