218 417
117 733
208 663
101 334
646 771
64 682
706 793
148 781
257 610
681 717
672 792
693 738
499 672
393 646
428 566
671 736
780 790
624 774
733 786
539 760
744 767
242 299
100 746
706 784
604 733
455 632
252 743
551 765
403 735
663 723
483 675
417 750
171 213
188 672
263 765
585 678
584 698
360 751
713 794
282 765
264 405
402 745
277 625
224 611
188 342
667 749
341 714
710 717
747 782
128 638
633 699
135 170
285 388
472 693
604 723
38 580
292 458
756 790
176 611
677 787
326 674
3 605
573 611
155 553
680 749
148 632
384 665
461 719
188 777
135 786
651 765
678 790
264 569
307 765
661 669
611 680
614 692
214 747
51 183
384 737
536 553
723 796
610 781
719 775
117 299
282 679
83 759
315 709
670 743
527 794
220 734
284 675
589 605
435 790
386 430
615 706
676 787
491 735
99 757
650 690
379 542
451 550
238 573
719 780
263 737
469 503
643 683
274 647
441 731
542 709
100 693
624 626
183 734
596 760
701 782
188 748
101 706
421 551
362 730
571 680
210 406
17 778
239 298
510 701
481 648
45 722
174 597
265 671
237 768
754 768
667 718
176 670
286 599
213 733
584 778
127 364
218 334
427 700
245 733
394 661
380 628
14 719
414 799
537 610
39 776
439 760
618 677
70 733
452 723
76 748
258 609
298 472
491 780
187 576
574 795
727 753
286 788
345 614
416 754
576 683
701 738
373 747
542 574
249 675
359 520
89 663
734 748
685 761
135 582
686 690
175 449
306 765
454 738
626 710
788 796
35 195
414 691
110 756
614 755
373 410
148 715
455 569
720 759
171 673
178 414
418 593
788 795
52 765
628 796
55 783
405 454
187 792
757 758
333 570
48 353
359 574
624 661
270 416
503 511
252 573
570 662
38 416
600 759
547 615
417 672
768 771
736 797
490 748
414 701
200 340
663 783
32 582
231 723
294 364
773 796
388 660
595 651
486 487
386 779
539 652
633 652
719 767
228 749
707 799
462 769
571 706
761 765
99 482
428 768
286 340
328 767
521 797
248 663
380 774
128 668
625 626
18 608
271 507
500 671
48 637
105 636
360 756
345 730
677 686
200 648
725 775
174 278
430 459
732 735
24 774
404 738
354 651
449 677
51 332
661 743
403 715
465 488
48 80
434 792
91 793
199 536
21 387
274 768
277 756
271 299
633 783
429 671
266 771
126 460
469 537
671 762
393 490
654 769
326 440
715 750
188 659
208 551
55 701
266 500
50 393
391 671
342 673
492 732
62 239
636 669
454 672
697 775
99 102
537 715
257 771
32 721
68 621
52 679
608 688
471 608
60 250
228 641
482 753
662 667
386 459
631 738
103 799
128 713
537 547
419 676
646 720
760 766
523 753
599 720
105 770
215 790
469 668
53 610
570 700
628 651
680 736
213 418
435 770
208 750
231 660
325 585
604 799
200 461
525 710
178 797
77 778
149 210
76 441
297 669
604 684
695 775
205 673
258 272
460 769
618 784
359 582
35 427
487 743
754 797
149 703
403 748
653 692
247 781
105 780
378 761
610 710
593 615
81 320
170 781
110 719
418 771
402 585
534 742
205 713
222 569
332 471
614 730
500 624
451 770
103 693
640 762
589 675
737 749
459 611
228 525
263 453
730 772
103 778
144 628
167 738
723 744
655 697
692 738
141 292
252 439
551 632
697 729
147 760
316 596
598 732
214 769
585 600
213 690
701 733
480 628
711 775
516 726
679 767
384 761
510 771
560 744
502 659
525 753
359 709
148 527
80 231
102 775
695 765
220 771
632 707
245 714
188 638
639 677
417 785
566 741
206 405
529 751
539 725
719 788
264 576
251 720
503 547
750 762
312 332
703 768
100 701
679 749
258 756
297 439
729 783
454 753
226 486
52 737
630 745
719 797
662 729
387 429
648 700
429 736
306 707
271 631
755 784
701 799
671 699
417 668
472 492
697 757
5 734
482 710
490 752
520 574
462 736
428 615
600 635
270 781
202 494
82 405
620 661
549 777
335 746
427 455
549 720
414 782
777 778
206 748
64 427
448 778
452 706
549 673
642 676
354 454
678 725
514 570
471 499
550 617
24 743
743 774
600 783
752 790
416 624
455 490
665 776
448 769
787 797
580 717
435 682
700 780
55 775
65 728
246 706
465 723
149 388
784 787
195 529
235 748
507 771
109 534
650 753
613 715
700 705
646 653
494 750
315 671
333 788
597 754
247 391
285 721
126 737
363 650
200 205
419 429
521 757
629 636
79 693
373 605
110 195
687 748
377 651
440 613
176 730
781 797
215 781
626 747
263 667
305 576
488 747
569 633
516 631
316 539
511 744
648 780
663 796
507 785
767 781
646 748
597 787
781 790
636 767
64 294
176 245
77 171
5 105
83 777
282 750
462 784
725 783
732 796
643 747
404 746
320 799
284 762
107 678
386 755
353 762
722 783
237 636
676 681
455 748
5 82
28 783
325 768
782 798
624 681
454 673
273 510
378 749
53 536
220 325
725 731
450 628
534 722
410 780
206 690
555 760
669 774
452 787
560 604
106 343
643 689
387 537
210 441
671 777
47 500
487 664
749 762
492 723
272 796
28 630
450 727
596 783
512 790
414 608
247 597
571 767
576 738
632 798
652 783
560 763
334 762
723 738
68 418
70 783
628 666
333 664
449 624
174 793
191 270
527 799
377 600
87 788
418 768
609 678
771 796
155 770
249 764
164 745
516 744
89 110
87 719
199 458
235 692
510 793
518 655
303 472
438 762
5 761
502 776
102 781
50 799
122 448
175 757
161 772
215 514
367 776
45 734
213 600
676 797
133 518
196 784
550 760
628 744
183 428
717 734
725 760
335 529
651 749
503 549
31 264
270 592
625 650
521 566
132 174
612 753
334 486
82 720
245 772
68 771
292 481
135 597
283 750
729 773
91 364
646 692
351 663
11 728
196 799
453 542
433 769
732 744
239 776
297 760
122 793
416 597
60 471
636 719
341 490
550 667
109 713
555 722
592 787
167 648
294 335
266 542
502 738
70 316
472 747
35 529
288 551
441 596
523 690
525 650
653 720
746 761
585 746
175 427
37 438
316 633
576 786
775 793
362 605
220 595
611 719
389 458
615 736
428 608
247 700
4 663
649 676
448 510
655 741
250 499
512 669
218 536
147 434
79 729
668 784
648 732
483 772
161 758
351 634
301 796
283 635
218 739
630 755
62 127
155 651
252 774
775 783
784 797
737 787
607 760
683 782
518 790
614 635
394 799
81 736
333 719
448 460
678 717
717 756
102 722
69 389
507 728
55 712
612 667
683 701
632 750
462 762
726 765
214 678
214 363
494 636
499 713
580 678
355 771
301 782
448 793
433 512
394 774
626 753
174 745
391 797
16 529
590 618
81 618
722 760
465 768
294 529
580 798
523 582
97 206
283 772
733 772
405 793
268 768
427 635
598 796
161 254
109 630
346 751
429 676
47 789
767 780
183 768
202 628
21 715
217 235
91 340
434 790
644 677
246 677
610 664
312 512
459 755
706 797
103 666
648 767
206 673
605 772
328 751
453 776
488 768
147 729
3 755
303 431
378 594
141 406
486 643
273 793
517 635
391 404
673 789
251 769
128 756
491 767
183 790
630 783
663 727
99 798
560 796
652 754
199 520
598 694
585 674
360 790
627 760
367 573
80 730
406 488
725 784
750 776
288 503
571 736
141 625
364 433
494 547
99 775
723 727
208 632
11 646
671 746
747 778
164 774
199 367
364 448
517 774
256 782
62 502
36 789
164 661
664 715
249 753
410 788
749 761
604 727
510 669
132 525
639 643
553 793
511 796
239 379
419 687
205 311
222 794
316 721
723 732
672 723
571 784
511 598
334 355
651 761
694 697
536 775
331 799
778 793
710 793
307 761
354 676
677 784
384 749
320 747
11 692
149 217
316 607
725 757
264 311
175 195
394 621
584 683
332 772
237 460
679 704
652 775
452 762
199 453
109 733
334 706
388 788
340 780
521 675
724 729
394 743
18 644
534 622
679 761
608 631
510 769
754 781
652 653
584 799
643 799
60 288
261 790
256 596
576 782
523 566
737 765
404 676
355 760
102 393
618 779
716 743
755 772
403 517
315 359
68 303
668 699
246 284
621 629
661 693
421 715
273 460
238 611
97 605
431 685
254 430
83 655
377 635
525 626
50 777
250 593
576 796
459 688
354 720
278 793
693 694
17 331
126 418
346 681
494 609
777 798
500 776
744 796
311 734
331 715
671 677
196 782
657 788
69 83
656 796
434 720
170 669
580 609
717 782
439 775
683 742
213 635
491 700
312 751
132 784
167 196
480 715
449 487
32 675
768 776
328 346
453 520
305 683
433 510
604 744
736 753
3 60
167 592
171 472
87 627
380 756
161 614
242 757
421 631
539 770
428 751
286 591
50 748
141 771
574 776
483 626
51 790
214 486
717 768
507 780
312 782
419 671
616 753
624 743
292 553
774 776
331 766
431 778
736 784
517 757
438 797
238 750
167 331
298 701
228 737
569 734
438 603
21 770
77 602
640 676
222 646
462 618
709 778
430 595
469 764
37 787
405 714
47 100
605 730
434 756
4 796
144 663
402 646
4 598
224 490
611 669
704 734
523 633
673 734
619 748
274 610
4 741
650 742
87 655
480 727
651 679
527 738
434 751
604 605
328 779
440 784
534 719
274 772
210 573
231 796
18 692
516 663
421 666
481 777
278 678
122 525
599 710
781 788
251 278
566 675
482 523
527 747
217 283
643 749
609 752
332 684
757 770
672 773
103 746
555 652
483 697
196 645
547 695
17 608
747 799
387 668
351 727
36 736
534 770
8 460
299 703
346 766
254 661
346 609
679 684
760 762
655 678
343 410
351 732
725 729
600 733
417 602
272 648
224 502
258 285
77 631
757 788
251 793
70 640
45 777
18 301
550 722
596 770
263 761
486 547
21 268
738 782
282 761
778 799
459 630
335 427
492 604
550 783
419 686
386 730
667 737
618 746
378 765
571 787
202 303
500 709
653 777
256 576
455 725
299 674
449 750
343 788
252 753
646 705
8 650
32 650
697 725
256 797
258 452
298 738
430 755
536 783
481 520
462 640
89 195
523 648
636 700
312 717
326 402
643 793
77 238
410 767
305 661
251 433
127 793
257 554
272 756
450 796
161 727
101 271
48 730
730 778
729 770
237 703
326 656
491 723
483 707
50 133
527 693
610 768
333 648
137 799
746 797
730 755
37 618
536 722
117 630
297 757
404 677
367 787
294 593
355 763
362 363
701 778
389 569
585 766
421 547
364 793
238 774
536 729
307 724
200 388
332 756
403 668
389 454
144 604
483 753
178 746
450 560
217 299
326 391
554 743
635 774
525 625
569 782
732 737
373 750
389 777
429 791
391 736
726 727
380 624
202 403
439 756
499 751
431 708
487 573
727 796
106 653
655 670
363 675
38 692
202 373
222 624
435 713
590 703
500 606
600 772
342 393
14 730
87 629
97 765
52 278
306 761
514 796
271 483
312 752
573 661
261 435
647 772
263 688
265 542
360 668
16 89
608 643
453 759
428 640
24 739
277 580
258 777
47 693
696 697
734 785
271 488
773 790
106 767
3 362
486 738
692 777
693 799
784 799
380 669
640 787
421 750
494 635
710 753
417 715
646 649
393 757
410 701
599 683
285 725
430 696
692 734
53 254
751 779
628 732
306 384
630 635
439 683
640 677
527 631
713 751
471 790
667 679
340 648
36 756
537 668
176 772
584 747
217 441
237 507
226 780
406 520
373 715
668 750
265 787
199 500
326 585
274 406
256 693
261 518
762 797
176 733
488 788
60 717
518 588
480 744
584 643
677 682
257 762
511 516
630 730
353 772
228 378
18 693
402 766
623 782
439 697
503 668
716 780
481 776
465 492
31 405
622 776
491 656
645 650
83 720
155 760
512 781
700 788
387 551
722 744
268 469
394 735
503 740
681 719
294 427
39 315
351 560
460 793
217 654
288 618
697 770
652 757
780 788
531 797
483 521
305 631
625 753
187 631
500 502
28 778
517 633
110 529
518 678
741 774
284 355
488 777
748 773
14 570
566 690
328 615
31 646
341 692
379 481
161 345
341 549
307 749
14 739
52 594
492 727
666 793
672 788
549 748
288 632
604 796
55 596
440 441
630 772
672 734
231 744
571 797
700 767
516 796
242 771
28 316
178 676
325 441
65 651
640 736
749 759
551 753
553 722
626 690
8 644
580 650
288 750
440 762
560 598
325 418
109 117
305 747
431 480
237 465
272 790
517 596
283 284
167 737
171 738
667 761
672 748
178 784
487 624
39 502
514 585
82 733
107 751
297 795
377 772
270 359
608 626
363 710
65 749
410 764
428 678
32 753
416 747
553 555
220 768
14 767
720 777
618 782
551 668
553 709
384 765
554 611
669 743
174 703
36 676
598 747
127 769
511 732
325 664
414 747
611 774
452 746
769 793
292 520
686 781
265 746
252 449
511 628
647 738
137 775
635 733
214 472
676 741
701 747
80 353
726 733
51 685
39 782
222 673
777 795
433 736
729 787
570 767
769 786
164 487
137 776
471 480
623 743
101 797
389 707
472 669
640 783
419 746
636 788
690 710
621 765
582 781
8 793
251 629
527 643
692 706
226 758
282 298
449 554
362 419
625 690
458 776
220 703
24 669
187 692
315 597
377 755
303 778
441 610
615 797
245 594
122 748
452 711
539 783
68 537
35 691
680 700
605 638
648 788
631 782
286 659
729 757
683 778
700 719
97 614
132 793
403 547
650 769
547 613
692 720
574 782
580 593
70 439
608 778
148 421
187 799
481 574
45 672
706 762
451 729
582 743
239 341
494 632
367 746
298 303
525 690
268 715
286 549
675 710
580 713
105 629
235 777
215 744
438 787
539 650
760 770
65 732
307 651
205 653
600 794
380 661
507 775
698 709
492 516
454 471
76 702
402 796
516 675
611 743
762 787
597 781
709 776
360 611
363 753
531 777
733 755
628 693
333 709
465 703
343 570
311 429
703 705
135 277
335 717
394 554
491 636
404 797
354 653
672 777
531 673
248 668
430 600
698 703
11 748
265 569
345 733
342 569
91 449
725 770
503 750
472 728
608 799
491 629
277 615
683 684
757 775
355 677
634 751
512 597
250 756
89 767
553 757
483 690
47 584
482 521
65 679
490 777
531 574
320 787
696 750
128 752
609 615
388 767
523 710
11 653
488 771
655 790
733 787
149 791
248 537
585 702
641 679
53 652
79 652
706 787
341 539
175 724
571 748
594 784
632 781
722 770
106 780
452 784
256 778
388 629
297 517
268 373
453 709
749 765
273 791
226 461
618 737
694 778
570 780
697 713
242 768
727 732
250 566
36 784
164 301
517 729
455 734
534 786
764 780
640 737
164 743
53 783
257 630
571 762
79 771
615 717
28 451
147 640
661 774
629 780
5 354
208 626
450 723
514 732
697 722
593 609
261 499
360 434
433 793
678 785
238 669
331 461
122 769
486 683
273 769
643 715
224 624
618 797
527 560
770 775
367 440
222 768
593 713
264 790
514 727
3 720
633 725
292 360
438 662
511 553
701 735
596 641
712 744
435 791
679 765
205 341
523 650
249 625
713 725
458 716
629 798
481 744
651 667
608 738
257 703
64 175
155 725
746 784
536 717
576 778
331 782
542 708
245 775
737 761
278 762
769 775
574 665
178 771
418 703
702 744
187 486
315 720
480 657
482 566
651 737
598 744
732 749
107 335
362 733
534 757
701 721
80 688
637 723
417 494
367 797
531 734
346 597
79 451
580 751
491 788
137 729
727 761
379 410
569 779
517 550
431 584
16 335
555 697
744 792
708 755
566 753
643 782
554 741
521 731
64 377
307 686
550 633
755 761
679 737
665 709
629 700
117 759
141 242
531 748
210 791
191 669
605 755
697 760
682 710
435 715
76 771
482 690
144 343
328 713
239 326
97 755
224 554
301 799
675 731
547 750
254 769
37 298
311 720
8 769
81 746
667 722
283 614
537 655
574 772
706 736
531 653
767 788
431 782
147 553
667 789
137 757
249 710
582 597
625 675
459 600
596 690
248 469
69 734
306 534
448 774
305 342
529 566
715 783
132 769
171 301
210 768
598 663
656 772
416 686
353 776
465 771
379 776
752 770
76 703
455 549
405 614
62 665
619 633
126 667
254 353
91 769
625 627
133 593
480 723
765 780
235 340
699 703
386 773
351 480
355 440
191 774
490 772
732 734
555 770
554 774
4 593
633 775
387 584
531 672
551 726
261 516
101 325
672 692
306 667
503 632
126 749
440 787
274 771
671 784
191 783
731 778
458 481
521 626
461 788
