110 190
84 181
45 111
76 100
0 197
175 196
107 141
144 145
161 191
100 199
184 189
143 194
137 194
46 97
74 161
99 187
130 196
47 187
144 198
53 155
14 196
47 161
167 189
147 159
196 198
32 146
63 182
22 102
162 197
69 194
145 175
74 168
102 169
30 111
134 167
46 197
16 196
25 159
35 96
98 137
162 191
70 191
163 190
44 107
77 147
194 197
34 177
22 148
82 113
26 74
6 58
35 152
4 199
161 163
108 132
190 191
121 148
0 158
69 92
23 109
108 162
140 143
42 126
50 156
3 77
157 191
59 140
117 190
180 189
119 174
23 140
7 73
90 117
68 73
2 137
56 70
86 140
125 191
2 163
57 78
105 196
44 119
77 159
9 90
100 157
84 183
53 186
63 78
104 117
33 47
25 193
34 44
129 137
163 196
132 190
120 167
3 126
120 141
84 115
143 144
97 119
75 99
147 187
97 105
105 114
63 170
42 130
116 141
132 165
61 180
117 170
52 145
76 140
134 191
31 143
25 68
83 186
35 180
59 147
140 198
189 196
99 197
70 146
54 120
43 197
7 197
110 111
71 177
96 132
162 174
180 196
46 61
47 177
71 84
70 199
168 194
48 196
20 30
100 144
69 142
35 189
54 188
32 162
157 189
98 191
110 135
13 134
97 146
66 173
0 151
74 162
102 179
125 151
77 157
14 78
109 180
137 147
43 140
3 174
98 199
70 125
43 162
132 184
13 191
137 198
13 54
140 161
69 197
113 199
45 176
158 189
34 119
77 188
2 184
66 120
134 186
98 125
194 198
84 184
186 197
110 175
103 145
119 190
13 184
16 169
161 174
51 152
145 163
42 180
53 198
162 187
105 180
108 167
147 194
68 130
44 155
43 182
113 159
39 164
174 198
186 191
48 180
8 134
86 151
158 175
82 187
145 190
105 189
22 163
4 172
0 196
20 143
103 157
16 167
68 189
86 180
120 190
7 175
100 198
51 113
78 123
41 109
144 197
0 143
59 110
2 191
148 194
34 84
98 197
74 126
196 197
47 125
82 147
13 189
16 180
48 184
90 120
103 193
162 190
77 186
82 199
68 90
96 113
137 176
71 191
48 109
142 145
99 109
20 157
3 191
129 134
116 137
59 158
86 198
141 158
32 168
69 162
111 186
157 167
175 184
144 164
117 182
14 175
84 108
108 161
141 163
53 136
22 174
28 53
108 191
141 189
59 72
113 187
83 190
140 194
20 121
186 189
86 179
32 133
18 51
42 189
51 106
117 124
121 128
39 107
158 198
131 148
110 161
102 194
98 187
27 125
42 63
55 83
184 190
71 140
78 198
4 119
158 190
99 186
25 191
108 173
83 197
103 190
45 103
186 198
132 158
130 136
104 138
82 145
174 184
44 191
107 155
63 159
103 195
32 111
50 174
71 185
104 197
39 119
73 121
93 102
148 186
103 141
72 168
7 159
83 161
189 197
99 194
130 189
88 113
43 194
86 144
78 109
168 187
25 137
152 187
141 187
74 110
37 86
23 187
72 175
109 121
144 157
130 180
180 190
23 143
98 152
70 174
7 195
163 175
45 184
162 168
144 194
100 176
102 148
102 121
54 168
48 175
100 194
4 107
51 117
39 46
29 125
6 97
111 158
30 107
103 196
104 177
97 118
68 101
161 196
30 176
54 163
82 143
22 198
71 157
105 147
78 104
61 97
125 132
72 196
90 178
147 169
66 159
197 198
121 198
6 192
111 198
3 73
16 175
63 134
45 163
20 66
120 130
66 194
61 122
90 147
152 189
119 151
152 163
69 151
119 141
72 90
135 137
108 111
148 151
120 189
98 188
113 124
180 184
100 197
39 184
14 186
144 181
61 153
73 152
130 198
77 130
2 190
14 198
46 166
151 197
35 50
50 198
74 91
61 184
104 135
66 165
134 161
99 190
85 104
83 88
159 187
62 147
50 141
73 116
151 194
186 194
109 198
6 34
190 196
107 121
30 193
23 159
105 143
53 197
120 151
104 186
145 196
134 178
125 168
51 167
110 196
50 132
59 190
72 198
54 184
132 175
99 198
121 181
82 158
4 97
143 197
83 102
6 107
145 189
105 188
117 196
15 134
48 199
