145 233
255 658
111 227
221 457
365 665
43 444
390 606
45 230
96 759
390 745
303 532
179 538
201 246
111 607
420 718
225 659
467 685
714 726
658 660
666 789
207 695
376 656
381 385
425 709
638 763
234 741
56 584
223 371
347 575
475 610
280 714
63 705
561 786
1 717
260 634
445 588
275 501
152 179
413 745
140 684
159 687
591 680
78 160
540 686
699 731
136 789
29 789
104 287
528 578
182 647
522 707
140 724
192 785
374 754
124 718
424 623
349 635
189 774
641 688
557 658
637 718
712 763
125 752
330 712
225 791
498 514
340 478
22 637
114 754
23 300
189 601
336 686
426 544
281 662
212 347
33 642
54 759
644 645
114 581
337 735
467 728
86 649
383 766
579 674
564 620
545 630
413 541
612 795
524 644
108 444
71 72
371 374
443 670
707 752
269 705
129 342
612 712
561 705
72 349
57 495
209 687
541 763
215 287
568 583
436 450
165 711
295 423
524 786
397 606
398 770
348 633
151 531
260 490
595 786
139 702
112 156
69 322
289 415
474 751
119 779
209 221
466 708
250 361
289 658
255 790
473 654
192 290
411 726
330 400
612 623
443 684
9 412
262 501
524 595
49 565
85 745
72 508
309 518
37 535
612 766
556 675
764 785
548 562
658 741
131 639
371 729
745 798
322 773
253 559
31 478
533 717
716 739
54 478
477 764
595 742
194 616
88 592
310 743
314 772
356 702
622 689
329 763
474 590
695 752
118 581
563 760
581 686
505 512
337 786
56 657
501 644
319 791
0 797
420 702
552 645
300 379
177 704
507 563
365 561
666 670
724 754
123 476
538 634
61 329
133 369
466 689
563 622
621 763
567 579
189 399
116 657
506 757
30 794
432 752
620 660
259 609
446 554
184 533
296 644
522 776
172 641
470 524
112 732
685 754
444 763
273 548
73 794
537 541
12 25
140 409
413 789
622 731
143 408
40 172
350 739
243 337
243 644
194 682
399 521
207 634
150 798
81 495
248 318
541 721
156 625
411 436
708 745
493 709
95 145
412 685
41 544
300 795
319 659
358 682
165 773
685 740
227 385
390 447
376 378
545 687
107 577
74 308
219 382
301 470
504 617
590 612
572 636
300 709
90 775
641 714
401 688
42 674
541 562
104 546
589 613
94 726
383 524
169 573
44 158
67 327
548 683
473 765
314 699
538 788
33 785
71 741
590 623
579 731
564 699
485 617
156 437
543 712
168 713
116 330
740 759
544 645
317 589
121 751
152 562
638 791
15 799
15 714
345 588
369 716
49 718
124 563
10 755
246 496
541 693
466 647
131 186
649 716
392 580
413 647
71 140
330 589
519 583
296 735
474 518
1 190
280 296
617 718
136 674
357 688
484 581
358 545
496 704
54 739
564 737
552 605
407 562
162 755
34 572
324 774
426 684
153 492
30 511
74 704
456 710
279 741
232 482
158 565
468 515
424 617
478 586
232 369
13 745
197 226
641 702
182 789
182 350
457 640
42 766
562 770
464 745
63 339
501 502
724 789
197 718
680 798
203 513
442 561
642 764
318 616
13 657
366 707
591 688
78 541
758 789
86 493
620 731
22 398
497 658
447 740
545 749
639 654
233 739
281 290
381 540
479 548
544 696
397 700
426 758
108 302
352 792
349 789
181 401
73 312
456 763
364 522
46 741
58 642
575 728
546 687
401 751
383 742
390 779
7 795
327 766
442 458
63 629
374 798
30 475
323 792
201 622
476 688
259 330
216 568
20 594
348 634
113 475
6 613
44 424
152 756
447 573
160 372
255 590
67 742
586 707
399 559
662 702
524 699
721 758
166 664
501 689
395 691
177 324
403 445
134 768
407 759
46 614
86 659
470 649
456 562
365 574
180 323
445 609
601 763
302 399
66 489
583 588
201 745
40 724
408 781
446 484
567 786
622 694
532 666
660 794
168 791
468 779
159 603
142 385
56 397
607 642
276 296
269 375
382 704
479 752
592 595
134 425
279 478
211 563
532 673
695 712
62 223
343 376
658 779
533 792
169 704
223 413
225 409
361 758
530 571
19 377
647 779
219 609
382 602
589 791
508 577
75 504
422 730
154 728
343 369
324 543
59 791
496 518
425 526
649 686
266 522
565 609
674 702
35 203
186 414
206 352
468 689
129 387
280 785
463 638
485 718
489 779
404 581
591 595
594 639
321 565
160 795
58 704
773 786
281 282
12 606
197 598
682 694
437 781
54 144
155 318
601 687
142 759
145 728
329 496
177 207
358 674
345 577
356 412
347 755
318 586
234 758
396 540
20 269
314 696
25 267
138 423
543 595
106 371
291 565
476 495
295 688
349 450
15 785
289 639
456 579
114 783
150 689
478 649
467 526
528 759
159 557
515 572
56 770
15 482
0 276
74 240
7 179
136 350
358 790
400 792
166 366
540 754
139 766
84 664
162 766
497 757
754 758
558 756
664 764
184 593
204 556
545 616
587 795
714 724
731 773
436 773
680 785
687 763
346 509
444 686
180 433
163 475
458 575
259 505
336 773
522 561
445 787
544 660
356 751
197 248
384 395
57 795
588 641
302 614
698 785
297 505
546 784
622 798
94 151
591 682
118 754
564 745
670 752
420 766
493 555
223 572
295 596
374 470
29 350
113 642
698 792
241 659
558 670
595 711
12 408
587 631
198 345
368 794
165 699
59 168
423 680
216 467
485 548
401 764
493 548
390 798
235 558
272 477
461 466
544 586
375 577
177 795
402 567
484 772
543 549
146 560
236 434
728 735
660 758
115 688
42 368
44 652
371 708
229 697
535 603
23 665
506 724
267 670
508 688
572 694
408 494
670 741
182 767
495 795
666 696
689 745
157 169
30 73
581 689
513 612
163 616
442 769
186 698
153 773
182 392
535 794
348 493
575 704
541 795
528 529
412 740
656 752
125 253
184 198
520 522
207 289
7 324
381 783
352 791
389 479
361 514
310 627
6 791
408 589
413 708
368 774
347 506
74 565
185 193
93 798
314 544
684 794
739 759
78 792
247 308
181 529
607 789
485 496
530 601
290 766
295 665
561 665
88 705
168 792
464 708
561 746
634 698
621 623
88 165
186 785
116 613
211 779
34 359
398 735
59 792
425 501
339 654
112 505
131 689
577 641
304 742
284 479
78 763
724 764
22 702
479 509
127 399
58 575
649 785
338 658
84 338
40 792
131 694
443 693
262 476
85 642
15 166
456 509
207 261
321 642
545 546
473 639
308 754
240 685
43 519
153 349
318 545
304 773
526 575
203 381
463 712
156 685
565 657
160 227
216 395
223 637
556 641
526 740
193 795
314 708
313 564
369 695
318 601
390 625
708 798
211 798
422 444
557 559
543 620
310 705
422 634
496 504
409 637
232 739
323 716
505 689
92 554
173 796
659 791
111 794
184 660
357 747
191 548
393 501
218 578
152 194
577 764
86 437
197 606
66 545
270 513
422 716
26 742
307 572
324 742
473 594
229 762
216 578
396 464
108 509
92 794
92 140
674 712
244 636
9 575
302 739
229 513
158 761
586 649
22 791
150 694
502 561
49 158
319 528
234 623
56 718
327 702
489 682
437 581
138 476
211 766
382 751
236 654
368 644
162 652
306 476
587 731
183 493
295 680
422 623
7 195
463 795
212 620
544 758
322 681
456 587
75 412
546 601
456 730
275 488
349 764
151 645
234 761
313 705
496 602
9 728
415 764
385 794
300 684
193 260
253 354
1 713
276 740
43 691
579 773
599 612
230 644
277 477
279 291
621 712
290 718
61 487
602 704
622 647
400 791
699 711
207 327
34 570
41 660
31 497
25 739
73 660
474 615
330 637
627 705
684 758
280 724
317 337
731 786
338 380
304 564
123 415
470 586
280 423
133 432
395 649
381 513
442 740
23 763
208 526
162 656
381 754
538 736
192 589
300 665
66 170
285 385
654 705
495 718
606 617
558 678
506 785
621 691
424 601
151 368
320 538
160 376
674 766
57 736
114 262
329 685
383 584
314 532
386 572
556 576
26 727
225 378
255 696
327 656
558 681
27 790
308 696
313 742
300 760
544 780
445 764
302 528
40 84
189 759
244 662
336 671
540 542
211 689
396 549
236 735
98 664
445 506
100 545
115 442
6 63
120 484
764 789
396 779
365 724
370 395
249 400
647 798
27 740
267 655
295 739
227 342
637 638
567 791
179 590
704 740
67 721
726 735
186 791
351 526
134 735
139 406
470 617
0 735
96 707
66 487
603 794
1 474
185 275
557 603
82 304
358 653
606 786
590 695
530 687
92 758
2 234
19 696
296 552
538 638
46 227
322 430
143 241
0 726
357 583
93 568
337 411
7 695
564 731
379 407
363 561
591 789
568 759
269 627
255 756
588 714
479 763
43 513
642 785
130 647
150 247
154 432
504 640
660 665
572 779
543 721
446 779
506 648
538 774
423 738
498 673
158 634
20 639
260 781
577 658
320 587
647 708
497 786
315 442
711 731
489 694
606 662
437 446
44 606
136 476
203 484
276 438
475 660
172 588
463 469
620 645
752 758
588 785
293 789
93 515
186 423
613 791
338 532
212 592
583 707
532 696
666 758
193 787
589 617
136 451
543 786
621 739
457 535
372 422
190 741
563 768
450 504
69 508
221 721
557 696
209 603
319 746
16 422
436 620
329 622
191 556
473 706
422 538
42 451
460 515
43 621
337 645
372 794
515 727
311 424
90 720
198 593
592 711
681 711
170 446
262 328
46 339
654 658
347 714
522 698
121 515
212 324
98 789
621 795
641 680
34 694
181 773
457 658
519 587
333 586
323 674
107 267
528 736
124 507
159 532
112 754
162 533
552 799
130 714
223 374
48 473
543 579
323 420
432 653
253 496
46 498
401 664
169 533
372 704
13 498
19 426
293 764
791 792
168 698
196 275
33 151
567 742
111 721
578 627
262 317
375 779
269 293
535 590
143 749
163 684
453 575
352 409
25 659
356 656
108 113
98 612
562 769
689 708
447 619
578 586
445 577
230 695
287 308
162 376
567 620
436 497
607 714
259 344
443 535
281 657
240 412
114 582
352 400
61 504
546 664
200 281
166 392
317 735
468 747
711 786
6 474
317 474
230 243
309 789
519 535
577 789
432 479
287 686
471 477
310 654
370 519
139 533
230 726
13 617
627 639
24 157
528 707
533 702
233 634
368 735
240 740
260 495
443 658
320 530
546 682
587 756
308 499
471 474
509 771
334 413
563 745
416 495
125 670
20 225
313 524
336 513
415 510
291 657
201 505
314 655
193 538
324 497
397 485
0 780
401 415
129 229
408 770
26 497
348 740
12 344
568 739
146 691
113 684
616 687
357 707
619 685
638 698
548 646
291 662
163 173
115 561
515 647
121 369
2 535
313 429
204 639
369 568
520 563
581 673
94 321
475 794
181 543
279 365
392 688
157 400
592 607
168 794
464 710
464 779
559 763
197 657
146 677
473 627
95 602
224 423
718 726
721 741
124 764
696 794
548 795
556 766
408 791
154 685
399 519
665 712
95 469
98 347
104 601
548 691
588 602
642 680
173 721
49 406
33 777
319 792
398 425
366 759
565 662
583 716
143 415
309 456
327 402
666 741
194 687
67 711
212 773
489 775
578 690
318 489
361 764
74 219
475 670
443 457
93 94
302 716
322 579
401 698
185 552
519 759
119 446
375 415
466 524
115 613
120 781
104 583
420 797
260 691
27 728
177 670
203 666
397 705
309 623
59 88
204 666
173 794
17 310
716 798
236 267
588 752
497 592
464 492
209 754
357 745
319 637
432 522
552 726
293 711
57 582
169 585
131 798
61 619
558 742
591 714
532 721
476 531
57 695
44 372
160 590
124 375
383 699
211 266
289 724
130 582
338 741
599 712
108 562
396 466
587 599
473 705
535 666
644 696
156 344
374 515
33 789
198 711
613 792
304 699
96 407
575 619
212 793
619 740
506 570
396 647
163 555
184 676
533 760
308 781
591 728
558 752
575 690
656 674
579 795
259 582
95 281
519 586
317 783
541 623
467 683
309 634
276 735
54 637
533 656
509 590
119 708
356 540
489 546
219 559
291 599
241 638
564 742
158 606
426 798
88 699
395 578
368 411
392 785
526 713
112 746
443 536
192 792
104 682
231 409
478 583
23 743
392 591
613 637
157 742
468 473
344 551
202 240
370 539
374 466
545 614
179 663
290 485
495 698
594 705
23 542
26 181
339 627
322 383
72 555
73 246
193 573
588 610
42 420
253 385
58 145
86 739
565 718
583 660
436 790
184 721
619 704
139 631
375 771
467 559
71 557
664 794
313 730
233 370
216 470
71 706
664 724
75 442
189 739
138 764
479 659
559 575
357 568
75 559
296 784
9 39
556 691
120 622
381 463
447 745
34 779
509 619
6 792
578 716
411 735
599 763
694 798
401 421
556 795
463 739
707 759
409 659
623 712
559 794
95 496
400 505
165 706
310 639
477 741
170 194
10 645
432 713
508 714
477 790
27 670
172 523
602 685
287 501
365 577
154 704
691 698
90 649
96 718
51 578
478 557
233 366
285 498
90 407
236 615
552 555
612 763
138 244
157 589
567 731
269 639
607 641
541 712
255 794
130 512
173 734
463 499
601 616
221 754
366 799
63 654
447 559
304 311
154 722
85 622
581 681
358 530
219 504
350 642
594 654
336 759
150 782
390 468
67 786
233 708
527 530
181 497
146 309
129 513
477 752
25 157
411 699
468 568
413 798
125 607
38 259
169 432
280 664
408 792
172 350
228 344
302 707
321 797
356 674
129 437
468 798
12 659
16 444
538 583
10 726
173 703
279 696
484 512
438 475
119 201
190 758
123 305
420 674
241 560
397 718
253 329
290 638
19 603
370 602
332 485
10 411
17 142
296 398
465 572
221 684
310 594
347 785
313 786
524 620
299 348
447 602
467 654
728 740
185 226
371 779
557 725
601 682
165 204
130 446
41 777
96 626
479 785
116 637
21 558
656 702
2 426
457 765
244 617
524 619
339 791
229 540
358 687
90 716
22 792
484 686
344 505
659 792
382 657
218 478
383 514
276 773
436 534
93 745
451 508
563 691
182 698
627 654
115 709
385 498
204 658
78 353
227 755
444 558
121 399
467 525
565 785
634 740
198 794
189 232
464 484
613 752
685 728
319 613
72 84
533 766
509 556
2 118
185 795
577 714
194 603
356 766
563 779
557 687
562 795
370 638
371 798
579 792
489 687
295 724
203 215
20 391
579 711
85 684
361 505
19 201
612 691
172 780
691 763
322 362
142 716
209 740
372 763
230 275
376 766
603 666
304 731
564 743
657 662
426 799
411 795
470 716
680 789
691 704
396 694
166 583
98 265
501 726
339 730
2 652
370 649
337 750
407 728
550 552
111 468
792 795
412 564
289 508
586 673
348 698
204 348
41 198
209 581
125 499
309 764
58 515
29 717
323 637
621 702
180 591
419 485
9 719
412 668
329 727
447 661
528 696
526 728
84 544
506 607
192 791
234 721
382 526
185 645
475 729
595 773
567 780
66 530
789 798
29 558
493 759
240 656
572 708
498 655
409 792
444 695
603 742
163 498
236 740
330 539
420 665
365 776
702 766
423 459
395 528
602 728
513 758
146 556
61 778
119 457
317 726
121 461
711 773
509 761
695 795
437 519
244 397
10 776
154 504
190 268
372 695
466 786
530 616
241 530
293 670
457 557
779 798
190 675
399 700
426 762
470 739
159 619
568 787
586 709
617 662
616 682
229 344
361 686
532 546
366 786
38 287
445 641
180 722
26 366
689 742
27 526
484 645
180 321
476 789
665 763
425 644
138 662
495 599
59 782
153 786
116 642
741 742
156 361
694 745
291 617
177 712
474 752
349 688
134 722
489 616
327 376
607 785
461 540
243 409
279 794
85 779
145 655
552 644
120 540
159 780
40 616
75 788
540 781
467 619
216 756
530 682
639 705
498 603
118 336
504 740
424 485
153 681
219 623
123 680
567 699
424 718
425 767
462 532
601 712
232 400
446 754
123 323
592 773
508 751
398 431
436 681
535 737
681 786
352 542
166 785
225 638
546 711
321 789
94 425
352 653
243 645
464 694
180 293
477 592
338 758
462 543
562 598
232 407
29 435
143 192
275 645
649 721
262 726
266 567
493 599
113 758
442 522
152 587
49 785
477 681
190 221
243 629
657 681
120 568
13 606
92 550
336 581
616 620
321 506
375 406
179 443
731 742
594 627
41 708
244 776
339 705
267 589
1 118
642 691
591 724
134 398
463 587
579 786
711 714
142 707
437 632
357 528
552 735
241 578
689 791
407 716
30 679
620 758
493 578
350 469
508 610
587 695
382 415
424 657
242 392
338 404
