0 10 94 134 151 185 230 243 262 275 276 296 317 337 368 398 411 425 501 552 644 645 726 735
1 29 51 60 107 121 125 128 133 183 236 250 258 261 267 272 277 312 328 332 346 360 428 432 434 435 471 474 477 479 499 518 558 580 593 609 615 655 670 678 681 713 717 751 752 756 790
2 19 30 41 46 71 73 92 111 113 140 159 163 173 184 190 198 204 221 226 227 234 255 279 285 314 338 385 426 443 457 475 498 532 535 544 557 603 655 658 660 666 670 684 696 721 741 758 794
3 48 80 97 109 117 161 176 213 245 254 283 345 353 362 377 386 430 459 600 605 614 630 635 730 733 755 772
4 144 231 351 450 480 492 511 514 516 560 598 604 628 663 723 727 732 744 796
5 11 31 45 50 69 82 83 188 205 206 222 235 264 311 341 342 354 389 393 405 454 455 490 531 549 569 646 653 672 673 692 720 734 748 777
6 12 22 25 59 116 143 157 168 192 225 241 319 323 330 352 400 408 409 589 613 637 638 659 791 792
7 43 57 68 78 108 146 152 160 177 179 191 193 204 207 260 286 309 320 348 372 422 444 456 463 479 493 495 509 538 541 548 556 562 587 590 599 612 621 623 634 638 691 695 698 712 763 795
8 91 122 127 132 174 251 273 278 364 433 448 460 510 769 793
9 27 58 61 74 75 95 145 154 219 240 253 329 382 412 447 467 496 504 526 559 575 602 619 685 704 728 740
13 44 49 56 158 197 244 281 290 291 397 424 485 565 606 617 657 662 718
14 87 105 106 200 226 286 333 340 343 388 410 461 491 570 629 636 648 700 719 767 780 788
15 33 40 72 84 98 123 136 138 166 172 180 182 186 280 289 293 295 321 347 349 350 392 401 415 423 445 476 506 508 577 588 591 607 610 641 642 664 680 688 698 714 724 764 785 789
16 35 64 89 110 175 195 294 335 427 529
17 18 47 77 100 103 167 171 187 196 214 256 298 301 303 305 320 331 414 431 472 486 527 576 584 608 631 643 683 693 701 738 747 778 782 799
20 63 269 310 339 473 594 627 639 654 705
21 148 202 208 248 268 288 373 387 403 417 421 469 494 503 537 547 551 632 668 715 750
23 39 62 115 199 239 266 292 300 315 359 365 379 442 453 458 481 500 502 520 522 542 561 574 665 709 776
24 164 169 191 224 238 252 380 394 449 487 554 573 611 624 661 669 743 774
26 67 88 153 165 181 212 304 313 322 324 383 436 497 524 534 543 564 567 579 592 595 620 681 699 711 731 742 773 786
28 53 55 70 79 99 102 137 147 155 297 316 439 451 517 534 536 539 550 553 555 596 633 652 697 722 725 729 757 760 770 775 783
32 249 363 482 483 521 523 525 566 625 626 650 675 690 710 753
34 85 93 119 131 150 201 211 223 371 374 390 396 413 464 466 468 515 563 572 622 647 689 694 708 745 779 798
36 37 81 101 178 246 265 284 334 355 367 391 404 419 429 438 440 452 462 571 618 640 671 676 677 706 736 746 762 784 787 797
38 112 114 118 120 129 130 135 156 170 203 209 215 229 247 259 270 287 308 336 344 361 381 416 437 446 484 505 512 513 514 540 581 582 597 686 754 781
42 139 162 169 323 326 327 356 376 402 420 533 585 656 674 702 766
52 65 126 228 263 282 306 307 378 384 651 667 679 737 749 761 765
54 86 90 96 121 142 189 216 218 232 233 302 357 366 369 370 395 399 407 470 478 493 519 528 568 578 583 586 649 707 716 739 759
66 104 194 318 358 489 530 545 546 601 616 682 687
68 76 124 141 149 210 217 220 237 242 257 271 274 299 325 375 406 418 441 465 488 507 563 610 703 768 771
