0 11 31 56 92 104 120 127 135 145 150 167 179 223 229 235 251 263 313 339 364 369 442 501 520 563 633 651 678 705 752 817 849 901 906 911 923 964 973
1 27 48 68 77 162 216 237 246 355 382 387 410 464 523 532 539 545 591 592 614 627 662 701 742 762 773 784 818 867 902
2 58 65 99 126 154 160 206 262 283 322 327 336 351 405 419 428 431 478 488 500 503 529 556 567 570 608 648 653 681 688 720 764 780 788 828 847 868 876 887 907 917 936 950 954 981 995
3 28 35 41 45 95 131 138 141 161 177 193 253 286 309 331 333 353 384 394 401 506 639 650 680 697 707 708 732 763 782 791 793 834 840 859 874 878 893 984
4 17 33 118 151 155 250 267 290 305 316 330 341 362 367 411 440 441 461 476 490 565 582 622 623 624 637 646 647 670 689 724 735 753 789 796 800 823 850 852 854 875 878 881 897 918 961 963
5 76 203 212 278 312 323 368 373 511 528 573 581 611 652 726 727 770 855 892 915 956 994 996
6 34 79 172 190 433 495 510 525 607 667
7 49 72 83 89 139 148 176 185 195 204 205 213 214 267 269 274 335 337 393 444 449 468 481 531 575 585 616 632 743 759 768 792 833 882 912 916 919 925 939 978 979
8 32 38 53 66 67 101 117 157 175 184 191 226 282 296 301 302 311 345 349 360 381 383 390 429 434 443 446 475 507 521 547 564 568 594 625 628 671 685 699 757 812 822 838 908 928
9 10 16 18 121 192 199 254 303 326 404 463 465 482 505 634 731 747 750 766 810 842 858 861 924 970 993
12 19 80 124 224 280 432 457 462 471 474 572 604 609 644 654 683 721 722 725 740 755 761 806 844 871 929 980
13 88 137 153 178 259 268 338 340 396 424 712 940
14 82 136 222 230 264 270 409 430 458 541 576 584 600 626 715 738 760 790 794 836 864 870 883 913 975 982
15 46 93 98 158 159 215 221 255 299 344 358 359 400 453 460 469 512 534 538 546 551 579 610 636 643 659 672 694 754 808 832 863 869 879 943 947 974
20 36 81 163 174 219 225 247 266 298 352 357 415 421 438 477 489 497 499 531 536 552 630 665 695 710 746 786 830 872 895 921
21 52 156 207 220 284 317 350 420 473 487 514 593 642 658 737 748 778 841 857 862 900 931
22 24 61 64 70 71 74 75 102 105 110 123 240 243 265 279 281 300 334 371 385 408 412 414 423 513 540 577 587 598 612 631 655 656 663 717 723 749 765 831 843 853 903 918 927 937 944 949 953 990
23 37 119 189 244 252 361 374 491 661 664 673 677 745 767 779 802 877 891 904 945 946 958 967 989
25 43 54 73 90 125 128 166 180 183 200 227 261 306 331 332 366 380 389 416 418 508 595 679 684 692 758 776 829 880 884 926 955 968 977 983
26 30 94 122 129 140 143 186 217 271 291 354 370 379 391 403 417 439 455 456 483 509 515 516 555 559 569 617 618 666 668 669 687 718 730 756 772 819 820 866 888 932 938 959 985 999
29 63 86 87 100 116 168 202 257 291 447 459 470 502 535 537 544 613 744 885 898 957 972
32 42 44 108 114 149 187 242 245 256 272 275 325 329 346 386 398 425 435 448 472 504 550 589 597 620 728 736 787 797 811 821 837 846 851 865 886 894 910 930 942 948 962 986 991 998
39 57 109 169 170 233 234 260 276 288 320 413 451 452 480 492 558 561 566 590 596 601 621 635 676 696 798 889 941
40 47 78 85 97 111 115 133 152 164 165 187 194 197 208 238 273 348 356 360 378 402 427 454 467 485 493 517 524 571 574 640 675 693 699 703 709 711 714 716 862 922 952 976 988 997
50 134 171 173 209 218 232 248 307 318 376 399 407 484 486 494 498 530 542 543 560 619 629 649 657 686 702 704 733 774 775 783 825 890 914
51 59 188 287 315 377 437 522 526 557 562 605 645 713 795 804 807 816 835 839 896 899 933 934 966 971
55 69 107 116 236 277 292 297 310 314 343 367 436 549 682 690 691 700 741 803 805 813 824 837 951 992
60 103 106 113 241 294 295 363 392 397 445 496 578 777 809 965
62 201 211 285 324 365 588 603 606 660 734 769 826 848 856 987
84 91 144 147 308 342 388 406 479 548 674 751 781 785 969
96 181 228 239 304 319 328 347 408 426 527 533 566 641 799 814 905 960 990
112 130 450 466 583 646 698 729 771 815 873
132 249 258 289 293 375 518 519 554 586 602 845 920
142 146 182 183 210 321 372 553 599 615 719 827 909 935
196 198 231 378 395 422 580 638 706 739 801 860
