54 334 444 494 284 252 10 272 178 140 533 61 56 
363 542 380 466 156 447 160 219 576 209 200 155 545 263 359 301 373 319 505 493 305 495 503 398 73 34 
463 80 448 157 269 277 266 296 477 587 364 62 488 308 341 116 135 151 
423 360 571 413 565 429 2 199 174 575 230 33 205 396 421 177 253 
282 299 418 525 482 302 512 70 159 298 546 49 55 11 40 171 92 516 317 85 281 143 188 234 415 550 26 90 468 255 509 232 318 584 459 226 287 309 580 313 273 407 362 78 148 125 48 510 15 425 389 88 566 94 379 97 372 452 440 401 375 180 82 58 371 107 424 108 158 320 260 241 77 528 79 568 110 166 338 400 292 502 9 385 161 453 52 190 117 240 574 51 149 192 443 547 326 388 258 221 392 367 410 578 570 461 596 264 249 403 471 172 538 38 67 111 109 517 179 211 136 63 265 481 333 353 412 74 14 121 522 83 186 556 248 45 527 378 
464 167 597 475 47 562 24 57 198 278 558 306 552 408 69 103 112 3 181 
393 348 518 560 419 553 66 18 150 455 153 572 286 422 203 154 330 114 195 170 20 530 0 175 487 187 374 106 35 365 236 29 218 449 594 504 
397 343 163 98 310 478 442 436 279 96 6 
589 402 480 220 201 280 95 435 267 147 300 251 37 115 189 361 592 314 
213 168 139 346 41 521 19 406 323 322 339 327 194 165 93 485 324 337 446 144 303 579 
325 426 16 5 42 244 328 126 242 520 511 129 437 
467 295 428 561 100 433 87 583 356 430 391 130 569 225 
532 595 185 224 182 247 271 590 524 176 376 134 105 536 382 127 315 86 91 65 275 394 71 145 593 307 
432 395 137 332 283 113 472 233 118 
1 506 450 133 28 207 399 43 499 381 
223 431 557 25 208 193 202 57 46 564 470 89 386 72 7 366 214 276 526 
591 84 598 304 582 349 523 483 554 491 513 496 405 59 235 128 23 250 30 390 476 586 340 64 416 490 474 131 119 21 152 549 484 312 544 
541 216 316 228 17 173 457 197 588 537 229 465 261 210 
500 239 535 507 32 146 342 237 254 22 497 
534 581 599 498 585 486 
377 336 243 454 501 
456 417 75 427 204 411 231 290 357 492 124 270 414 
577 132 519 222 31 441 293 53 81 50 257 563 122 288 39 344 434 335 462 206 12 331 36 311 352 259 196 212 44 384 164 350 473 76 529 559 246 191 68 141 
540 99 548 514 573 355 123 350 515 104 
169 439 183 347 370 460 101 227 479 451 245 217 4 445 567 138 120 409 543 256 539 555 387 369 
531 458 268 60 321 
285 184 142 508 162 215 291 27 354 469 294 
438 368 238 489 262 274 383 329 13 404 289 358 297 351 102 345 8 551 420 
