276 294 14 226 247 244 206 526 52 327 592 362 421 504 191 77 441 541 564 477 546 360 320 54 426 156 513 245 30 567 585 165 370 95 26 547 570 313 340 139 493 171 157 104 534 
574 94 197 334 154 408 289 222 66 553 130 347 380 138 16 356 105 251 241 344 146 550 398 499 314 409 108 391 221 48 218 115 249 411 350 33 483 482 571 213 265 17 471 223 202 280 208 85 440 80 270 167 453 476 443 540 492 215 424 192 118 23 410 97 338 339 190 451 328 296 508 186 70 62 519 10 255 273 44 597 542 478 539 117 464 277 311 584 233 124 4 236 505 419 253 402 472 68 489 287 170 502 1 303 39 594 459 297 2 113 148 51 164 473 57 144 407 437 0 596 558 176 78 399 433 332 354 336 141 
423 432 276 395 581 295 393 7 337 55 382 271 544 150 34 418 578 318 436 455 330 13 500 204 182 572 282 511 389 9 367 212 269 292 116 582 561 195 307 72 187 503 552 183 375 102 
438 137 366 238 166 11 86 474 349 22 413 227 425 
219 194 535 230 153 211 517 480 184 83 209 224 264 
416 216 353 509 76 19 427 12 475 565 456 333 3 
193 309 234 431 506 205 90 372 134 396 49 469 
377 495 562 53 458 132 449 29 231 250 484 73 207 569 563 586 71 239 573 
45 169 120 439 306 129 168 595 149 63 38 365 32 143 537 180 461 87 390 302 512 127 24 79 198 487 272 368 527 178 498 460 260 142 263 290 232 
133 401 403 507 510 315 92 181 319 485 543 545 415 107 126 162 268 445 109 163 351 75 554 417 
481 429 490 525 229 363 579 587 237 538 355 576 112 286 343 551 496 217 160 568 
298 122 225 140 335 267 
323 457 291 299 346 
119 532 261 151 388 288 58 243 321 258 145 27 444 304 405 281 
50 5 397 488 577 590 175 293 414 101 470 42 400 392 369 274 64 203 0 583 60 228 177 420 25 371 41 242 331 152 
531 522 65 59 322 359 384 310 91 300 559 106 454 174 491 36 8 67 121 15 89 246 566 131 220 383 35 435 257 
256 275 88 201 200 210 56 486 125 448 99 185 317 103 
82 345 214 358 555 515 560 301 278 342 248 179 123 155 524 465 18 520 128 466 589 308 46 556 494 325 326 434 430 447 61 516 266 305 110 196 549 
357 374 468 189 497 98 386 412 324 422 21 463 
285 387 284 446 279 28 172 341 588 348 385 173 259 31 147 378 529 518 329 462 536 
352 199 111 523 373 69 252 6 394 452 528 557 
43 514 379 158 316 81 100 364 74 254 161 159 428 114 
47 188 530 501 479 442 376 40 135 84 361 
406 467 533 93 136 283 593 575 312 404 521 599 262 450 235 240 
548 37 20 598 96 591 580 381 
