178 332 508 368 143 426 107 77 221 576 584 359 159 430 370 473 55 79 435 394 102 96 472 141 160 468 559 288 578 593 
267 556 283 334 81 526 586 570 21 53 94 591 563 335 412 521 129 372 484 258 186 339 61 577 158 296 324 326 458 127 533 496 360 203 215 201 341 123 443 225 528 266 358 579 452 254 
382 97 308 157 82 433 161 594 226 249 314 73 565 366 119 403 113 144 260 534 174 200 222 489 357 447 436 48 210 416 480 373 88 206 1 191 420 517 234 
388 569 47 440 557 29 509 135 93 365 417 180 99 488 463 336 265 15 33 128 350 176 497 181 
106 110 408 173 429 411 247 598 349 337 130 449 461 583 361 513 538 491 120 146 318 104 
531 230 302 474 268 573 126 0 207 309 274 575 92 32 214 550 11 292 251 69 387 237 323 342 315 515 409 63 564 597 415 241 
232 74 166 281 154 582 343 333 453 257 216 
302 431 541 532 50 44 507 506 428 442 244 352 114 58 196 558 317 38 7 167 162 405 568 307 147 535 90 52 446 190 596 510 273 10 6 259 137 269 262 567 125 504 589 471 407 208 340 476 363 485 156 84 4 240 31 381 595 574 599 524 384 362 204 448 295 551 397 327 35 280 122 116 75 20 83 348 375 18 22 305 100 98 493 536 252 487 345 494 289 300 139 95 195 371 297 520 328 286 175 
80 217 347 236 450 393 304 514 189 124 511 23 103 42 54 14 165 223 364 238 153 518 457 354 519 505 17 466 421 
410 344 293 353 177 40 486 539 270 587 271 138 322 451 477 516 438 367 498 483 427 537 163 276 101 209 28 285 298 425 369 134 39 199 320 231 581 198 380 263 321 45 560 37 
205 59 316 502 164 441 464 548 400 277 66 338 
522 246 62 71 60 456 582 70 86 355 390 41 465 
544 523 301 287 275 212 149 261 229 546 49 306 239 87 248 437 479 547 325 383 414 111 108 
527 56 102 151 192 30 170 16 330 24 152 
310 374 402 67 171 542 566 235 385 115 462 530 554 279 278 9 423 218 
282 445 155 418 5 224 543 379 121 459 500 243 
540 200 294 439 242 398 470 400 118 277 331 555 
72 396 255 168 131 386 8 13 187 329 185 227 406 12 89 492 512 54 68 324 105 85 572 250 391 481 4 290 549 460 499 140 552 25 553 395 2 545 46 313 142 213 311 585 
117 253 284 351 188 91 109 245 150 501 490 434 136 413 3 211 
561 184 562 78 399 264 482 525 226 392 26 401 378 182 112 36 346 319 27 76 220 51 592 376 183 389 272 580 475 478 444 291 383 571 529 148 424 172 588 19 57 219 64 34 
356 194 289 179 233 202 133 
132 256 193 377 299 145 404 303 43 312 197 495 65 590 422 454 503 228 169 419 455 
467 469 432 
