126 53 19 383 192 130 385 154 24 113 359 591 213 341 352 203 353 207 373 597 288 464 330 75 256 598 100 34 414 408 400 124 39 115 
127 222 235 257 478 518 371 465 175 0 406 54 382 461 505 139 93 304 584 594 160 70 327 151 184 308 475 214 231 87 217 272 200 
172 531 279 299 344 133 262 331 35 575 128 31 103 329 314 22 295 293 289 572 446 218 
281 28 568 577 199 571 413 60 549 389 228 340 429 244 250 76 158 539 56 402 547 212 508 521 242 210 205 396 566 567 347 580 439 490 587 346 551 394 190 143 208 270 430 14 25 462 194 164 119 99 153 544 7 121 311 590 88 565 137 42 169 313 219 176 181 274 2 563 177 206 298 599 485 297 488 
366 150 170 391 267 78 94 213 486 258 517 292 336 451 496 555 64 188 528 179 489 
1 285 356 403 202 364 444 36 524 118 337 409 
37 474 123 29 275 82 236 294 129 155 85 273 379 358 422 248 23 560 104 4 254 278 
546 84 387 354 229 220 11 499 445 339 186 458 348 579 51 376 350 380 159 92 454 472 144 561 323 197 125 255 44 271 527 562 
172 253 67 80 506 585 101 8 538 98 71 3 136 444 40 520 418 357 570 573 284 300 9 510 282 494 534 432 333 401 316 215 73 369 69 309 43 355 243 174 450 16 232 390 260 12 26 370 105 420 526 542 438 
62 533 45 240 280 161 504 306 530 252 49 476 453 377 437 148 556 264 249 290 201 384 392 338 395 525 96 163 423 509 501 589 548 495 5 343 441 305 266 223 221 79 246 345 386 
503 269 263 419 362 360 286 443 74 372 388 211 
83 552 463 247 435 301 224 116 135 322 307 427 456 238 
378 198 481 117 268 233 191 58 491 469 511 152 332 593 424 146 513 433 482 65 312 361 141 317 204 20 234 163 399 296 134 335 449 251 318 167 302 41 303 442 
156 470 407 17 516 27 110 535 55 147 328 417 13 412 393 132 564 537 480 
487 522 171 259 398 540 471 216 363 342 498 33 178 554 
596 529 536 38 578 168 404 166 502 319 583 448 467 381 519 543 109 241 149 209 157 61 97 457 47 246 291 
559 59 493 131 86 416 111 106 452 18 237 50 507 523 582 
397 592 367 586 550 310 107 187 368 497 484 351 226 447 122 431 574 183 479 261 576 595 415 588 558 225 189 120 214 165 477 315 30 287 492 90 
434 57 66 426 138 182 325 440 63 108 89 468 324 483 239 142 421 6 112 195 10 81 180 349 277 428 320 553 541 
162 532 375 411 68 227 185 436 460 46 
102 114 581 72 466 374 265 365 473 95 276 459 193 512 515 283 
545 557 514 
77 405 230 21 15 145 321 48 
140 425 569 455 500 
196 32 245 91 326 173 52 334 410 
