558 470 102 413 57 77 536 420 115 390 0 112 572 483 495 429 376 196 180 63 418 264 573 422 486 575 230 184 3 81 188 221 494 87 515 596 256 555 516 439 338 392 359 540 54 306 70 578 427 27 79 260 139 275 557 
262 454 174 481 19 273 368 143 533 290 53 84 487 354 45 357 147 551 220 51 155 60 156 339 386 216 489 542 332 381 82 95 222 559 372 497 176 110 246 157 553 562 217 519 203 212 72 530 177 205 546 66 22 261 317 571 547 341 568 88 520 239 579 194 211 259 249 90 407 134 162 468 538 
326 585 150 433 159 541 324 501 340 321 525 379 335 563 590 133 560 6 232 447 350 13 436 364 421 355 534 153 243 23 594 528 187 490 522 499 11 190 103 526 117 49 451 106 111 426 395 464 531 146 240 116 169 163 248 405 387 293 523 278 268 298 
236 320 50 130 588 296 590 301 512 509 500 195 39 388 311 234 550 96 294 389 514 32 396 325 214 385 371 271 158 282 160 62 450 229 42 591 443 
393 108 518 328 369 452 353 373 250 406 152 40 92 
254 219 161 477 31 318 5 1 250 574 391 14 118 511 289 
442 445 485 137 
178 69 145 56 59 
584 253 64 242 136 46 419 204 343 29 140 21 80 599 580 7 172 
472 305 16 4 65 198 577 85 38 329 75 237 265 76 582 185 474 12 459 191 334 535 510 132 192 
458 507 410 9 171 138 36 10 367 20 549 141 455 292 358 
295 255 280 544 428 598 548 586 30 125 113 89 466 55 253 597 213 73 423 17 274 228 583 
307 302 382 400 276 402 537 128 233 270 197 545 28 215 
209 173 394 199 344 244 475 93 375 182 438 346 
532 595 327 349 114 496 476 201 374 168 154 417 148 363 378 142 266 275 208 286 513 383 144 104 235 149 431 251 269 593 465 100 164 506 284 380 492 152 543 569 167 592 416 166 310 366 226 124 503 316 278 15 333 225 397 444 252 231 86 
398 505 121 488 91 52 330 135 288 291 123 
67 94 304 74 105 238 404 561 440 409 210 186 
565 297 2 279 469 109 370 291 377 
175 554 285 18 8 425 403 300 78 462 24 441 245 435 457 227 399 242 348 247 342 
432 360 303 331 420 517 453 352 401 480 299 183 181 498 336 313 564 581 287 491 361 165 48 527 456 119 434 98 224 41 151 277 25 272 467 
83 473 129 315 35 202 414 556 408 34 241 508 179 
58 356 351 44 127 415 37 570 281 493 47 587 437 411 539 319 193 323 504 33 521 170 322 365 478 576 
567 258 461 424 589 362 26 126 206 446 471 71 257 384 566 223 283 99 61 101 314 449 
107 529 448 502 68 460 309 345 122 463 
218 412 189 312 200 479 207 263 131 524 484 552 97 337 430 482 43 120 308 267 347 
