472 584
141 578
53 480
222 489
497 576
408 538
214 232
280 510
47 568
450 457
430 468
163 581
77 578
498 537
134 198
263 486
411 505
130 598
277 464
138 451
86 355
306 320
56 584
310 566
433 440
231 581
510 516
149 306
336 487
500 538
357 447
216 370
48 314
176 463
265 369
359 593
181 557
354 518
462 581
260 502
565 594
33 353
373 418
29 497
160 384
170 236
397 510
259 485
230 584
88 540
337 473
373 517
59 449
16 508
559 560
423 461
48 534
456 465
347 514
373 436
198 427
321 583
235 249
438 483
82 441
71 548
447 565
157 314
270 587
144 486
336 451
281 582
410 425
427 483
268 498
462 566
121 445
174 433
410 587
456 522
373 390
491 583
438 537
459 542
5 459
153 466
206 222
249 403
352 457
298 576
410 594
398 464
238 457
276 539
130 449
477 587
96 593
332 338
155 459
42 510
155 565
187 510
408 449
433 463
370 559
191 433
104 361
368 430
542 582
17 487
420 433
298 472
463 509
101 581
70 554
143 394
224 459
480 543
200 398
276 310
81 509
154 477
191 527
180 569
118 548
380 539
344 486
502 508
285 559
426 497
557 568
189 505
60 522
349 361
71 465
473 578
385 542
3 516
28 516
254 372
276 427
451 496
151 581
206 362
478 527
164 365
410 486
426 592
47 289
281 284
299 454
429 598
463 465
380 410
128 488
40 581
163 593
165 354
441 522
538 559
333 556
14 121
82 489
530 542
587 595
163 293
271 593
439 464
354 466
17 514
519 593
524 540
449 564
142 593
514 518
349 372
170 435
80 460
426 578
464 555
249 308
32 361
394 576
40 334
314 366
9 468
214 271
236 485
56 462
459 500
23 524
388 501
411 483
195 462
198 484
271 566
163 556
534 557
206 420
193 228
122 194
433 565
331 338
186 461
101 515
565 591
42 524
206 326
333 582
120 590
318 337
320 427
353 367
128 509
294 430
498 534
372 598
66 242
174 403
564 568
571 582
436 480
423 554
49 336
86 522
285 367
15 497
1 88
265 553
486 565
508 514
498 501
560 563
265 487
53 320
388 507
411 583
354 519
464 528
466 483
219 569
418 500
151 352
45 360
93 454
235 566
319 522
426 550
246 528
107 468
382 517
144 489
236 519
173 423
232 577
124 599
462 483
453 548
402 566
259 493
444 508
11 214
485 558
308 489
279 530
398 595
341 464
383 384
390 562
234 269
402 561
206 314
374 395
471 473
165 575
154 343
55 527
316 487
361 538
343 453
128 335
367 451
96 563
223 462
282 418
433 579
187 572
173 513
445 508
456 523
45 477
359 540
33 509
234 534
242 470
321 442
1 594
329 554
536 568
332 593
5 347
299 495
103 450
259 448
161 200
19 576
170 483
288 559
398 548
242 465
67 380
33 572
205 470
425 539
100 582
340 354
158 425
472 485
110 429
146 337
94 555
187 586
81 534
297 593
9 530
210 511
157 260
50 510
345 540
279 566
268 595
359 473
505 519
382 479
294 502
423 541
41 488
461 538
450 524
93 388
118 436
449 598
81 99
193 455
138 567
159 576
217 457
162 228
393 451
527 543
440 568
41 465
17 549
192 525
281 441
427 438
483 587
180 230
517 534
119 420
104 344
268 398
218 448
410 516
29 440
319 578
79 472
266 522
56 527
310 339
20 487
314 331
210 594
427 431
429 447
146 461
498 587
113 539
243 543
243 345
271 587
400 470
350 517
23 364
28 198
260 420
316 540
336 509
382 403
359 559
263 522
343 582
242 316
238 511
370 578
263 498
155 445
106 491
159 359
453 582
119 174
429 583
205 555
214 268
270 530
271 298
102 593
30 583
141 576
540 555
151 508
86 366
88 260
161 517
1 403
278 554
280 448
138 425
191 234
374 542
322 560
472 477
9 554
149 408
441 540
102 584
144 222
367 417
28 298
216 453
254 491
120 598
247 583
231 322
146 598
224 500
28 456
270 318
259 510
374 423
347 566
166 403
331 464
5 543
285 393
59 548
79 370
83 448
141 160
55 485
223 466
429 538
279 423
152 457
462 554
461 466
113 594
354 393
320 537
30 55
154 333
276 277
537 565
30 352
153 173
285 483
279 554
122 448
380 451
364 514
223 457
119 594
308 565
171 566
192 593
216 343
270 451
134 146
468 559
270 285
435 584
445 500
394 537
39 369
428 483
429 491
56 391
257 599
440 497
249 512
177 483
462 508
349 598
134 439
447 505
106 535
70 561
445 520
500 597
564 578
124 540
505 518
141 560
288 551
455 510
224 543
82 597
390 465
364 385
436 473
60 349
526 557
381 568
402 530
151 568
141 472
234 497
470 502
70 465
235 402
25 555
390 456
249 420
410 570
160 435
341 508
487 568
74 281
110 461
440 569
367 486
353 454
62 318
246 582
448 510
50 171
451 516
476 516
278 374
377 441
508 578
442 519
171 530
336 408
101 477
134 560
190 557
228 299
177 584
164 200
437 438
187 313
423 530
318 598
430 576
418 453
576 578
369 597
350 508
338 540
210 489
355 390
429 446
379 418
416 514
96 384
302 569
361 598
584 586
470 517
492 530
473 576
408 513
246 545
176 557
487 558
54 514
80 519
210 480
62 522
71 456
459 554
479 488
159 368
487 551
225 540
297 548
257 281
475 539
9 566
429 432
430 454
394 559
144 288
362 558
393 519
429 449
537 581
97 539
4 398
316 424
426 488
236 550
293 339
347 557
384 593
217 534
456 580
98 393
336 388
315 462
288 593
491 513
368 506
423 566
246 522
321 353
277 316
281 492
445 459
367 559
380 560
416 436
365 517
538 575
51 343
540 548
364 466
421 533
99 240
378 594
37 581
184 594
439 540
67 542
417 563
553 593
221 430
477 537
441 547
164 581
37 509
282 500
37 590
113 405
112 513
354 364
355 582
242 441
152 508
247 349
181 388
308 316
367 425
462 584
166 257
283 487
543 566
124 238
23 505
440 463
84 435
368 593
332 559
390 582
390 395
394 403
55 277
154 582
165 421
115 423
55 571
174 572
411 449
359 576
368 584
24 335
426 559
354 535
461 465
45 199
310 542
424 430
560 587
225 579
265 399
336 463
83 352
373 433
445 596
268 568
568 579
310 529
242 251
543 557
330 508
39 322
190 527
282 379
452 594
110 583
385 549
43 193
578 598
228 566
161 577
332 596
408 583
177 321
231 530
397 486
568 569
511 589
424 583
518 534
80 217
48 519
74 523
223 238
118 464
33 569
361 513
187 397
403 517
463 488
122 580
397 596
189 466
146 538
463 497
235 382
154 232
121 379
374 402
124 347
485 576
142 537
221 555
246 390
176 569
390 470
199 425
282 445
218 542
276 581
299 364
338 555
362 421
159 578
513 583
77 426
411 513
16 457
397 441
192 527
448 578
464 509
497 560
24 384
425 486
330 435
276 587
350 509
257 513
310 448
331 400
152 584
141 143
45 254
489 583
166 232
373 594
508 593
62 246
83 280
502 548
122 510
466 518
107 578
576 593
216 491
24 584
314 347
278 280
438 594
393 518
382 480
39 477
352 584
278 542
388 557
370 576
400 439
435 485
209 282
345 362
508 527
511 514
50 397
417 569
282 543
338 400
461 598
50 568
14 505
199 530
135 497
330 584
316 555
500 543
104 538
464 540
527 584
180 435
509 569
421 450
41 522
231 380
366 534
420 576
59 439
441 555
66 398
17 421
206 594
173 538
174 416
534 565
121 543
489 534
257 453
187 554
29 164
222 565
135 365
385 554
388 468
484 491
177 453
73 308
400 548
322 483
250 459
396 491
381 537
503 593
270 580
288 430
255 581
113 447
367 587
369 533
171 385
306 587
581 583
103 457
322 506
71 213
165 453
330 516
365 440
190 471
450 598
471 513
170 508
434 527
1 144
167 519
498 560
391 522
182 543
299 491
47 180
107 444
397 485
330 527
239 587
259 521
408 503
210 517
118 591
138 537
417 488
366 565
99 181
66 493
263 581
199 331
402 542
263 271
178 578
103 588
434 472
16 584
128 417
20 247
60 465
385 566
80 511
282 599
302 402
269 379
73 157
400 502
366 480
443 584
408 598
298 477
231 425
485 510
234 357
142 362
120 538
500 544
224 529
120 173
176 570
121 596
110 456
438 451
332 578
57 554
357 582
468 575
439 559
338 552
447 597
447 480
365 557
445 543
427 451
409 537
343 373
56 407
243 500
135 578
321 386
530 566
276 417
349 565
461 528
66 502
450 514
473 488
439 548
447 489
73 489
130 311
502 555
142 406
385 537
243 509
299 514
193 590
394 473
144 577
438 477
79 563
73 596
369 587
39 279
247 543
332 370
104 583
249 436
22 569
161 420
53 254
349 461
324 362
77 451
320 498
30 593
219 453
24 352
97 382
243 459
318 411
107 581
238 519
554 563
60 355
62 465
450 505
344 587
369 581
70 522
380 406
53 360
368 560
509 557
483 539
486 516
17 518
511 516
100 173
67 530
267 468
416 447
456 582
166 453
442 537
431 436
491 515
191 596
587 588
200 548
401 463
298 516
87 457
472 473
130 355
153 514
63 288
449 513
388 497
350 594
243 478
266 581
357 362
29 402
214 568
15 569
161 538
71 582
37 498
426 472
320 560
543 578
203 205
357 433
430 473
423 593
389 502
143 374
181 559
321 369
218 548
238 547
230 595
265 557
468 473
198 552
550 555
463 557
263 474
364 435
537 551
461 583
160 509
397 448
364 450
99 301
446 450
192 584
416 565
296 576
153 505
316 470
498 516
366 450
41 390
403 421
192 505
70 510
534 594
223 439
138 278
191 480
260 338
353 539
522 582
379 500
198 230
9 587
277 398
294 548
33 557
28 583
219 247
178 593
420 534
517 565
93 350
83 472
318 513
357 554
449 583
134 587
293 560
99 180
163 486
347 511
209 498
488 557
366 594
331 502
149 355
337 598
163 539
205 321
333 343
181 488
374 554
583 584
165 511
352 527
355 522
15 93
217 347
459 472
97 480
369 560
542 568
120 500
210 394
122 472
293 593
394 468
489 594
379 568
350 497
514 548
23 42
445 542
538 583
379 576
107 593
93 527
384 584
42 124
232 333
189 364
542 554
247 513
462 542
344 410
74 216
155 543
472 510
457 511
365 542
224 584
42 153
357 373
152 254
465 582
160 584
152 593
279 280
318 583
436 534
40 438
86 456
417 557
74 582
218 310
516 539
539 560
77 593
5 500
164 555
130 583
435 527
265 569
394 578
511 519
497 509
336 488
337 510
82 260
473 559
77 500
102 594
418 543
214 550
232 257
118 540
448 520
290 464
57 459
386 498
229 306
157 565
339 462
470 548
368 559
357 361
24 560
371 517
134 483
45 369
447 534
337 518
239 374
294 306
370 451
465 522
376 411
397 571
259 509
135 488
153 531
427 509
359 389
209 581
418 552
59 294
132 400
426 568
14 514
75 560
421 457
403 594
280 466
101 560
308 480
113 565
427 498
48 344
313 511
294 555
559 576
88 366
353 427
490 516
489 532
199 353
157 290
143 430
106 583
178 559
51 263
491 598
115 345
225 358
322 334
181 569
293 516
331 555
79 578
243 445
379 518
330 539
493 498
408 491
285 486
268 354
488 569
235 292
516 581
277 540
355 456
1 554
40 539
441 470
115 235
205 341
172 418
381 447
368 578
152 323
463 487
300 510
193 519
379 543
60 292
205 439
560 581
348 385
539 587
115 438
337 461
427 473
285 400
164 540
453 511
459 543
226 382
115 554
228 477
14 421
146 344
168 330
170 485
416 594
438 531
83 480
29 569
176 526
410 557
418 445
357 594
448 493
103 505
450 567
572 576
178 576
365 569
333 453
98 513
135 569
542 566
283 330
505 513
513 586
221 559
293 482
464 592
391 480
97 594
485 508
218 530
37 393
365 417
518 519
81 521
189 488
192 564
67 385
16 577
275 332
190 345
359 468
234 517
435 444
370 440
165 487
106 538
236 393
190 558
566 592
271 380
388 440
479 505
191 565
193 587
232 400
221 594
348 350
119 200
88 548
468 576
231 563
478 519
557 586
374 596
50 493
106 222
582 594
270 560
429 466
82 502
487 557
222 412
278 402
225 518
522 532
303 398
31 320
14 392
19 498
44 384
209 477
217 519
142 492
236 511
73 555
221 333
102 464
177 581
470 537
288 576
513 598
293 587
168 246
538 598
465 511
47 235
322 438
54 518
310 554
554 566
443 598
398 441
403 485
320 581
262 349
135 225
393 514
482 489
159 570
399 540
497 598
155 418
302 439
15 556
322 544
514 521
517 524
221 351
149 546
170 527
174 538
249 475
411 491
484 598
470 555
566 572
325 598
439 441
497 591
151 485
466 505
216 582
166 281
298 539
247 411
265 568
511 518
338 517
230 575
416 433
95 537
81 443
