359 494
418 540
332 519
426 588
353 511
88 519
485 523
486 573
59 442
222 321
445 563
180 256
509 588
353 391
64 584
305 451
20 549
423 439
373 563
233 302
268 528
423 544
57 173
266 505
474 523
186 304
483 494
391 393
304 561
270 400
469 565
451 563
234 282
112 429
519 546
518 558
577 582
523 526
30 530
234 591
494 558
280 474
250 574
274 548
17 507
515 516
137 596
279 330
55 366
94 561
46 599
265 582
222 238
65 305
197 276
172 419
136 580
304 550
295 423
443 550
451 550
89 597
381 559
112 466
204 580
5 442
227 230
215 537
119 553
69 442
507 549
550 588
392 483
500 588
459 535
85 459
285 580
199 585
436 464
237 582
330 565
572 577
282 294
16 305
452 573
103 275
55 428
294 591
228 544
197 400
19 369
371 591
211 579
94 557
146 474
459 474
121 488
545 555
268 585
546 549
353 574
413 578
256 573
228 583
66 585
123 469
375 394
588 597
379 563
451 523
125 598
510 511
4 376
209 475
372 452
12 565
306 540
548 598
163 560
440 598
32 591
515 599
557 561
305 599
14 393
343 550
81 87
358 496
77 558
38 475
57 578
371 385
172 584
266 575
555 578
20 500
382 402
171 458
400 445
332 530
410 528
428 586
305 334
439 464
305 577
238 271
112 538
4 341
95 276
558 596
135 279
211 414
91 123
294 522
173 475
281 519
530 537
0 275
366 397
540 578
486 571
103 523
13 340
580 584
548 586
497 583
178 445
213 548
280 597
374 537
196 230
233 545
253 499
265 510
285 440
59 445
423 597
29 584
159 528
515 555
273 511
495 550
544 548
194 568
422 520
421 528
377 505
525 549
586 597
5 92
560 563
27 598
531 585
91 565
135 196
102 578
470 573
344 471
275 577
540 568
38 510
148 160
330 370
419 591
295 597
316 574
45 505
210 440
357 423
341 546
162 183
55 544
387 464
578 591
48 237
3 599
278 591
318 445
160 496
180 390
219 574
492 496
443 509
197 550
413 515
255 544
91 515
239 273
136 599
467 560
84 546
400 545
137 485
376 427
304 440
464 526
526 585
89 586
162 487
219 250
24 519
422 573
560 585
85 264
87 494
204 599
406 511
428 501
413 540
215 400
469 597
142 575
385 558
296 586
275 596
559 568
194 540
141 292
397 495
355 531
46 419
140 343
250 582
507 534
406 502
7 332
346 475
418 563
367 451
442 445
133 519
544 583
88 579
86 553
330 512
384 510
306 495
330 505
276 541
334 556
10 507
221 390
390 486
319 452
391 518
19 354
75 577
122 582
140 584
180 557
180 410
382 545
53 591
415 572
147 518
63 495
370 565
95 341
273 317
291 407
366 569
556 563
28 545
180 498
199 438
273 560
324 546
57 540
536 575
460 495
544 597
123 248
233 450
125 586
1 452
452 574
132 582
171 549
466 548
221 557
59 485
294 588
338 340
321 436
157 507
160 443
440 561
77 260
443 588
64 460
282 447
32 229
343 538
342 518
19 481
351 385
302 368
9 286
337 588
157 579
307 545
13 421
253 544
461 531
572 592
42 551
531 537
282 562
358 455
196 486
253 584
340 598
18 24
246 553
84 489
393 452
530 562
307 599
404 557
421 585
279 383
422 578
266 470
322 580
420 572
404 440
1 518
163 563
495 516
426 598
428 597
487 559
229 500
186 409
227 377
28 382
213 507
84 392
66 341
79 516
268 341
56 541
407 553
30 597
109 377
381 500
393 511
367 507
291 565
27 578
95 530
459 510
109 370
418 515
280 544
32 160
273 519
128 270
288 393
136 301
230 573
459 577
483 509
358 410
30 583
274 598
540 555
318 393
178 442
400 597
526 541
472 477
210 561
52 584
4 577
459 582
388 509
340 451
123 565
246 519
266 577
298 523
133 464
158 578
74 440
372 559
340 528
56 477
81 427
392 426
307 537
325 591
436 488
297 505
244 475
162 553
346 375
21 584
421 536
528 565
157 301
140 573
229 550
24 141
423 586
191 510
390 577
17 597
93 429
67 440
158 588
486 548
409 557
50 591
16 510
213 598
353 518
544 586
238 561
244 344
488 565
295 586
376 575
472 557
400 537
519 530
421 563
113 548
466 568
307 366
291 488
318 452
91 279
53 468
418 422
426 528
2 505
186 557
265 442
553 559
282 325
45 162
390 487
45 307
468 559
394 438
583 598
103 135
197 537
203 596
19 579
162 211
477 511
246 398
16 474
418 578
128 233
298 585
544 598
46 74
381 575
93 394
289 318
145 548
366 598
330 488
139 575
229 588
375 438
125 422
17 485
53 559
366 485
227 500
138 409
381 568
355 526
143 579
530 568
178 485
487 568
557 573
128 545
220 260
7 230
48 413
185 545
196 487
253 583
277 439
388 443
464 577
321 563
394 475
277 280
189 390
73 598
118 391
212 584
141 458
420 573
336 586
301 591
591 594
319 586
413 422
488 505
273 531
139 256
231 549
343 544
501 526
145 445
272 382
420 548
196 536
0 221
1 542
22 579
343 584
579 583
14 406
92 511
240 464
255 454
185 305
355 436
229 536
413 555
434 582
382 400
294 443
65 577
541 560
506 565
125 466
128 409
184 358
429 572
92 327
127 565
576 599
297 557
244 375
526 528
62 421
118 518
514 516
142 509
406 525
83 295
85 535
304 520
470 558
401 568
570 574
455 543
316 423
193 596
185 466
420 453
422 540
84 381
253 504
291 573
36 181
41 70
392 558
288 505
176 468
505 565
198 474
208 496
297 398
136 503
466 495
428 570
321 528
343 599
200 553
483 519
211 449
472 478
222 579
373 477
284 579
91 574
76 285
204 247
209 591
191 459
346 506
369 510
494 536
288 297
382 537
256 450
21 403
133 585
232 268
565 598
145 596
419 584
2 544
442 581
377 565
285 399
38 585
181 388
537 545
464 530
21 599
561 578
488 599
553 579
56 485
237 474
473 518
294 564
188 596
306 555
163 379
60 420
353 406
429 537
468 532
432 546
42 596
378 505
238 304
516 595
190 439
466 583
32 486
341 553
146 585
20 210
213 597
432 586
36 549
73 309
509 510
440 528
385 580
133 531
281 288
138 507
12 75
443 500
232 353
159 464
132 185
392 497
232 240
215 402
568 579
64 599
113 586
264 596
105 561
204 584
270 505
30 473
123 418
410 598
396 549
80 217
460 586
7 584
185 191
222 553
203 559
282 591
230 338
57 537
367 458
468 552
53 146
113 580
264 578
394 518
372 530
121 483
500 591
294 509
228 548
188 483
52 488
516 574
135 565
575 582
264 418
546 553
442 485
379 585
344 394
115 572
557 596
105 557
428 466
70 470
215 545
260 573
79 555
557 572
88 459
558 575
210 495
230 540
302 377
160 237
70 544
597 598
63 515
375 391
381 487
591 596
246 559
102 515
436 518
73 597
580 599
516 555
93 182
321 523
487 553
588 591
407 530
288 469
94 404
458 496
63 561
1 541
233 563
112 486
366 369
388 550
301 559
141 507
458 507
459 597
297 370
548 583
318 413
418 495
280 586
266 549
69 485
510 535
215 507
372 579
392 439
306 516
260 536
180 429
421 464
426 464
355 421
459 579
55 583
367 410
188 575
376 402
21 580
421 426
372 546
359 596
400 575
204 442
573 596
426 563
451 585
141 398
27 555
21 372
244 438
536 583
119 584
344 557
143 530
295 598
143 468
255 548
474 535
152 452
334 582
29 599
10 292
428 544
50 549
186 485
4 172
139 338
233 537
442 596
5 518
387 474
260 596
410 466
359 579
137 599
274 382
421 509
371 373
244 346
135 469
265 577
152 419
429 510
535 597
203 468
367 455
426 535
379 541
158 443
422 555
507 555
75 472
516 578
523 560
306 578
52 565
203 553
242 580
494 589
59 589
556 568
136 584
344 438
133 426
468 546
69 445
470 483
145 485
264 555
381 450
240 367
250 373
31 477
344 445
152 154
50 371
90 487
585 591
70 572
92 585
76 472
184 516
98 470
228 598
523 558
196 575
289 574
307 382
556 558
302 402
393 470
325 531
188 269
376 458
402 537
355 523
50 509
234 500
199 209
59 60
392 494
12 334
584 599
345 402
381 468
245 586
54 575
36 427
446 596
109 443
115 483
355 560
427 536
67 561
52 496
70 558
531 533
195 575
398 565
51 553
561 568
475 566
558 572
217 568
419 520
10 410
301 596
359 573
126 429
535 542
58 597
227 554
509 514
99 282
158 385
396 436
145 442
20 36
7 419
344 497
81 380
371 550
375 523
374 561
330 597
94 95
373 455
69 387
452 541
574 590
370 591
357 494
253 599
288 581
563 585
54 539
436 447
172 580
20 496
44 372
570 578
505 553
130 582
329 510
2 121
280 587
225 555
158 506
419 599
334 429
580 589
376 536
171 455
472 582
56 442
128 402
256 327
495 540
494 524
390 429
252 582
364 469
509 550
496 549
478 597
12 582
158 509
407 568
121 297
74 587
184 572
9 297
512 555
358 546
274 597
494 535
518 574
173 551
586 598
384 545
186 440
519 579
528 585
73 439
40 574
203 535
29 580
358 549
219 289
81 448
105 119
426 451
528 561
92 477
9 458
338 496
373 574
500 509
528 576
340 531
459 486
325 588
87 573
270 402
344 475
274 583
222 476
495 555
243 428
64 580
56 137
509 561
80 580
371 528
248 550
255 598
466 586
38 582
423 583
138 367
213 586
535 582
115 596
17 586
483 572
250 560
372 568
85 577
87 578
0 582
221 439
294 557
57 516
295 428
260 338
443 559
28 306
50 470
268 353
125 531
292 367
85 133
452 511
163 209
382 423
246 440
390 488
536 558
439 494
209 375
184 392
370 377
427 575
528 541
75 475
373 530
427 486
211 341
370 398
410 549
385 596
42 591
81 536
338 572
572 575
222 559
276 537
404 409
318 355
302 537
548 560
325 553
233 477
140 580
398 469
422 495
188 486
171 358
67 409
105 238
256 557
385 388
487 519
418 577
76 191
209 346
12 105
237 577
500 545
146 531
238 469
115 394
455 507
332 579
526 560
468 568
0 429
388 588
118 392
63 516
132 472
400 485
292 549
438 475
240 568
558 573
531 541
523 596
358 507
359 572
291 398
146 240
79 420
172 599
451 526
472 510
274 332
66 295
232 526
138 549
301 588
346 563
420 427
404 560
74 409
3 338
387 563
210 585
137 178
516 540
30 598
341 404
298 531
103 528
334 427
45 407
217 530
531 560
65 582
573 583
376 390
428 583
172 572
89 477
307 402
143 568
182 375
409 422
301 550
280 548
486 572
19 88
42 526
244 582
406 477
9 549
455 458
184 486
185 472
80 599
171 221
210 304
2 398
419 580
152 574
264 515
160 596
270 537
40 575
298 379
410 455
470 575
270 392
515 558
54 483
487 580
13 321
182 344
76 77
3 439
376 558
289 518
238 404
441 553
152 511
484 487
121 427
265 379
268 526
199 475
385 591
227 425
246 530
232 487
451 560
422 516
46 580
14 182
363 496
291 505
246 431
54 583
163 179
436 585
515 540
535 577
423 466
80 572
79 412
377 398
197 545
9 507
409 561
66 530
157 211
234 550
438 526
79 578
69 568
343 419
113 598
40 391
224 228
403 429
427 569
7 599
28 307
445 485
543 545
255 583
132 164
387 523
406 496
438 513
55 525
406 574
325 550
1 14
40 511
113 340
302 494
140 599
569 579
89 598
109 469
401 420
45 568
469 488
470 494
550 596
420 535
373 391
340 560
162 221
67 200
430 545
366 468
522 585
318 518
173 182
138 488
232 451
301 385
155 573
583 597
475 556
42 588
372 487
173 199
395 526
217 546
470 481
550 591
376 593
177 544
455 595
4 535
462 515
536 573
369 393
325 500
0 464
381 546
330 564
184 407
532 553
39 555
289 313
74 561
474 577
276 545
369 574
302 545
431 584
584 594
276 302
3 558
84 579
324 559
346 438
53 546
420 432
439 500
461 540
371 588
390 536
138 410
504 588
88 598
305 557
569 598
414 568
237 576
240 523
136 204
118 289
27 540
139 563
546 548
109 557
455 577
228 558
436 563
115 116
525 535
244 541
234 509
510 582
521 557
387 409
141 549
77 573
17 466
418 592
182 505
588 596
403 541
250 511
379 560
52 135
143 551
474 484
332 407
264 452
265 474
75 511
80 343
262 355
66 579
359 575
195 550
548 597
202 387
24 387
298 436
377 469
103 541
439 575
217 519
308 540
95 546
370 594
539 549
584 590
492 526
332 538
369 477
404 578
495 515
413 418
108 574
346 394
146 232
76 535
38 474
404 561
132 237
334 417
407 559
288 488
10 394
29 276
455 549
529 559
254 353
255 381
515 578
350 466
192 535
279 505
452 518
531 563
157 546
428 433
546 579
472 577
495 529
260 540
102 555
530 536
457 541
131 178
227 285
483 541
378 588
54 359
388 500
