288 597
0 175
331 521
489 575
353 597
308 577
293 344
337 524
104 273
531 577
103 344
93 151
130 598
544 547
121 521
14 508
454 562
401 454
76 571
476 587
192 359
124 212
308 584
236 474
44 242
281 539
403 409
219 599
262 575
211 443
254 560
100 414
155 278
356 524
551 587
238 322
238 247
238 552
547 567
290 395
386 476
115 598
462 599
76 544
151 200
278 560
148 495
524 565
202 524
316 495
85 560
256 316
218 575
547 549
170 496
262 293
337 356
462 566
472 562
274 485
408 580
206 571
341 598
236 422
1 356
358 474
386 563
123 422
568 590
408 587
158 539
330 400
117 317
150 528
389 590
289 295
121 478
177 551
217 594
340 568
547 587
274 358
228 340
214 478
344 531
135 568
409 524
234 539
247 307
382 594
220 307
211 509
218 329
19 591
186 197
499 579
427 463
430 571
76 176
295 331
285 337
307 435
74 362
96 503
222 518
7 430
118 599
314 575
269 362
75 353
360 388
517 528
155 294
126 464
169 563
313 566
82 503
127 517
461 518
394 599
396 439
147 552
207 408
377 530
380 387
275 540
489 496
218 580
22 572
443 451
429 598
272 371
273 379
480 571
356 403
87 327
254 358
509 529
224 309
518 584
7 518
301 463
490 591
329 331
31 572
191 475
176 475
339 450
51 332
200 465
491 527
64 438
322 393
35 279
377 495
565 582
254 504
258 413
235 579
34 97
90 322
53 382
295 575
406 518
151 396
154 400
172 458
464 477
213 233
285 524
527 582
458 567
476 589
277 327
429 577
486 562
361 366
327 475
279 526
362 503
336 555
411 590
214 575
163 472
401 453
565 584
56 568
19 99
275 278
274 587
544 571
194 563
394 490
164 465
220 323
445 472
263 305
547 561
347 567
60 580
439 528
388 518
354 361
262 572
222 304
263 471
115 592
350 579
170 237
353 400
137 508
490 539
518 559
228 394
317 593
377 395
528 555
485 549
252 272
402 590
125 281
242 599
336 528
340 479
382 524
453 548
398 508
422 573
560 585
300 409
290 387
475 478
148 488
475 584
289 396
83 463
391 528
341 464
430 533
1 576
415 590
35 289
219 524
218 572
2 42
258 448
210 274
360 443
379 393
547 548
344 575
293 356
8 599
577 599
373 444
247 552
0 235
130 460
102 400
211 318
537 575
292 517
206 568
323 594
394 398
402 446
150 213
244 571
371 382
521 567
575 598
392 509
217 584
269 586
453 509
492 566
304 478
430 551
87 151
395 444
236 248
55 462
332 593
161 565
0 475
93 552
338 571
228 430
332 508
82 129
281 599
262 531
70 584
339 387
273 560
167 212
44 527
461 503
194 210
286 596
415 549
472 485
312 484
348 584
183 521
24 472
244 521
478 528
447 547
93 594
134 577
179 344
288 550
441 495
4 85
25 547
228 545
299 531
29 560
430 561
22 529
298 563
299 477
562 570
29 236
154 312
9 64
192 416
372 503
70 555
344 539
80 347
340 402
202 552
322 427
472 527
327 371
199 574
25 303
426 503
371 599
451 517
6 577
508 577
546 573
363 453
314 572
352 359
339 556
298 549
327 505
93 406
314 331
190 580
488 517
531 542
170 528
83 273
268 389
217 475
454 472
51 562
143 194
346 567
19 391
44 499
353 591
323 572
118 409
394 551
14 313
87 406
508 599
242 413
99 508
85 518
437 441
199 549
458 539
200 205
143 567
97 207
358 379
234 317
496 555
461 567
372 419
104 150
348 546
262 443
119 539
31 575
290 332
571 587
429 566
353 594
451 486
551 566
347 547
387 546
125 372
138 454
123 358
400 597
485 521
290 495
383 597
388 509
11 561
130 385
25 539
244 476
199 521
454 579
148 476
348 527
366 528
117 572
133 295
463 544
36 408
437 486
168 219
137 551
305 531
219 568
244 544
408 409
119 590
228 396
561 579
267 366
485 571
192 495
528 580
376 561
31 531
358 577
488 598
100 408
400 555
544 563
247 456
489 528
377 394
305 499
14 383
406 485
247 597
34 591
297 346
213 598
364 524
292 528
219 566
413 539
92 94
205 228
229 339
128 329
273 474
28 580
257 465
289 299
54 160
441 577
248 278
29 474
347 485
258 517
360 419
414 597
549 571
441 476
121 580
231 236
435 475
222 444
547 580
181 275
403 444
427 552
286 509
289 293
307 463
389 439
139 518
229 579
5 306
84 583
179 451
568 599
293 572
349 549
371 478
462 508
323 579
324 485
402 539
304 308
456 463
521 544
427 456
505 518
513 591
386 441
304 461
162 400
293 549
366 485
323 584
146 329
75 373
94 531
372 496
517 556
137 336
192 464
139 564
281 544
546 547
435 558
443 446
579 592
486 496
74 360
188 496
119 566
597 599
327 581
456 552
296 508
135 322
268 399
566 599
1 524
164 563
224 435
441 504
591 597
305 345
255 323
327 363
316 370
161 429
92 489
297 587
350 399
546 565
177 577
286 360
584 586
452 461
272 406
128 395
352 383
25 194
175 465
530 554
256 495
249 295
161 422
128 575
312 385
256 414
347 588
176 597
567 571
221 560
169 587
88 565
87 313
325 478
255 454
205 568
388 549
160 241
175 572
380 546
218 299
271 295
463 591
344 509
566 568
290 306
226 298
297 557
419 597
185 314
21 175
242 566
521 590
571 586
36 364
495 530
214 547
51 255
75 520
451 489
206 381
499 501
210 567
448 565
269 419
197 476
346 499
271 346
133 575
400 598
112 443
39 464
79 530
117 134
106 169
330 587
184 594
42 71
18 220
203 533
133 317
359 597
88 157
469 544
116 224
462 577
67 316
213 555
186 527
486 555
503 587
234 422
2 394
10 474
275 393
11 553
218 446
222 478
443 543
461 585
158 571
401 444
92 144
377 589
446 476
251 561
547 563
1 285
353 383
488 599
359 385
234 560
474 534
219 396
463 552
158 313
234 579
254 312
164 587
181 563
168 536
208 485
238 559
230 400
379 509
547 568
590 592
256 591
339 376
268 511
380 462
311 315
83 456
213 597
201 456
274 494
168 543
544 587
285 376
396 490
490 512
382 562
458 553
351 422
488 566
76 434
347 519
222 575
406 584
359 439
148 345
39 143
85 104
206 567
280 437
150 517
263 286
309 561
387 527
157 168
267 569
273 580
383 395
22 514
385 598
7 571
123 275
214 592
451 555
92 271
190 473
135 456
341 595
140 546
148 504
170 486
219 488
207 209
139 401
176 485
430 549
272 451
130 523
64 496
82 422
462 506
394 439
445 499
488 555
289 590
539 580
312 317
441 594
39 598
23 248
53 598
42 563
85 298
446 575
270 547
521 551
439 580
29 307
380 489
97 168
354 579
435 552
354 562
446 599
427 435
231 308
549 580
414 591
1 332
517 555
373 414
35 486
115 203
254 329
597 598
144 561
307 552
383 530
299 444
229 376
561 562
121 270
123 126
256 567
546 562
123 530
164 571
236 275
388 419
394 594
84 208
214 505
126 591
419 567
176 598
358 568
306 530
267 584
208 565
476 530
118 524
207 597
7 39
155 422
49 290
103 446
75 207
205 490
352 509
376 499
305 476
551 571
475 505
306 437
176 580
139 584
220 527
341 408
258 489
352 591
231 505
88 430
380 561
364 444
100 124
458 562
186 517
231 584
348 562
160 594
169 274
117 561
211 286
563 565
36 403
127 594
64 391
544 551
285 364
298 521
206 587
128 531
347 563
116 458
262 568
362 509
441 555
268 524
116 307
461 584
461 478
551 590
288 400
2 386
402 488
242 350
409 444
34 562
437 567
465 518
544 565
453 568
49 464
292 359
229 557
285 384
314 522
133 279
405 551
179 489
298 595
9 215
323 499
422 560
443 503
49 518
90 445
402 580
330 498
60 597
268 503
549 567
181 216
366 555
435 463
54 457
78 451
160 257
316 599
160 203
175 518
331 505
27 413
103 224
177 553
87 593
391 496
360 529
413 462
161 576
396 599
97 578
385 597
278 505
390 552
504 572
19 24
42 590
460 587
235 272
256 597
190 567
139 515
164 537
29 571
28 549
391 489
68 199
253 530
270 368
396 590
54 475
75 578
129 560
7 563
135 435
129 254
458 579
186 562
116 397
474 579
203 288
332 511
350 401
454 499
224 538
248 294
304 456
33 100
184 301
113 377
118 202
53 597
312 593
446 572
360 403
362 443
35 531
126 592
270 544
74 503
203 591
370 555
51 358
202 403
64 517
269 372
53 557
184 308
310 579
377 453
384 454
220 271
311 590
24 34
242 284
427 434
51 510
503 562
35 536
125 561
234 511
286 380
470 521
566 594
224 552
329 450
273 445
354 458
525 530
238 375
419 443
351 395
354 445
337 403
373 591
303 372
269 388
92 387
147 293
60 527
96 395
207 263
564 594
177 590
313 561
318 551
486 489
190 587
413 599
270 565
235 501
458 502
96 386
258 292
385 530
465 505
245 549
401 484
169 576
353 588
84 354
231 461
288 359
330 597
419 425
263 360
433 495
513 568
574 590
406 442
322 435
348 472
186 431
496 497
386 589
521 587
341 414
161 453
490 568
199 389
255 376
331 344
478 594
173 565
379 474
485 516
551 570
279 500
62 427
474 560
98 560
143 181
200 469
278 457
563 599
78 517
414 523
211 427
528 594
395 589
31 545
531 575
366 517
99 577
499 561
391 563
124 591
24 373
353 385
245 462
464 465
464 550
200 555
565 587
103 572
234 445
403 511
229 561
383 598
116 552
11 562
431 527
306 567
74 158
256 341
455 527
301 421
151 184
248 543
372 443
158 577
222 584
135 382
262 569
60 568
242 439
37 275
94 267
293 531
295 446
426 571
544 575
462 590
285 356
150 205
244 547
119 587
547 565
255 493
330 449
208 270
133 156
528 583
267 496
269 460
55 572
385 464
337 372
84 445
472 546
127 505
399 580
328 518
536 544
495 560
192 330
286 388
552 591
23 496
527 561
127 584
126 383
344 572
350 445
4 544
25 587
137 385
350 561
544 580
389 566
42 580
154 598
99 465
70 594
56 508
499 539
391 517
192 288
572 575
539 577
279 572
566 590
382 465
305 306
346 430
544 594
389 568
138 402
160 272
475 546
188 486
212 567
311 488
297 298
115 255
23 560
84 472
124 341
197 527
292 387
521 549
389 462
464 598
339 546
177 281
371 594
337 409
248 599
427 539
413 580
39 352
99 566
217 461
366 499
54 235
478 518
549 587
362 560
115 408
382 461
591 598
169 347
299 446
486 528
202 356
419 560
391 453
212 297
488 508
346 563
555 563
292 555
322 552
382 584
9 562
179 267
362 546
463 579
281 568
188 231
489 590
364 590
124 257
158 496
490 577
413 552
350 380
445 546
271 337
220 562
188 555
299 306
580 590
9 572
138 591
359 414
168 575
563 598
352 577
233 547
330 591
130 352
113 408
402 509
387 550
341 530
280 294
175 257
30 587
36 524
495 548
194 570
301 427
419 503
47 125
485 565
113 401
135 181
248 392
229 560
505 594
274 570
133 314
391 555
215 376
221 476
491 503
419 508
3 294
44 458
78 210
155 358
437 556
294 474
294 560
386 452
8 527
154 495
595 597
250 340
413 488
125 499
470 566
226 599
429 541
395 495
330 383
403 415
78 170
244 342
379 505
60 577
229 546
56 488
299 572
121 428
544 567
161 556
551 577
188 451
590 599
76 438
96 476
204 597
406 505
264 386
515 517
56 350
364 418
137 488
113 598
129 294
27 489
303 332
308 502
94 451
385 432
137 311
429 508
549 565
314 531
63 587
472 561
364 409
298 494
113 591
181 190
11 339
267 486
88 212
118 335
340 490
53 464
401 524
81 292
281 311
4 155
117 318
228 428
362 439
179 586
74 566
238 456
130 154
279 575
139 200
566 591
453 504
224 427
313 539
231 232
266 531
329 446
312 482
399 456
23 422
279 455
389 584
11 240
144 458
475 594
268 593
584 594
289 572
437 530
356 582
430 563
562 572
485 508
14 439
70 304
179 555
402 429
478 533
258 345
439 577
62 530
270 465
4 82
100 430
28 565
44 72
83 552
465 594
286 576
288 340
217 306
34 408
327 584
19 597
258 336
539 599
566 592
0 561
271 380
455 499
36 476
346 558
366 496
297 565
28 246
379 560
305 437
143 551
57 308
311 577
313 341
373 589
263 372
582 594
236 589
96 397
314 316
21 322
301 594
383 543
441 508
190 218
567 598
389 539
288 354
128 572
352 533
210 591
373 598
9 520
582 597
269 443
257 518
22 331
261 348
546 561
340 429
386 414
188 534
339 568
220 359
22 575
429 599
128 563
348 451
23 451
388 570
31 564
197 348
235 594
387 579
211 263
361 406
144 546
127 465
2 205
313 577
150 486
423 572
562 584
136 539
104 474
346 571
203 414
490 590
143 562
387 571
362 388
463 587
546 579
484 598
15 371
329 531
459 551
316 420
562 579
429 568
391 588
346 514
458 527
371 566
376 502
448 478
378 486
197 579
336 489
154 352
325 340
474 574
