0 153
0 186
0 468
0 572
0 596
1 80
1 381
1 499
1 506
1 584
2 165
2 413
2 450
2 565
2 575
3 454
3 475
3 507
3 558
3 562
4 101
4 409
4 479
4 501
4 585
5 328
5 447
5 511
5 520
5 523
6 98
6 163
6 340
6 442
6 537
7 19
7 431
7 460
7 526
7 564
8 329
8 358
8 383
8 394
8 556
9 15
9 232
9 240
9 453
9 471
10 272
10 494
10 509
10 533
10 593
11 158
11 313
11 435
11 512
11 584
12 142
12 335
12 462
12 519
12 563
13 234
13 351
13 358
13 404
13 477
14 464
14 532
14 568
14 578
14 596
15 9
15 18
15 117
15 440
15 442
16 426
16 427
16 437
16 442
16 511
17 419
17 465
17 537
17 584
17 588
18 15
18 52
18 365
18 553
18 572
19 7
19 41
19 337
19 443
19 523
20 311
20 449
20 504
20 533
20 572
21 64
21 186
21 426
21 491
21 591
22 135
22 306
22 500
22 507
22 535
23 498
23 509
23 544
23 549
23 582
24 464
24 480
24 494
24 558
24 597
25 277
25 345
25 431
25 557
25 564
26 55
26 158
26 367
26 485
26 550
27 212
27 433
27 498
27 581
27 585
28 211
28 450
28 499
28 506
28 584
29 344
29 449
29 501
29 531
29 594
30 64
30 111
30 329
30 591
30 598
31 224
31 259
31 329
31 529
31 573
32 185
32 237
32 461
32 497
32 535
33 253
33 364
33 423
33 571
33 576
34 174
34 305
34 363
34 418
34 576
35 265
35 455
35 529
35 553
35 594
36 239
36 288
36 441
36 522
36 577
37 343
37 357
37 361
37 589
37 592
38 48
38 298
38 507
38 563
38 584
39 141
39 344
39 452
39 519
39 577
40 45
40 228
40 273
40 469
40 502
41 19
41 75
41 322
41 345
41 579
42 325
42 383
42 488
42 511
42 520
43 399
43 499
43 503
43 506
43 512
44 290
44 519
44 559
44 563
44 586
45 40
45 452
45 530
45 571
45 573
46 386
46 437
46 447
46 557
46 564
47 177
47 395
47 552
47 562
47 597
48 38
48 213
48 375
48 562
48 584
49 138
49 152
49 309
49 403
49 584
50 157
50 396
50 462
50 473
50 577
51 370
51 406
51 424
51 547
51 566
52 18
52 79
52 471
52 481
52 492
53 331
53 431
53 528
53 563
53 577
54 56
54 252
54 406
54 533
54 555
55 26
55 300
55 517
55 547
55 556
56 54
56 437
56 444
56 533
56 583
57 72
57 74
57 236
57 484
57 597
58 100
58 122
58 333
58 509
58 568
59 234
59 490
59 496
59 534
59 544
60 454
60 458
60 478
60 501
60 566
61 140
61 444
61 450
61 533
61 574
62 356
62 477
62 527
62 559
62 587
63 117
63 281
63 508
63 512
63 546
64 21
64 30
64 193
64 390
64 542
65 117
65 185
65 524
65 532
65 578
66 371
66 419
66 485
66 530
66 560
67 226
67 376
67 388
67 480
67 512
68 123
68 529
68 536
68 573
68 588
69 103
69 423
69 481
69 558
69 597
70 150
70 320
70 379
70 440
70 574
71 87
71 182
71 532
71 595
71 598
72 57
72 386
72 431
72 470
72 590
73 219
73 307
73 447
73 545
73 590
74 57
74 191
74 221
74 317
74 573
75 41
75 270
75 414
75 465
75 492
76 515
76 521
76 529
76 573
76 588
77 78
77 94
77 221
77 510
77 566
78 77
78 149
78 240
78 410
78 487
79 52
79 159
79 254
79 320
79 580
80 1
80 99
80 364
80 477
80 587
81 335
81 344
81 413
81 425
81 501
82 125
82 257
82 342
82 372
82 546
83 140
83 248
83 516
83 546
83 555
84 450
84 474
84 508
84 549
84 554
85 172
85 260
85 433
85 516
85 564
86 247
86 414
86 524
86 579
86 590
87 71
87 449
87 561
87 569
87 583
88 190
88 241
88 414
88 547
88 567
89 470
89 526
89 564
89 569
89 588
90 108
90 188
90 211
90 335
90 584
91 251
91 453
91 524
91 536
91 590
92 260
92 440
92 498
92 516
92 580
93 484
93 485
93 521
93 579
93 599
94 77
94 373
94 401
94 410
94 440
95 333
95 374
95 435
95 589
95 592
96 279
96 397
96 442
96 478
96 518
97 249
97 392
97 451
97 517
97 547
98 6
98 436
98 478
98 503
98 541
99 80
99 355
99 485
99 514
99 540
100 58
100 155
100 561
100 569
100 583
101 4
101 369
101 409
101 434
101 478
102 368
102 436
102 438
102 534
102 551
103 69
103 499
103 558
103 587
103 597
104 196
104 231
104 434
104 514
104 525
105 536
105 562
105 580
105 590
105 595
106 154
106 241
106 348
106 494
106 518
107 211
107 221
107 435
107 525
107 550
108 90
108 161
108 547
108 566
108 598
109 221
109 438
109 525
109 538
109 566
110 274
110 288
110 338
110 461
110 570
111 30
111 143
111 298
111 313
111 323
112 316
112 552
112 562
112 590
112 597
113 332
113 432
113 472
113 543
113 592
114 487
114 552
114 553
114 563
114 572
115 402
115 403
115 502
115 589
115 592
116 280
116 448
116 463
116 479
116 488
117 15
117 63
117 65
117 299
117 513
118 368
118 432
118 447
118 472
118 528
119 447
119 483
119 539
119 586
119 591
120 245
120 451
120 462
120 521
120 543
121 166
121 189
121 407
121 510
121 584
122 58
122 259
122 434
122 488
122 529
123 68
123 236
123 350
123 530
123 593
124 330
124 411
124 414
124 417
124 484
125 82
125 172
125 179
125 282
125 524
126 129
126 249
126 328
126 426
126 593
127 164
127 315
127 394
127 581
127 590
128 226
128 349
128 513
128 523
128 581
129 126
129 200
129 426
129 503
129 520
130 179
130 472
130 561
130 569
130 583
130 595
131 353
131 384
131 496
131 513
131 549
131 582
132 212
132 259
132 497
132 502
132 527
132 573
133 399
133 450
133 483
133 499
133 506
133 549
134 236
134 493
134 532
134 590
134 593
134 595
135 22
135 448
135 463
135 477
135 587
135 594
136 186
136 415
136 468
136 523
136 547
136 578
137 233
137 394
137 441
137 472
137 488
137 528
138 49
138 179
138 543
138 555
138 560
138 567
139 303
139 446
139 521
139 565
139 579
139 589
140 61
140 83
140 252
140 494
140 533
140 574
141 39
141 422
141 559
141 561
141 575
141 577
142 12
142 486
142 534
142 585
142 588
142 599
143 111
143 234
143 403
143 446
143 512
143 578
144 327
144 406
144 427
144 485
144 520
144 534
145 314
145 395
145 532
145 572
145 593
145 595
146 497
146 500
146 507
146 527
146 535
146 599
147 220
147 245
147 280
147 501
147 530
147 592
148 265
148 303
148 385
148 440
148 483
148 546
149 78
149 379
149 453
149 541
149 546
149 598
150 70
150 293
150 388
150 530
150 560
150 594
151 255
151 477
151 488
151 555
151 587
151 596
152 49
152 456
152 476
152 491
152 513
152 570
153 0
153 187
153 415
153 421
153 449
153 530
154 106
154 320
154 518
154 532
154 547
154 594
155 100
155 201
155 347
155 398
155 447
155 503
156 200
156 307
156 363
156 427
156 447
156 576
157 50
157 267
157 308
157 314
157 477
157 587
158 11
158 26
158 445
158 510
158 550
158 587
159 79
159 392
159 415
159 483
159 518
159 580
160 337
160 492
160 493
160 542
160 563
160 576
161 108
161 282
161 380
161 550
161 566
161 585
162 269
162 294
162 369
162 534
162 581
162 599
163 6
163 183
163 279
163 397
163 436
163 452
164 127
164 441
164 473
164 522
164 563
164 577
165 2
165 324
165 346
165 482
165 541
165 579
166 121
166 405
166 444
166 473
166 522
166 566
167 267
167 446
167 475
167 552
167 590
167 597
168 323
168 370
168 406
168 422
168 521
168 571
169 387
169 445
169 451
169 543
169 560
169 562
170 351
170 374
170 422
170 487
170 545
170 553
171 299
171 315
171 440
171 453
171 539
171 546
172 85
172 125
172 373
172 410
172 491
172 599
173 457
173 496
173 537
173 583
173 588
173 593
174 34
174 199
174 462
174 565
174 575
174 579
175 187
175 367
175 422
175 487
175 526
175 594
176 248
176 524
176 536
176 548
176 590
176 595
177 47
177 205
177 441
177 531
177 565
177 571
178 272
178 334
178 444
178 469
178 533
178 577
179 125
179 130
179 138
179 291
179 401
179 453
180 194
180 468
180 481
180 509
180 570
180 598
181 488
181 511
181 552
181 558
181 562
181 597
182 71
182 224
182 536
182 547
182 567
182 593
183 163
183 305
183 479
183 543
183 545
183 567
184 260
184 354
184 400
184 534
184 585
184 599
185 32
185 65
185 270
185 271
185 536
185 593
186 0
186 21
186 136
186 422
186 538
186 560
187 153
187 175
187 455
187 487
187 565
187 573
188 90
188 317
188 318
188 338
188 535
188 574
189 121
189 300
189 440
189 573
189 589
189 592
190 88
190 331
190 424
190 526
190 566
190 591
191 74
191 257
191 347
191 396
191 449
191 529
192 333
192 389
192 424
192 507
192 525
192 550
193 64
193 202
193 429
193 470
193 526
193 548
194 180
194 213
194 421
194 446
194 521
194 596
195 236
195 316
195 419
195 455
195 504
195 598
196 104
196 350
196 437
196 493
196 548
196 573
197 389
197 425
197 457
197 537
197 553
197 588
198 552
198 558
198 562
198 578
198 595
198 597
199 174
199 230
199 409
199 429
199 558
199 571
200 129
200 156
200 247
200 276
200 305
200 545
201 155
201 314
201 409
201 542
201 589
201 592
202 193
202 229
202 366
202 491
202 537
202 557
203 348
203 458
203 459
203 560
203 561
203 572
204 273
204 293
204 414
204 417
204 427
204 496
205 177
205 396
205 421
205 487
205 550
205 575
206 257
206 296
206 487
206 514
206 515
206 548
207 299
207 440
207 450
207 499
207 506
207 582
208 416
208 431
208 514
208 526
208 557
208 564
209 466
209 477
209 495
209 542
209 545
209 570
210 338
210 348
210 465
210 541
210 583
210 588
211 28
211 90
211 107
211 258
211 287
211 584
212 27
212 132
212 230
212 515
212 540
212 554
213 48
213 194
213 446
213 485
213 514
213 579
214 276
214 366
214 391
214 420
214 557
214 564
215 508
215 572
215 574
215 581
215 585
215 599
216 228
216 229
216 523
216 541
216 582
216 588
217 245
217 277
217 479
217 555
217 564
217 567
218 449
218 504
218 510
218 518
218 570
218 594
219 73
219 301
219 428
219 447
219 495
219 503
219 565
220 147
220 271
220 385
220 435
220 501
220 589
220 592
221 74
221 77
221 107
221 109
221 266
221 382
221 522
222 420
222 441
222 459
222 462
222 559
222 563
222 593
223 276
223 326
223 494
223 526
223 557
223 564
223 599
224 31
224 182
224 376
224 546
224 590
224 593
224 595
225 231
225 391
225 536
225 561
225 569
225 583
225 587
226 67
226 128
226 403
226 512
226 523
226 528
226 574
227 300
227 354
227 439
227 445
227 460
227 567
227 592
228 40
228 216
228 457
228 498
228 541
228 554
228 588
229 202
229 216
229 357
229 461
229 537
229 541
229 588
230 199
230 212
230 339
230 360
230 414
230 565
230 575
231 104
231 225
231 357
231 411
231 456
231 492
231 560
232 9
232 362
232 453
232 468
232 550
232 556
232 568
233 137
233 283
233 395
233 432
233 472
233 475
233 555
234 13
234 59
234 143
234 379
234 512
234 574
234 590
235 349
235 402
235 490
235 538
235 554
235 578
235 598
236 57
236 123
236 134
236 195
236 246
236 384
236 530
237 32
237 451
237 497
237 500
237 507
237 535
237 590
238 329
238 351
238 368
238 410
238 479
238 489
238 551
239 36
239 342
239 497
239 500
239 507
239 535
239 599
240 9
240 78
240 268
240 385
240 401
240 453
240 579
241 88
241 106
241 418
241 510
241 521
241 547
241 566
242 426
242 437
242 448
242 456
242 469
242 511
242 520
243 268
243 344
243 356
243 408
243 458
243 516
243 531
244 292
244 328
244 437
244 511
244 520
244 533
244 566
245 120
245 147
245 217
245 504
245 539
245 555
245 584
246 236
246 384
246 457
246 515
246 520
246 548
246 581
247 86
247 200
247 376
247 448
247 504
247 590
247 593
248 83
248 176
248 343
248 372
248 473
248 516
248 546
249 97
249 126
249 331
249 371
249 459
249 510
249 525
250 266
250 312
250 337
250 523
250 549
250 586
250 595
251 91
251 256
251 300
251 435
251 517
251 589
251 592
252 54
252 140
252 334
252 340
252 494
252 533
252 545
253 33
253 354
253 396
253 421
253 480
253 571
253 575
254 79
254 420
254 497
254 500
254 507
254 535
254 543
255 151
255 400
255 407
255 455
255 459
255 522
255 547
256 251
256 390
256 451
256 522
256 539
256 555
256 567
257 82
257 191
257 206
257 434
257 529
257 548
257 563
258 211
258 287
258 341
258 367
258 375
258 454
258 593
259 31
259 122
259 132
259 380
259 384
259 505
259 573
260 85
260 92
260 184
260 265
260 372
260 510
260 527
261 316
261 369
261 405
261 463
261 537
261 541
261 588
262 351
262 368
262 404
262 406
262 420
262 438
262 513
263 373
263 483
263 505
263 528
263 542
263 545
263 586
264 372
264 466
264 481
264 502
264 578
264 581
264 596
265 35
265 148
265 260
265 372
265 453
265 466
265 579
266 221
266 250
266 296
266 321
266 477
266 488
266 527
267 157
267 167
267 361
267 402
267 480
267 544
267 589
268 240
268 243
268 321
268 351
268 377
268 501
268 531
269 162
269 277
269 361
269 364
269 393
269 527
269 587
270 75
270 185
270 358
270 417
270 427
270 492
270 580
271 185
271 220
271 275
271 403
271 524
271 536
271 587
272 10
272 178
272 284
272 375
272 444
272 494
272 561
273 40
273 204
273 325
273 353
273 468
273 556
273 576
274 110
274 280
274 329
274 420
274 489
274 493
274 551
275 271
275 306
275 388
275 428
275 590
275 593
275 595
276 200
276 214
276 223
276 336
276 431
276 470
276 570
277 25
277 217
277 269
277 341
277 477
277 490
277 587
278 408
278 464
278 552
278 558
278 562
278 563
278 570
279 96
279 163
279 436
279 478
279 491
279 573
279 597
280 116
280 147
280 274
280 328
280 402
280 435
280 589
281 63
281 385
281 401
281 410
281 516
281 578
281 592
282 125
282 161
282 400
282 407
282 435
282 525
282 588
283 233
283 377
283 395
283 432
283 472
283 479
283 510
284 272
284 360
284 444
284 494
284 516
284 520
284 533
285 298
285 343
285 498
285 522
285 534
285 585
285 599
286 366
286 397
286 518
286 559
286 560
286 572
286 594
287 211
287 258
287 388
287 518
287 554
287 574
287 583
288 36
288 110
288 311
288 559
288 560
288 572
288 577
289 358
289 368
289 383
289 404
289 489
289 501
289 514
290 44
290 370
290 394
290 417
290 427
290 456
290 492
291 179
291 292
291 469
291 486
291 563
291 581
291 599
292 244
292 291
292 309
292 318
292 375
292 413
292 574
292 584
293 150
293 204
293 450
293 515
293 527
293 540
293 548
293 573
294 162
294 483
294 498
294 506
294 542
294 581
294 585
294 599
295 366
295 433
295 467
295 498
295 561
295 569
295 583
295 594
296 206
296 266
296 448
296 465
296 488
296 566
296 581
296 587
297 321
297 326
297 345
297 383
297 404
297 438
297 443
297 551
298 38
298 111
298 285
298 313
298 367
298 411
298 584
298 595
299 117
299 171
299 207
299 372
299 440
299 486
299 516
299 599
300 55
300 189
300 227
300 251
300 314
300 405
300 480
300 589
301 219
301 319
301 332
301 380
301 460
301 493
301 529
301 576
302 308
302 392
302 398
302 418
302 511
302 568
302 578
302 596
303 139
303 148
303 324
303 337
303 362
303 456
303 468
303 559
304 482
304 483
304 513
304 523
304 544
304 546
304 549
304 581
305 34
305 183
305 200
305 505
305 545
305 556
305 573
305 576
306 22
306 275
306 334
306 464
306 543
306 552
306 562
306 597
307 73
307 156
307 315
307 382
307 479
307 590
307 593
307 595
308 157
308 302
308 309
308 463
308 477
308 492
308 527
308 587
309 49
309 292
309 308
309 403
309 430
309 463
309 512
309 584
310 312
310 343
310 397
310 436
310 442
310 476
310 478
310 508
311 20
311 288
311 519
311 535
311 554
311 559
311 563
311 577
312 250
312 310
312 349
312 462
312 475
312 491
312 549
312 586
313 11
313 111
313 298
313 486
313 544
313 574
313 592
313 596
314 145
314 157
314 201
314 300
314 422
314 480
314 589
314 592
315 127
315 171
315 307
315 318
315 423
315 474
315 536
315 595
316 112
316 195
316 261
316 331
316 457
316 537
316 587
316 588
317 74
317 188
317 338
317 379
317 467
317 512
317 553
317 574
318 188
318 292
318 315
318 379
318 494
318 512
318 564
318 574
319 301
319 359
319 398
319 412
319 466
319 498
319 505
319 549
320 70
320 79
320 154
320 367
320 375
320 388
320 413
320 574
321 266
321 268
321 297
321 335
321 377
321 454
321 500
321 501
322 41
322 323
322 339
322 352
322 382
322 406
322 485
322 592
323 111
323 168
323 322
323 327
323 346
323 497
323 534
323 579
324 165
324 303
324 426
324 470
324 485
324 521
324 569
324 579
325 42
325 273
325 426
325 437
325 480
325 511
325 520
325 575
326 223
326 297
326 378
326 419
326 509
326 538
326 556
326 578
327 144
327 323
327 339
327 378
327 418
327 446
327 485
327 543
328 5
328 126
328 244
328 280
328 428
328 511
328 520
328 594
329 8
329 30
329 31
329 238
329 274
329 383
329 418
329 551
330 124
330 348
330 374
330 387
330 422
330 443
330 530
330 560
331 53
331 190
331 249
331 316
331 473
331 518
331 559
331 577
332 113
332 301
332 395
332 410
332 432
332 472
332 499
332 528
333 58
333 95
333 192
333 452
333 507
333 509
333 570
333 596
334 178
334 252
334 306
334 366
334 444
334 494
334 533
334 539
335 12
335 81
335 90
335 321
335 344
335 501
335 529
335 592
336 276
336 417
336 434
336 454
336 458
336 531
336 547
336 566
337 19
337 160
337 250
337 303
337 458
337 485
337 503
337 579
338 110
338 188
338 210
338 317
338 461
338 482
338 527
338 580
339 230
339 322
339 327
339 406
339 489
339 503
339 521
339 579
340 6
340 252
340 405
340 474
340 523
340 547
340 591
340 597
341 258
341 277
341 364
341 421
341 448
341 463
341 575
341 587
342 82
342 239
342 497
342 500
342 507
342 535
342 567
342 597
343 37
343 248
343 285
343 310
343 397
343 436
343 442
343 478
344 29
344 39
344 81
344 243
344 335
344 524
344 531
344 539
345 25
345 41
345 297
345 383
345 415
345 420
345 438
345 472
345 551
346 165
346 323
346 401
346 413
346 446
346 516
346 521
346 555
346 579
347 155
347 191
347 424
347 439
347 460
347 479
347 539
347 547
347 555
348 106
348 203
348 210
348 330
348 374
348 381
348 495
348 512
348 553
349 128
349 235
349 312
349 409
349 445
349 476
349 523
349 544
349 589
350 123
350 196
350 404
350 477
350 515
350 533
350 540
350 569
350 573
351 13
351 170
351 238
351 262
351 268
351 420
351 438
351 553
351 579
352 322
352 361
352 434
352 442
352 484
352 514
352 548
352 570
352 573
353 131
353 273
353 527
353 550
353 556
353 568
353 570
353 578
353 579
354 184
354 227
354 253
354 486
354 508
354 555
354 581
354 585
354 599
355 99
355 386
355 497
355 507
355 514
355 526
355 540
355 548
355 573
356 62
356 243
356 383
356 428
356 467
356 561
356 569
356 570
356 583
357 37
357 229
357 231
357 417
357 427
357 432
357 456
357 492
357 546
358 8
358 13
358 270
358 289
358 489
358 509
358 529
358 551
358 583
359 319
359 493
359 495
359 503
359 527
359 542
359 573
359 594
359 595
360 230
360 284
360 373
360 413
360 438
360 518
360 565
360 571
360 575
361 37
361 267
361 269
361 352
361 402
361 473
361 480
361 562
361 592
362 232
362 303
362 454
362 489
362 501
362 531
362 548
362 572
362 578
363 34
363 156
363 374
363 380
363 395
363 399
363 467
363 545
363 576
364 33
364 80
364 269
364 341
364 367
364 448
364 488
364 512
364 587
365 18
365 393
365 419
365 504
365 530
365 568
365 580
365 585
365 594
366 202
366 214
366 286
366 295
366 334
366 431
366 470
366 557
366 564
367 26
367 175
367 258
367 298
367 320
367 364
367 574
367 584
367 586
368 102
368 118
368 238
368 262
368 289
368 438
368 463
368 551
368 598
369 101
369 162
369 261
369 370
369 439
369 445
369 451
369 598
369 599
370 51
370 168
370 290
370 369
370 409
370 451
370 460
370 539
370 567
371 66
371 249
371 392
371 399
371 461
371 538
371 561
371 570
371 596
372 82
372 248
372 260
372 264
372 265
372 299
372 466
372 546
372 559
373 94
373 172
373 263
373 360
373 375
373 380
373 466
373 505
373 576
374 95
374 170
374 330
374 348
374 363
374 388
374 487
374 560
374 591
375 48
375 258
375 272
375 292
375 320
375 373
375 558
375 574
375 584
376 67
376 224
376 247
376 387
376 531
376 532
376 545
376 590
376 593
377 268
377 283
377 321
377 384
377 454
377 458
377 476
377 515
377 531
378 326
378 327
378 418
378 425
378 471
378 502
378 513
378 539
378 596
379 70
379 149
379 234
379 317
379 318
379 389
379 492
379 513
379 584
380 161
380 259
380 301
380 363
380 373
380 493
380 503
380 542
380 587
381 1
381 348
381 399
381 450
381 499
381 506
381 522
381 526
381 549
382 221
382 307
382 322
382 461
382 524
382 532
382 536
382 587
382 593
383 8
383 42
383 289
383 297
383 329
383 345
383 356
383 489
383 492
384 131
384 236
384 246
384 259
384 377
384 475
384 515
384 548
384 573
385 148
385 220
385 240
385 281
385 410
385 453
385 508
385 516
385 565
386 46
386 72
386 355
386 416
386 470
386 526
386 528
386 557
386 564
387 169
387 330
387 376
387 431
387 459
387 460
387 543
387 555
387 567
388 67
388 150
388 275
388 287
388 320
388 374
388 398
388 512
388 584
389 192
389 197
389 379
389 459
389 517
389 525
389 544
389 547
389 550
390 64
390 256
390 405
390 540
390 553
390 582
390 586
390 591
390 598
391 214
391 225
391 393
391 430
391 433
391 467
391 569
391 579
391 583
392 97
392 159
392 302
392 371
392 415
392 491
392 496
392 502
392 536
393 269
393 365
393 391
393 414
393 455
393 518
393 553
393 560
393 572
394 8
394 127
394 137
394 290
394 524
394 532
394 536
394 590
394 595
394 599
395 47
395 145
395 233
395 283
395 332
395 363
395 432
395 472
395 528
395 547
396 50
396 191
396 205
396 253
396 399
396 407
396 421
396 423
396 565
396 571
397 96
397 163
397 286
397 310
397 343
397 442
397 478
397 486
397 545
397 549
398 155
398 302
398 319
398 388
398 401
398 458
398 493
398 503
398 542
398 545
399 43
399 133
399 363
399 371
399 381
399 396
399 450
399 499
399 506
399 552
400 184
400 255
400 282
400 459
400 487
400 510
400 529
400 550
400 566
400 575
401 94
401 179
401 240
401 281
401 346
401 398
401 440
401 531
401 546
401 586
402 115
402 235
402 267
402 280
402 361
402 456
402 480
402 568
402 574
402 592
403 49
403 115
403 143
403 226
403 271
403 309
403 495
403 574
403 577
403 584
404 13
404 262
404 289
404 297
404 350
404 484
404 489
404 535
404 551
404 568
405 166
405 261
405 300
405 340
405 390
405 483
405 513
405 531
405 586
405 598
406 51
406 54
406 144
406 168
406 262
406 322
406 339
406 521
406 554
406 579
407 121
407 255
407 282
407 396
407 424
407 425
407 458
407 517
407 522
407 540
408 243
408 278
408 463
408 475
408 506
408 524
408 552
408 558
408 562
408 597
409 4
409 101
409 199
409 201
409 349
409 370
409 451
409 460
409 555
409 567
410 78
410 94
410 172
410 238
410 281
410 332
410 385
410 516
410 527
410 589
411 124
411 231
411 298
411 414
411 427
411 456
411 489
411 492
411 538
411 592
412 319
412 472
412 482
412 528
412 532
412 556
412 568
412 578
412 580
412 591
413 2
413 81
413 292
413 320
413 346
413 360
413 429
413 565
413 571
413 575
414 75
414 86
414 88
414 124
414 204
414 230
414 393
414 411
414 456
414 492
415 136
415 153
415 159
415 345
415 392
415 482
415 514
415 556
415 568
415 595
416 208
416 386
416 449
416 476
416 513
416 544
416 570
416 582
416 586
416 598
417 124
417 204
417 270
417 290
417 336
417 357
417 492
417 511
417 532
417 564
418 34
418 241
418 302
418 327
418 329
418 378
418 471
418 482
418 556
418 596
419 17
419 66
419 195
419 326
419 365
419 506
419 518
419 572
419 583
419 594
420 214
420 222
420 254
420 262
420 274
420 345
420 351
420 489
420 521
420 551
421 153
421 194
421 205
421 253
421 341
421 396
421 521
421 565
421 571
421 575
422 141
422 168
422 170
422 175
422 186
422 314
422 330
422 540
422 572
422 594
423 33
423 69
423 315
423 396
423 429
423 466
423 523
423 565
423 571
423 575
424 51
424 190
424 192
424 347
424 407
424 482
424 517
424 525
424 550
424 558
424 599
425 81
425 197
425 378
425 407
425 465
425 502
425 516
425 541
425 550
425 568
425 588
426 16
426 21
426 126
426 129
426 242
426 324
426 325
426 437
426 474
426 520
426 583
427 16
427 144
427 156
427 204
427 270
427 290
427 357
427 411
427 456
427 513
427 591
428 219
428 275
428 328
428 356
428 430
428 467
428 468
428 556
428 561
428 569
428 583
429 193
429 199
429 413
429 423
429 499
429 500
429 530
429 536
429 565
429 571
429 575
430 309
430 391
430 428
430 433
430 454
430 467
430 557
430 561
430 569
430 576
430 583
431 7
431 25
431 53
431 72
431 208
431 276
431 366
431 387
431 474
431 557
431 571
432 113
432 118
432 233
432 283
432 332
432 357
432 395
432 517
432 525
432 531
432 564
433 27
433 85
433 295
433 391
433 430
433 452
433 533
433 561
433 569
433 580
433 583
434 101
434 104
434 122
434 257
434 336
434 352
434 446
434 471
434 529
434 573
434 591
435 11
435 95
435 107
435 220
435 251
435 280
435 282
435 480
435 551
435 589
435 592
436 98
436 102
436 163
436 279
436 310
436 343
436 442
436 470
436 478
436 568
436 597
437 16
437 46
437 56
437 196
437 242
437 244
437 325
437 426
437 462
437 503
437 511
437 520
438 102
438 109
438 262
438 297
438 345
438 351
438 360
438 368
438 489
438 495
438 540
438 551
439 227
439 347
439 369
439 440
439 460
439 473
439 479
439 528
439 539
439 567
439 582
439 595
440 15
440 70
440 92
440 94
440 148
440 171
440 189
440 207
440 299
440 401
440 439
440 500
441 36
441 137
441 164
441 177
441 222
441 473
441 519
441 545
441 559
441 563
441 564
441 577
442 6
442 15
442 16
442 96
442 310
442 343
442 352
442 397
442 436
442 478
442 489
442 520
443 19
443 297
443 330
443 464
443 499
443 502
443 527
443 538
443 540
443 556
443 568
443 578
444 56
444 61
444 166
444 178
444 272
444 284
444 334
444 476
444 494
444 509
444 568
444 596
445 158
445 169
445 227
445 349
445 369
445 465
445 479
445 481
445 537
445 539
445 543
445 567
446 139
446 143
446 167
446 194
446 213
446 327
446 346
446 434
446 485
446 560
446 573
446 579
447 5
447 46
447 73
447 118
447 119
447 155
447 156
447 219
447 495
447 542
447 571
447 576
448 116
448 135
448 242
448 247
448 296
448 341
448 364
448 488
448 554
448 561
448 587
448 591
449 20
449 29
449 87
449 153
449 191
449 218
449 416
449 452
449 455
449 518
449 530
449 560
450 2
450 28
450 61
450 84
450 133
450 207
450 293
450 381
450 399
450 455
450 499
450 506
451 97
451 120
451 169
451 237
451 256
451 369
451 370
451 409
451 512
451 539
451 560
451 567
452 39
452 45
452 163
452 333
452 433
452 449
452 468
452 481
452 502
452 522
452 545
452 580
453 9
453 91
453 149
453 171
453 179
453 232
453 240
453 265
453 385
453 537
453 575
453 582
454 3
454 60
454 258
454 321
454 336
454 362
454 377
454 430
454 455
454 458
454 526
454 531
455 35
455 187
455 195
455 255
455 393
455 449
455 450
455 454
455 487
455 516
455 560
455 598
456 152
456 231
456 242
456 290
456 303
456 357
456 402
456 411
456 414
456 427
456 484
456 492
457 173
457 197
457 228
457 246
457 316
457 465
457 486
457 524
457 537
457 541
457 585
457 588
458 60
458 203
458 243
458 336
458 337
458 377
458 398
458 407
458 454
458 501
458 531
458 548
459 203
459 222
459 249
459 255
459 387
459 389
459 400
459 481
459 517
459 525
459 550
459 566
459 581
460 7
460 227
460 301
460 347
460 370
460 387
460 409
460 439
460 464
460 515
460 519
460 543
460 555
461 32
461 110
461 229
461 338
461 371
461 382
461 471
461 507
461 568
461 570
461 580
461 593
461 596
462 12
462 50
462 120
462 174
462 222
462 312
462 437
462 471
462 473
462 519
462 559
462 563
462 577
463 116
463 135
463 261
463 308
463 309
463 341
463 368
463 408
463 477
463 488
463 505
463 567
463 587
464 14
464 24
464 278
464 306
464 443
464 460
464 475
464 533
464 550
464 552
464 558
464 562
464 597
465 17
465 75
465 210
465 296
465 425
465 445
465 457
465 514
465 537
465 541
465 576
465 585
465 588
466 209
466 264
466 265
466 319
466 372
466 373
466 423
466 503
466 505
466 542
466 545
466 576
466 581
467 295
467 317
467 356
467 363
467 391
467 428
467 430
467 500
467 505
467 514
467 561
467 569
467 583
468 0
468 136
468 180
468 232
468 273
468 303
468 428
468 452
468 509
468 533
468 554
468 567
468 596
469 40
469 178
469 242
469 291
469 486
469 498
469 508
469 534
469 567
469 581
469 585
469 595
469 599
470 72
470 89
470 193
470 276
470 324
470 366
470 386
470 436
470 557
470 564
470 568
470 588
470 593
471 9
471 52
471 378
471 418
471 434
471 461
471 462
471 481
471 486
471 544
471 556
471 570
471 580
472 113
472 118
472 130
472 137
472 233
472 283
472 332
472 345
472 395
472 412
472 528
472 553
472 569
473 50
473 164
473 166
473 248
473 331
473 361
473 439
473 441
473 462
473 519
473 559
473 563
473 574
474 84
474 315
474 340
474 426
474 431
474 475
474 476
474 483
474 484
474 519
474 549
474 554
474 582
475 3
475 167
475 233
475 312
475 384
475 408
475 464
475 474
475 552
475 558
475 562
475 565
475 597
476 152
476 310
476 349
476 377
476 416
476 444
476 474
476 484
476 496
476 512
476 555
476 582
476 591
477 13
477 62
477 80
477 135
477 151
477 157
477 209
477 266
477 277
477 308
477 350
477 463
477 510
477 561
478 60
478 96
478 98
478 101
478 279
478 310
478 343
478 397
478 436
478 442
478 484
478 562
478 566
478 596
479 4
479 116
479 183
479 217
479 238
479 283
479 307
479 347
479 439
479 445
479 525
479 539
479 543
479 567
480 24
480 67
480 253
480 267
480 300
480 314
480 325
480 361
480 402
480 435
480 502
480 520
480 589
480 592
481 52
481 69
481 180
481 264
481 445
481 452
481 459
481 471
481 522
481 528
481 538
481 575
481 580
481 589
482 165
482 304
482 338
482 412
482 415
482 418
482 424
482 538
482 568
482 570
482 575
482 580
482 595
482 596
483 119
483 133
483 148
483 159
483 263
483 294
483 304
483 405
483 474
483 544
483 549
483 554
483 557
483 586
484 57
484 93
484 124
484 352
484 404
484 456
484 474
484 476
484 478
484 514
484 540
484 551
484 554
484 598
485 26
485 66
485 93
485 99
485 144
485 213
485 322
485 324
485 327
485 337
485 446
485 501
485 521
485 552
486 142
486 291
486 299
486 313
486 354
486 397
486 457
486 469
486 471
486 508
486 540
486 581
486 585
486 599
487 78
487 114
487 170
487 175
487 187
487 205
487 206
487 374
487 400
487 455
487 504
487 553
487 572
487 595
488 42
488 116
488 122
488 137
488 151
488 181
488 266
488 296
488 364
488 448
488 463
488 538
488 587
488 597
489 238
489 274
489 289
489 339
489 358
489 362
489 383
489 404
489 411
489 420
489 438
489 442
489 516
489 546
490 59
490 235
490 277
490 491
490 513
490 551
490 554
490 557
490 566
490 582
490 586
490 588
490 591
490 598
491 21
491 152
491 172
491 202
491 279
491 312
491 392
491 490
491 517
491 544
491 562
491 582
491 591
491 598
492 52
492 75
492 160
492 231
492 270
492 290
492 308
492 357
492 379
492 383
492 411
492 414
492 417
492 456
493 134
493 160
493 196
493 274
493 301
493 359
493 380
493 398
493 503
493 505
493 545
493 556
493 576
493 591
494 10
494 24
494 106
494 140
494 223
494 252
494 272
494 284
494 318
494 334
494 444
494 533
494 550
494 582
495 209
495 219
495 348
495 359
495 403
495 438
495 447
495 503
495 505
495 537
495 542
495 545
495 551
495 553
496 59
496 131
496 173
496 204
496 392
496 476
496 497
496 523
496 549
496 554
496 579
496 586
496 591
496 594
496 598
497 32
497 132
497 146
497 237
497 239
497 254
497 323
497 342
497 355
497 496
497 500
497 506
497 507
497 535
497 564
498 23
498 27
498 92
498 228
498 285
498 294
498 295
498 319
498 469
498 508
498 534
498 538
498 581
498 585
498 599
499 1
499 28
499 43
499 103
499 133
499 207
499 332
499 381
499 399
499 429
499 443
499 450
499 506
499 578
499 589
500 22
500 146
500 237
500 239
500 254
500 321
500 342
500 429
500 440
500 467
500 497
500 507
500 517
500 535
500 556
501 4
501 29
501 60
501 81
501 147
501 220
501 268
501 289
501 321
501 335
501 362
501 458
501 485
501 531
501 553
502 40
502 115
502 132
502 264
502 378
502 392
502 425
502 443
502 452
502 480
502 522
502 566
502 574
502 580
502 584
503 43
503 98
503 129
503 155
503 219
503 337
503 339
503 359
503 380
503 398
503 437
503 466
503 493
503 495
503 576
504 20
504 195
504 218
504 245
504 247
504 365
504 487
504 530
504 553
504 558
504 571
504 572
504 580
504 594
504 596
505 259
505 263
505 305
505 319
505 373
505 463
505 466
505 467
505 493
505 495
505 529
505 542
505 557
505 562
505 576
506 1
506 28
506 43
506 133
506 207
506 294
506 381
506 399
506 408
506 419
506 450
506 497
506 499
506 574
506 578
507 3
507 22
507 38
507 146
507 192
507 237
507 239
507 254
507 333
507 342
507 355
507 461
507 497
507 500
507 535
508 63
508 84
508 215
508 310
508 354
508 385
508 469
508 486
508 498
508 534
508 541
508 581
508 585
508 586
508 599
509 10
509 23
509 58
509 180
509 326
509 333
509 358
509 444
509 468
509 522
509 538
509 543
509 570
509 580
509 591
510 77
510 121
510 158
510 218
510 241
510 249
510 260
510 283
510 400
510 477
510 517
510 519
510 536
510 547
510 550
511 5
511 16
511 42
511 181
511 242
511 244
511 302
511 325
511 328
511 417
511 437
511 515
511 520
511 569
511 572
512 11
512 43
512 63
512 67
512 143
512 226
512 234
512 309
512 317
512 318
512 348
512 364
512 388
512 451
512 476
512 524
513 117
513 128
513 131
513 152
513 262
513 304
513 378
513 379
513 405
513 416
513 427
513 490
513 531
513 534
513 582
513 598
514 99
514 104
514 206
514 208
514 213
514 289
514 352
514 355
514 415
514 465
514 467
514 484
514 515
514 540
514 548
514 559
515 76
515 206
515 212
515 246
515 293
515 350
515 377
515 384
515 460
515 511
515 514
515 525
515 529
515 540
515 543
515 571
516 83
516 85
516 92
516 243
516 248
516 281
516 284
516 299
516 346
516 385
516 410
516 425
516 455
516 489
516 542
516 546
517 55
517 97
517 251
517 389
517 407
517 424
517 432
517 459
517 491
517 500
517 510
517 525
517 543
517 547
517 565
517 566
518 96
518 106
518 154
518 159
518 218
518 286
518 287
518 331
518 360
518 393
518 419
518 449
518 530
518 553
518 560
518 596
519 12
519 39
519 44
519 311
519 441
519 460
519 462
519 473
519 474
519 510
519 534
519 559
519 563
519 571
519 577
519 587
520 5
520 42
520 129
520 144
520 242
520 244
520 246
520 284
520 325
520 328
520 426
520 437
520 442
520 480
520 511
520 552
521 76
521 93
521 120
521 139
521 168
521 194
521 241
521 324
521 339
521 346
521 406
521 420
521 421
521 485
521 535
521 579
522 36
522 164
522 166
522 221
522 255
522 256
522 285
522 381
522 407
522 452
522 481
522 502
522 509
522 544
522 556
522 566
523 5
523 19
523 128
523 136
523 216
523 226
523 250
523 304
523 340
523 349
523 423
523 496
523 586
523 591
523 597
523 598
524 65
524 86
524 91
524 125
524 176
524 271
524 344
524 382
524 394
524 408
524 457
524 512
524 527
524 541
524 593
524 595
525 104
525 107
525 109
525 192
525 249
525 282
525 389
525 424
525 432
525 459
525 479
525 515
525 517
525 539
525 550
525 584
526 7
526 89
526 175
526 190
526 193
526 208
526 223
526 355
526 381
526 386
526 454
526 557
526 561
526 564
526 570
526 582
527 62
527 132
527 146
527 260
527 266
527 269
527 293
527 308
527 338
527 353
527 359
527 410
527 443
527 524
527 580
527 596
528 53
528 118
528 137
528 226
528 263
528 332
528 386
528 395
528 412
528 439
528 472
528 481
528 570
528 578
528 585
528 596
529 31
529 35
529 68
529 76
529 122
529 191
529 257
529 301
529 335
529 358
529 400
529 434
529 505
529 515
529 540
529 548
529 559
530 45
530 66
530 123
530 147
530 150
530 153
530 236
530 330
530 365
530 429
530 449
530 504
530 518
530 553
530 557
530 586
530 594
531 29
531 177
531 243
531 268
531 336
531 344
531 362
531 376
531 377
531 401
531 405
531 432
531 454
531 458
531 501
531 513
531 591
532 14
532 65
532 71
532 134
532 145
532 154
532 376
532 382
532 394
532 412
532 417
532 536
532 548
532 549
532 551
532 593
532 595
533 10
533 20
533 54
533 56
533 61
533 140
533 178
533 244
533 252
533 284
533 334
533 350
533 433
533 464
533 468
533 494
533 597
534 59
534 102
534 142
534 144
534 162
534 184
534 285
534 323
534 469
534 498
534 508
534 513
534 519
534 581
534 585
534 597
534 599
535 22
535 32
535 146
535 188
535 237
535 239
535 254
535 311
535 342
535 404
535 497
535 500
535 507
535 521
535 536
535 575
535 598
536 68
536 91
536 105
536 176
536 182
536 185
536 225
536 271
536 315
536 382
536 392
536 394
536 429
536 510
536 532
536 535
536 537
537 6
537 17
537 173
537 197
537 202
537 229
537 261
537 316
537 445
537 453
537 457
537 465
537 495
537 536
537 541
537 588
537 589
538 109
538 186
538 235
538 326
538 371
538 411
538 443
538 481
538 482
538 488
538 498
538 509
538 556
538 568
538 578
538 586
538 596
539 119
539 171
539 245
539 256
539 334
539 344
539 347
539 370
539 378
539 439
539 445
539 451
539 479
539 525
539 542
539 543
539 555
540 99
540 212
540 293
540 350
540 355
540 390
540 407
540 422
540 438
540 443
540 484
540 486
540 514
540 515
540 529
540 541
540 548
541 98
541 149
541 165
541 210
541 216
541 228
541 229
541 261
541 425
541 457
541 465
541 508
541 524
541 537
541 540
541 588
541 596
542 64
542 160
542 201
542 209
542 263
542 294
542 359
542 380
542 398
542 447
542 466
542 495
542 505
542 516
542 539
542 568
542 569
542 576
543 113
543 120
543 138
543 169
543 183
543 254
543 306
543 327
543 387
543 445
543 460
543 479
543 509
543 515
543 517
543 539
543 546
543 555
544 23
544 59
544 267
544 304
544 313
544 349
544 389
544 416
544 471
544 483
544 491
544 522
544 547
544 549
544 551
544 554
544 591
544 598
545 73
545 170
545 183
545 200
545 209
545 252
545 263
545 305
545 363
545 376
545 397
545 398
545 441
545 452
545 466
545 493
545 495
545 576
546 63
546 82
546 83
546 148
546 149
546 171
546 224
546 248
546 304
546 357
546 372
546 401
546 489
546 516
546 543
546 549
546 558
546 576
547 51
547 55
547 88
547 97
547 108
547 136
547 154
547 182
547 241
547 255
547 336
547 340
547 347
547 389
547 395
547 510
547 517
547 544
548 176
548 193
548 196
548 206
548 246
548 257
548 293
548 352
548 355
548 362
548 384
548 458
548 514
548 529
548 532
548 540
548 557
548 558
549 23
549 84
549 131
549 133
549 250
549 304
549 312
549 319
549 381
549 397
549 474
549 483
549 496
549 532
549 544
549 546
549 586
549 598
550 26
550 107
550 158
550 161
550 192
550 205
550 232
550 353
550 389
550 400
550 424
550 425
550 459
550 464
550 494
550 510
550 525
550 551
551 102
551 238
551 274
551 297
551 329
551 345
551 358
551 368
551 404
551 420
551 435
551 438
551 484
551 490
551 495
551 532
551 544
551 550
552 47
552 112
552 114
552 167
552 181
552 198
552 278
552 306
552 399
552 408
552 464
552 475
552 485
552 520
552 558
552 562
552 572
552 587
552 597
553 18
553 35
553 114
553 170
553 197
553 317
553 348
553 351
553 390
553 393
553 472
553 487
553 495
553 501
553 504
553 518
553 530
553 572
553 594
554 84
554 212
554 228
554 235
554 287
554 311
554 406
554 448
554 468
554 474
554 483
554 484
554 490
554 496
554 544
554 582
554 586
554 591
554 598
555 54
555 83
555 138
555 151
555 217
555 233
555 245
555 256
555 346
555 347
555 354
555 387
555 409
555 460
555 476
555 539
555 543
555 567
555 598
556 8
556 55
556 232
556 273
556 305
556 326
556 353
556 412
556 415
556 418
556 428
556 443
556 471
556 493
556 500
556 522
556 538
556 570
556 582
557 25
557 46
557 202
557 208
557 214
557 223
557 366
557 386
557 430
557 431
557 470
557 483
557 490
557 505
557 526
557 530
557 548
557 559
557 564
557 588
558 3
558 24
558 69
558 103
558 181
558 198
558 199
558 278
558 375
558 408
558 424
558 464
558 475
558 504
558 546
558 548
558 552
558 564
558 589
558 597
559 44
559 62
559 141
559 222
559 286
559 288
559 303
559 311
559 331
559 372
559 441
559 462
559 473
559 514
559 519
559 529
559 557
559 560
559 563
559 577
560 66
560 138
560 150
560 169
560 186
560 203
560 231
560 286
560 288
560 330
560 374
560 393
560 446
560 449
560 451
560 455
560 518
560 559
560 585
560 594
561 87
561 100
561 130
561 141
561 203
561 225
561 272
561 295
561 356
561 371
561 428
561 430
561 433
561 448
561 467
561 477
561 526
561 569
561 577
561 583
562 3
562 47
562 48
562 105
562 112
562 169
562 181
562 198
562 278
562 306
562 361
562 408
562 464
562 475
562 478
562 491
562 505
562 552
562 569
562 597
563 12
563 38
563 44
563 53
563 114
563 160
563 164
563 222
563 257
563 278
563 291
563 311
563 441
563 462
563 473
563 519
563 559
563 567
563 577
563 583
564 7
564 25
564 46
564 85
564 89
564 208
564 214
564 217
564 223
564 318
564 366
564 386
564 417
564 432
564 441
564 470
564 497
564 526
564 557
564 558
565 2
565 139
565 174
565 177
565 187
565 219
565 230
565 360
565 385
565 396
565 413
565 421
565 423
565 429
565 475
565 517
565 571
565 575
565 578
565 585
566 51
566 60
566 77
566 108
566 109
566 161
566 166
566 190
566 241
566 244
566 296
566 336
566 400
566 459
566 478
566 490
566 502
566 517
566 522
566 571
566 577
567 88
567 138
567 182
567 183
567 217
567 227
567 256
567 342
567 370
567 387
567 409
567 439
567 445
567 451
567 463
567 468
567 469
567 479
567 555
567 563
567 590
568 14
568 58
568 232
568 302
568 353
568 365
568 402
568 404
568 412
568 415
568 425
568 436
568 443
568 444
568 461
568 470
568 482
568 538
568 542
568 570
568 574
569 87
569 89
569 100
569 130
569 225
569 295
569 324
569 350
569 356
569 391
569 428
569 430
569 433
569 467
569 472
569 511
569 542
569 561
569 562
569 583
569 594
570 110
570 152
570 180
570 209
570 218
570 276
570 278
570 333
570 352
570 353
570 356
570 371
570 416
570 461
570 471
570 482
570 509
570 526
570 528
570 556
570 568
571 33
571 45
571 168
571 177
571 199
571 253
571 360
571 396
571 413
571 421
571 423
571 429
571 431
571 447
571 504
571 515
571 519
571 565
571 566
571 575
571 591
572 0
572 18
572 20
572 114
572 145
572 203
572 215
572 286
572 288
572 362
572 393
572 419
572 422
572 487
572 504
572 511
572 552
572 553
572 590
572 592
572 594
573 31
573 45
573 68
573 74
573 76
573 132
573 187
573 189
573 196
573 259
573 279
573 293
573 305
573 350
573 352
573 355
573 359
573 384
573 434
573 446
573 577
574 61
574 70
574 140
574 188
574 215
574 226
574 234
574 287
574 292
574 313
574 317
574 318
574 320
574 367
574 375
574 402
574 403
574 473
574 502
574 506
574 568
575 2
575 141
575 174
575 205
575 230
575 253
575 325
575 341
575 360
575 400
575 413
575 421
575 423
575 429
575 453
575 481
575 482
575 535
575 565
575 571
575 580
576 33
576 34
576 156
576 160
576 273
576 301
576 305
576 363
576 373
576 430
576 447
576 465
576 466
576 493
576 503
576 505
576 542
576 545
576 546
576 577
576 579
576 594
577 36
577 39
577 50
577 53
577 141
577 164
577 178
577 288
577 311
577 331
577 403
577 441
577 462
577 519
577 559
577 561
577 563
577 566
577 573
577 576
577 580
577 592
578 14
578 65
578 136
578 143
578 198
578 235
578 264
578 281
578 302
578 326
578 353
578 362
578 412
578 443
578 499
578 506
578 528
578 538
578 565
578 580
578 583
578 596
579 41
579 86
579 93
579 139
579 165
579 174
579 213
579 240
579 265
579 323
579 324
579 337
579 339
579 346
579 351
579 353
579 391
579 406
579 446
579 496
579 521
579 576
580 79
580 92
580 105
580 159
580 270
580 338
580 365
580 412
580 433
580 452
580 461
580 471
580 481
580 482
580 502
580 504
580 509
580 527
580 575
580 577
580 578
580 589
581 27
581 127
581 128
581 162
581 215
581 246
581 264
581 291
581 294
581 296
581 304
581 354
581 459
581 466
581 469
581 486
581 498
581 508
581 534
581 582
581 585
581 599
582 23
582 131
582 207
582 216
582 390
582 416
582 439
582 453
582 474
582 476
582 490
582 491
582 494
582 513
582 526
582 554
582 556
582 581
582 586
582 589
582 591
582 598
583 56
583 87
583 100
583 130
583 173
583 210
583 225
583 287
583 295
583 356
583 358
583 391
583 419
583 426
583 428
583 430
583 433
583 467
583 561
583 563
583 569
583 578
584 1
584 11
584 17
584 28
584 38
584 48
584 49
584 90
584 121
584 211
584 245
584 292
584 298
584 309
584 367
584 375
584 379
584 388
584 403
584 502
584 525
584 590
585 4
585 27
585 142
585 161
585 184
585 215
585 285
585 294
585 354
585 365
585 457
585 465
585 469
585 486
585 498
585 508
585 528
585 534
585 560
585 565
585 581
585 594
585 599
586 44
586 119
586 250
586 263
586 312
586 367
586 390
586 401
586 405
586 416
586 483
586 490
586 496
586 508
586 523
586 530
586 538
586 549
586 554
586 582
586 588
586 591
586 593
587 62
587 80
587 103
587 135
587 151
587 157
587 158
587 225
587 269
587 271
587 277
587 296
587 308
587 316
587 341
587 364
587 380
587 382
587 448
587 463
587 488
587 519
587 552
588 17
588 68
588 76
588 89
588 142
588 173
588 197
588 210
588 216
588 228
588 229
588 261
588 282
588 316
588 425
588 457
588 465
588 470
588 490
588 537
588 541
588 557
588 586
589 37
589 95
589 115
589 139
589 189
589 201
589 220
589 251
589 267
589 280
589 300
589 314
589 349
589 410
589 435
589 480
589 481
589 499
589 537
589 558
589 580
589 582
589 592
589 596
590 72
590 73
590 86
590 91
590 105
590 112
590 127
590 134
590 167
590 176
590 224
590 234
590 237
590 247
590 275
590 307
590 376
590 394
590 567
590 572
590 584
590 593
590 594
590 595
591 21
591 30
591 119
591 190
591 340
591 374
591 390
591 412
591 427
591 434
591 448
591 476
591 490
591 491
591 493
591 496
591 509
591 523
591 531
591 544
591 554
591 571
591 582
591 586
592 37
592 95
592 113
592 115
592 147
592 189
592 201
592 220
592 227
592 251
592 281
592 313
592 314
592 322
592 335
592 361
592 402
592 411
592 435
592 480
592 572
592 577
592 589
592 599
593 10
593 123
593 126
593 134
593 145
593 173
593 182
593 185
593 222
593 224
593 247
593 258
593 275
593 307
593 376
593 382
593 461
593 470
593 524
593 532
593 586
593 590
593 595
593 597
594 29
594 35
594 135
594 150
594 154
594 175
594 218
594 286
594 295
594 328
594 359
594 365
594 419
594 422
594 496
594 504
594 530
594 553
594 560
594 569
594 572
594 576
594 585
594 590
595 71
595 105
595 130
595 134
595 145
595 176
595 198
595 224
595 250
595 275
595 298
595 307
595 315
595 359
595 394
595 415
595 439
595 469
595 482
595 487
595 524
595 532
595 590
595 593
596 0
596 14
596 151
596 194
596 264
596 302
596 313
596 333
596 371
596 378
596 418
596 444
596 461
596 468
596 478
596 482
596 504
596 518
596 527
596 528
596 538
596 541
596 578
596 589
597 24
597 47
597 57
597 69
597 103
597 112
597 167
597 181
597 198
597 279
597 306
597 340
597 342
597 408
597 436
597 464
597 475
597 488
597 523
597 533
597 534
597 552
597 558
597 562
597 593
598 30
598 71
598 108
598 149
598 180
598 195
598 235
598 368
598 369
598 390
598 405
598 416
598 455
598 484
598 490
598 491
598 496
598 513
598 523
598 535
598 544
598 549
598 554
598 555
598 582
599 93
599 142
599 146
599 162
599 172
599 184
599 215
599 223
599 239
599 285
599 291
599 294
599 299
599 354
599 369
599 394
599 424
599 469
599 486
599 498
599 508
599 534
599 581
599 585
599 592
