195 514
566 567
164 595
329 532
491 517
465 543
83 408
360 594
458 566
168 378
24 554
134 489
414 521
349 470
150 169
336 480
167 448
156 394
159 529
130 598
311 320
150 395
116 594
34 144
181 303
453 586
323 425
290 546
327 465
476 506
168 496
118 532
383 592
224 498
156 571
368 551
293 419
6 278
206 590
303 432
178 257
303 538
552 579
431 476
129 508
240 335
393 551
29 497
512 571
293 529
296 320
23 279
522 594
279 308
32 261
108 477
71 566
39 450
187 534
408 414
378 506
124 234
89 312
553 566
511 570
186 328
524 574
195 593
412 524
502 529
277 491
15 534
107 529
454 551
533 538
493 504
37 491
476 592
389 595
585 592
475 479
47 504
412 523
273 331
58 476
259 309
174 576
218 396
274 490
23 293
189 594
504 561
212 354
230 316
454 542
167 191
354 386
157 314
6 65
15 317
417 467
242 584
315 508
173 299
559 593
432 581
218 407
239 591
281 478
483 556
11 197
432 457
190 563
33 587
224 527
90 575
435 473
226 494
345 350
377 416
203 300
317 369
431 578
434 517
110 594
143 309
169 170
139 405
567 589
127 415
124 150
415 570
34 391
161 373
366 592
458 465
106 117
35 508
168 592
478 504
463 529
253 552
425 541
303 498
175 425
219 220
349 593
285 457
129 434
521 555
431 592
214 320
416 503
454 489
293 490
275 444
26 567
153 421
339 548
349 569
154 569
525 534
362 567
309 529
420 564
333 513
179 423
287 371
16 446
465 569
175 462
207 482
415 529
490 594
311 576
348 462
205 520
46 456
236 590
44 281
362 577
434 553
166 559
223 384
478 493
339 562
389 538
104 167
68 504
342 554
104 310
481 487
35 408
236 271
326 594
220 497
249 551
256 484
403 554
116 324
155 534
120 308
31 328
159 263
61 139
434 498
129 414
331 397
412 413
112 316
97 200
465 503
28 538
174 489
433 571
310 546
241 473
300 342
142 593
467 527
241 315
96 514
166 592
116 144
467 508
161 525
71 589
482 524
345 547
177 542
319 437
374 383
437 576
272 527
208 397
384 435
493 570
242 554
200 479
97 552
303 453
312 524
41 517
351 478
35 556
150 272
351 570
481 593
249 493
345 463
437 594
397 569
254 386
149 201
522 571
212 520
322 517
521 539
374 465
60 571
300 567
287 331
198 457
219 315
202 465
354 542
322 493
396 497
310 363
310 513
347 524
72 336
147 207
331 564
476 593
323 415
223 547
8 592
444 595
254 547
257 589
411 554
364 522
243 447
457 554
187 551
187 490
501 592
543 547
432 467
127 193
148 503
312 552
293 501
337 347
159 166
37 267
278 592
504 569
356 570
347 482
316 595
283 564
503 554
200 267
22 258
245 247
225 286
336 434
33 502
566 589
454 508
23 564
202 508
323 576
348 482
263 267
283 514
106 534
389 450
431 571
351 368
284 431
151 569
6 590
25 471
356 361
225 296
480 491
479 498
542 590
339 551
272 566
328 595
207 484
316 378
272 581
532 569
101 589
374 595
319 504
354 454
181 360
187 593
417 543
171 479
481 493
62 514
47 426
340 416
286 363
164 569
190 216
319 587
430 586
226 532
353 465
154 520
231 554
111 431
151 580
82 205
119 517
266 465
582 587
471 567
517 536
170 539
41 443
176 547
391 454
324 525
169 580
299 313
389 514
47 559
446 589
214 498
257 541
386 590
99 558
480 572
11 522
224 561
245 554
326 335
461 567
319 356
543 595
86 593
175 570
362 386
165 362
3 493
335 469
463 597
411 493
169 248
425 435
134 357
194 551
104 451
174 497
206 461
281 493
449 454
378 484
525 562
93 506
493 576
388 554
449 524
339 349
306 430
473 556
96 102
36 362
527 577
18 317
200 552
131 189
352 580
403 576
47 570
449 479
120 591
262 437
360 488
417 572
325 347
153 490
405 526
361 564
328 395
37 365
122 529
491 499
349 444
425 462
543 590
303 437
97 444
23 481
153 499
229 243
412 482
110 533
293 534
151 498
465 527
252 592
396 512
519 551
60 259
114 593
478 587
402 490
51 314
290 481
223 589
268 521
267 531
72 559
323 379
571 599
181 564
51 216
424 593
478 562
236 512
290 562
329 367
262 564
194 406
416 585
441 457
463 566
155 481
124 592
527 564
58 521
457 599
64 490
415 576
458 552
519 533
320 537
456 467
148 489
177 562
149 444
206 566
378 411
532 543
258 449
528 538
525 584
511 554
365 587
170 587
218 482
310 388
499 534
11 594
515 527
97 588
5 337
278 593
298 493
504 570
322 503
569 576
193 322
395 522
345 529
309 502
310 492
412 430
269 499
72 177
43 199
78 348
581 587
322 351
424 499
61 567
298 590
241 520
424 589
408 508
335 542
446 567
506 527
380 465
399 567
242 462
327 380
111 293
25 348
443 566
245 441
463 502
231 431
235 383
93 117
351 411
446 574
13 201
252 332
277 564
154 417
455 581
408 556
411 521
177 484
350 558
225 496
285 342
251 490
179 556
208 333
192 567
82 298
212 570
269 397
508 587
337 579
271 368
82 588
341 508
18 484
254 328
437 478
576 587
216 533
183 432
26 471
447 592
360 415
235 506
517 533
542 551
220 554
433 534
175 441
326 490
290 433
122 502
380 501
513 594
313 564
405 593
299 434
432 529
448 460
324 473
176 336
471 566
26 328
444 532
201 595
308 337
242 493
401 479
22 562
350 522
278 424
497 547
192 286
142 506
236 497
165 352
314 461
482 484
148 593
111 335
408 446
22 489
316 532
351 493
395 594
161 254
480 564
155 444
384 446
499 501
31 551
149 552
411 587
368 497
96 214
214 570
106 467
352 581
226 431
323 539
205 547
352 564
363 513
411 576
412 484
395 501
223 380
223 566
405 490
262 571
430 482
99 589
405 534
498 527
571 593
49 335
454 552
401 444
522 569
216 461
284 593
201 374
386 554
364 534
533 542
316 567
448 529
108 254
293 449
48 299
11 433
364 525
454 538
476 595
208 363
478 570
86 506
106 326
130 320
165 564
348 399
350 447
25 581
414 508
41 498
497 538
206 567
357 547
303 589
34 179
212 551
124 251
315 567
247 554
156 538
225 492
261 592
193 539
164 503
347 484
262 497
283 566
525 576
71 352
120 484
262 542
78 349
411 570
329 552
61 566
278 499
462 506
501 544
161 369
142 269
471 489
365 572
520 562
170 570
320 414
10 480
331 581
295 449
354 584
556 557
13 433
326 375
328 477
116 356
318 525
156 357
216 520
86 407
251 468
533 571
110 435
348 508
174 239
8 387
362 461
399 575
168 595
8 18
249 520
261 587
247 445
323 587
378 444
231 569
530 593
128 144
153 597
189 484
300 374
286 492
380 543
514 550
309 448
114 152
513 583
405 590
132 365
496 513
83 556
154 516
228 502
90 499
192 441
106 518
322 587
531 539
40 595
277 581
145 339
296 396
78 441
179 473
343 480
271 583
225 513
425 524
448 502
379 564
187 595
408 473
300 356
311 498
333 492
481 568
444 542
393 532
512 590
126 471
287 527
73 380
383 539
261 533
405 592
188 539
193 576
122 358
15 401
183 272
424 471
44 58
241 556
192 541
235 593
34 83
35 524
349 383
538 547
134 547
127 468
51 573
150 594
389 512
525 574
543 596
15 592
473 508
147 562
447 590
438 594
37 570
176 589
126 449
492 513
102 564
397 477
408 447
415 521
177 538
362 384
263 492
77 327
44 587
388 408
62 450
231 595
476 480
68 359
287 456
252 382
513 524
131 555
5 504
82 547
339 445
484 552
489 547
255 508
114 483
26 314
334 446
119 491
383 599
62 551
248 501
249 489
263 482
308 310
82 538
529 534
213 554
100 519
266 506
359 395
149 569
104 513
33 539
345 460
571 592
43 430
108 482
396 514
492 500
297 520
263 306
31 219
547 562
161 339
417 595
291 503
71 413
127 576
399 581
206 444
460 463
299 587
559 567
397 506
165 467
258 566
281 463
236 514
590 593
311 389
313 401
170 583
190 436
361 471
167 491
578 581
425 572
39 514
503 593
165 563
90 243
363 492
386 573
131 524
226 361
463 569
176 542
22 520
98 303
117 241
198 329
257 471
331 360
189 479
460 588
283 461
198 535
101 446
117 542
176 533
183 313
25 336
155 571
317 520
403 441
100 149
447 501
416 592
130 450
243 481
412 479
179 508
396 590
207 522
399 462
183 525
476 569
39 482
114 417
259 453
312 569
480 517
120 492
236 296
317 538
218 532
310 333
453 517
424 566
352 435
49 501
258 347
542 571
506 532
202 556
462 527
414 473
39 590
25 299
68 529
311 590
281 437
432 498
308 524
257 566
309 463
99 567
175 348
363 449
214 514
389 532
284 417
68 502
450 514
471 589
147 542
100 380
120 552
447 594
434 453
349 364
205 365
251 506
432 480
336 401
362 589
111 202
313 570
489 499
252 569
352 480
476 532
347 590
249 460
239 533
117 169
189 263
267 479
168 424
224 581
521 587
401 581
169 335
538 562
195 512
226 589
151 480
490 547
148 151
258 595
424 461
350 361
315 473
319 539
130 389
350 594
261 520
245 462
194 339
164 431
259 501
43 337
8 461
360 491
159 399
290 490
166 503
193 395
286 333
356 539
476 503
190 395
441 554
405 532
35 417
271 512
571 595
248 364
479 562
44 448
284 595
174 571
43 560
299 391
247 453
356 521
216 551
107 543
489 533
508 556
514 590
327 450
384 566
444 592
386 547
467 564
435 457
129 556
350 590
354 533
251 592
71 223
560 589
278 565
49 517
183 456
99 424
192 582
190 522
263 449
251 338
15 416
142 231
435 462
348 354
284 327
166 296
403 435
98 453
122 463
215 543
491 581
147 368
441 472
83 472
512 517
430 544
257 446
408 585
168 329
187 560
258 471
259 520
235 275
456 527
416 593
459 533
411 470
195 389
252 543
254 346
110 575
272 453
425 534
458 576
63 491
48 491
456 566
471 534
241 414
361 434
498 547
504 587
250 492
453 516
166 349
6 587
153 594
405 438
524 583
456 498
574 595
243 321
163 512
58 576
386 542
60 489
97 337
352 365
101 313
329 472
435 554
404 539
265 532
289 347
94 107
205 529
427 539
245 304
283 424
447 596
270 552
2 368
314 590
33 593
269 283
234 527
405 588
356 587
502 510
231 560
326 502
62 396
337 552
308 479
327 397
456 480
480 486
229 277
290 292
242 502
155 469
299 517
148 252
292 556
65 448
414 556
555 587
27 473
286 476
433 501
126 586
324 364
503 515
164 355
130 271
465 565
249 545
271 590
536 543
300 462
448 463
350 490
31 565
214 511
235 595
126 589
416 540
144 300
18 247
314 449
98 498
339 593
72 521
342 403
399 541
433 517
292 594
522 537
154 543
247 387
328 369
374 503
149 547
170 437
134 536
361 581
345 502
308 347
220 562
368 454
137 450
488 490
107 502
140 533
415 523
545 594
34 556
239 499
365 521
131 548
441 534
406 512
144 543
201 578
357 538
398 482
239 538
16 514
551 562
205 551
207 370
315 542
248 385
87 441
513 514
218 312
296 450
345 448
165 224
383 569
275 566
331 527
351 576
321 383
371 411
354 481
425 457
67 457
378 593
96 311
198 577
235 457
239 257
534 590
61 258
461 589
100 101
134 331
504 539
14 571
202 315
311 512
101 567
561 590
191 287
374 416
217 363
37 587
315 556
361 491
317 454
571 594
86 380
527 595
68 463
144 503
312 430
167 492
581 595
430 524
437 491
51 220
311 534
208 513
525 594
348 435
384 567
33 493
201 380
147 357
267 524
364 520
129 547
206 389
43 552
251 595
107 448
207 430
335 357
501 594
446 461
320 396
262 547
124 417
269 595
236 317
78 342
156 542
323 365
110 562
284 320
322 504
403 434
479 552
449 589
198 533
90 386
517 564
150 326
129 473
517 581
167 513
314 384
61 319
415 504
352 456
460 502
226 465
245 435
243 395
300 501
324 499
108 448
312 581
277 360
365 576
521 570
539 576
208 235
361 456
399 554
589 592
437 521
430 552
401 517
397 593
342 521
181 287
312 482
433 456
290 594
333 453
333 342
462 522
11 478
267 552
47 521
476 562
403 457
23 447
503 567
72 489
194 497
437 539
314 567
78 434
6 447
261 551
156 456
323 329
41 467
151 313
479 524
360 412
269 543
362 566
357 497
342 399
453 467
467 481
360 527
450 512
161 424
433 499
98 481
499 590
174 513
383 543
259 261
433 522
326 351
460 529
111 571
104 309
175 554
333 564
345 491
296 512
49 248
241 592
48 581
283 446
287 478
539 570
336 581
368 571
96 522
153 386
324 522
401 467
489 589
525 571
131 218
100 363
49 581
416 532
570 576
8 425
134 212
127 478
364 567
26 533
249 562
259 562
114 492
412 552
242 562
356 384
