497 576
132 420
371 484
81 468
302 449
397 520
364 471
509 548
5 195
119 165
191 232
543 583
38 149
384 556
21 510
259 584
10 468
209 569
375 460
235 467
185 586
442 558
78 368
63 553
282 538
328 393
376 405
214 574
425 456
482 513
250 549
252 257
507 523
147 480
183 588
510 516
153 521
361 481
445 588
173 455
320 464
138 180
199 477
364 540
495 556
81 454
394 493
536 579
41 43
245 326
90 431
253 375
239 265
296 433
406 554
484 586
103 334
18 559
80 98
375 590
50 339
291 583
311 536
423 468
166 404
82 156
356 469
157 543
411 460
431 543
162 375
494 558
320 349
302 477
162 573
17 403
129 300
37 491
239 569
114 581
338 593
46 411
265 283
473 531
20 222
24 153
191 482
33 554
568 576
162 564
493 497
241 536
259 540
67 420
178 596
183 592
45 591
410 425
492 574
491 590
453 501
494 585
405 557
335 442
390 494
463 570
50 579
536 560
245 425
88 578
72 102
257 468
377 415
309 573
2 512
355 496
138 541
412 537
202 574
300 538
159 172
436 457
221 589
280 384
504 575
583 596
454 520
511 585
212 554
250 587
217 545
145 557
315 576
27 407
440 553
6 349
237 582
111 550
240 533
501 556
585 588
334 569
375 436
17 153
411 567
38 447
367 479
79 545
43 535
486 507
421 553
338 556
309 520
477 556
83 183
337 589
429 479
431 592
142 541
287 540
442 481
261 550
379 589
529 578
324 535
328 594
509 525
111 297
3 208
186 592
426 502
449 482
468 570
480 534
414 436
455 569
465 569
249 533
105 504
253 570
107 595
415 479
532 592
266 525
265 515
507 592
326 500
398 428
580 596
363 554
184 540
334 455
335 511
357 505
141 146
440 598
367 389
157 455
49 198
530 556
381 596
497 564
86 582
384 471
558 586
433 491
145 514
516 535
574 586
398 522
95 452
149 502
146 233
522 540
230 452
114 507
480 588
178 540
416 420
282 526
448 596
466 514
404 586
333 370
357 534
343 583
515 581
101 529
173 569
303 513
447 586
324 421
345 357
185 460
283 581
449 525
16 215
291 479
365 519
59 107
319 543
163 556
260 370
540 554
227 436
529 536
424 432
525 556
510 514
424 522
498 506
40 570
365 512
131 559
393 564
436 480
535 564
58 424
195 324
8 182
141 482
420 581
95 526
132 516
477 532
481 593
65 146
156 564
243 424
191 583
50 559
415 595
482 537
159 480
230 545
375 477
145 405
309 585
149 581
502 543
223 467
69 564
277 338
250 564
86 493
221 266
276 512
405 510
448 543
198 433
578 582
318 469
243 438
216 554
433 593
532 535
5 514
501 504
412 516
166 543
131 523
296 586
361 529
487 540
447 564
265 581
73 538
550 595
510 545
111 493
416 582
326 514
411 477
457 578
68 569
27 480
507 559
550 586
365 581
80 374
26 357
65 265
438 542
79 343
232 438
156 535
280 535
303 593
450 570
165 592
106 559
105 573
469 511
466 557
452 582
59 582
178 498
18 523
58 89
280 392
16 573
46 436
309 526
480 537
431 586
363 471
163 201
191 513
324 483
343 538
374 407
302 368
264 423
448 585
365 374
131 450
77 514
40 477
576 586
122 595
525 533
378 559
479 526
48 545
447 492
253 333
480 535
260 570
390 450
502 583
319 578
460 532
32 334
140 410
450 542
558 576
243 534
510 591
574 576
470 516
513 595
109 541
4 415
227 411
14 592
17 535
147 449
355 546
500 569
252 343
144 296
57 428
375 411
571 573
367 397
77 557
433 513
15 545
201 395
457 529
204 491
140 392
12 597
361 378
91 500
474 500
447 588
98 570
523 583
47 440
466 515
470 534
47 583
141 276
397 479
328 591
38 467
426 491
233 424
251 396
159 271
240 470
77 178
367 551
261 315
105 524
345 586
38 551
221 349
98 565
393 407
37 379
490 497
444 450
230 503
454 593
310 319
373 559
500 534
287 592
570 585
498 540
411 482
90 588
287 351
73 282
398 540
276 473
484 558
529 543
266 553
378 597
349 468
479 592
189 277
407 564
319 519
189 588
433 557
201 423
418 506
421 543
525 548
417 580
93 460
466 596
58 449
370 510
15 514
141 312
127 558
536 581
86 491
550 559
348 440
172 289
223 589
431 528
506 595
469 563
276 502
350 576
208 484
492 497
311 538
187 552
259 487
424 593
62 504
501 589
511 548
302 513
417 455
57 483
131 507
41 204
386 548
432 585
428 541
536 595
522 554
48 520
105 585
290 384
232 570
178 554
431 492
317 469
319 571
431 550
50 582
426 553
193 515
378 513
396 557
166 309
483 553
239 433
165 574
416 493
452 507
401 520
436 460
440 541
303 481
533 554
26 499
28 261
213 468
33 259
450 595
471 540
276 542
197 283
180 325
114 193
67 374
321 599
526 547
252 454
272 593
148 535
479 530
243 573
151 554
501 545
445 500
283 473
432 450
481 541
315 415
171 498
10 483
431 588
416 507
52 569
459 521
280 282
487 522
302 511
399 469
209 502
471 487
111 507
132 156
132 470
321 545
109 300
182 482
381 583
404 536
424 481
448 487
343 533
142 367
114 469
335 378
407 516
423 533
26 420
390 534
122 592
447 592
416 523
16 432
291 397
156 369
357 586
237 559
187 592
81 195
264 455
106 512
142 578
252 345
471 498
420 573
481 492
282 570
157 596
381 481
6 428
13 470
107 586
21 545
61 596
167 251
227 491
106 523
196 326
3 43
41 442
576 592
320 553
252 504
183 415
433 482
291 467
172 470
523 582
470 535
492 512
404 596
418 494
73 585
384 423
493 582
374 459
516 519
480 564
467 529
548 589
497 588
494 526
425 434
241 583
225 558
375 532
165 535
355 418
287 595
91 569
153 480
512 553
47 596
162 532
277 325
120 592
182 253
95 515
534 570
260 525
397 574
108 541
142 180
112 434
522 574
392 589
586 595
407 588
417 564
320 467
145 291
534 573
367 425
259 554
302 321
68 460
239 421
43 333
30 558
418 548
173 334
223 548
520 534
448 529
131 506
8 570
423 578
328 417
466 467
536 596
61 498
13 537
586 588
405 545
363 378
418 428
537 564
5 45
32 500
434 440
142 434
300 542
431 558
72 581
399 593
40 483
261 592
300 506
86 559
424 583
355 538
5 423
26 355
541 576
410 447
498 554
174 593
361 513
13 440
250 487
342 522
423 501
13 516
41 593
481 540
317 398
209 525
523 559
548 573
398 554
317 511
360 542
472 515
307 578
226 484
463 497
180 566
187 588
259 459
244 523
434 466
507 575
171 490
63 541
542 570
264 418
196 498
342 369
492 550
294 500
282 593
194 357
349 573
384 453
349 483
276 581
373 583
471 554
510 579
495 501
170 467
444 520
140 196
260 573
246 409
247 261
502 578
319 583
529 583
129 516
206 492
390 535
13 308
204 532
260 457
136 247
338 546
417 516
514 545
173 500
448 578
477 595
285 556
342 498
17 470
144 576
418 450
37 470
226 497
266 520
104 163
265 512
250 507
20 481
120 558
301 573
171 522
481 483
542 559
444 542
266 423
72 512
73 380
326 482
501 525
255 425
296 491
171 515
12 369
512 581
473 584
537 579
332 534
187 310
245 500
411 532
436 532
435 516
509 533
580 581
326 569
516 537
204 318
295 522
401 582
497 586
47 577
162 460
54 541
457 536
496 557
65 469
172 578
138 421
301 460
216 498
112 541
184 581
351 492
57 444
59 416
369 370
174 542
506 573
30 578
223 504
67 305
365 482
478 596
66 468
251 557
69 494
367 558
287 456
416 559
10 440
392 446
108 349
71 438
537 598
437 589
494 534
43 432
173 354
529 541
398 487
56 581
453 589
277 324
225 550
377 501
336 484
73 432
291 457
438 551
166 502
315 479
351 574
484 576
30 588
515 556
381 413
328 535
436 483
421 541
586 592
320 421
66 89
230 557
417 459
416 573
243 316
209 583
320 468
304 574
319 526
368 480
428 553
18 301
291 578
326 425
94 149
297 520
378 511
20 402
479 576
102 164
473 517
149 578
80 284
559 582
33 540
418 549
204 424
61 529
461 471
466 473
146 369
493 507
420 506
223 365
421 527
442 596
276 515
65 315
174 573
159 520
91 283
61 554
152 378
390 574
251 593
243 245
81 325
136 355
45 343
338 589
198 540
469 481
407 480
246 264
193 487
149 596
108 440
198 318
368 576
543 556
223 533
361 449
237 452
32 553
457 583
79 504
233 469
187 484
335 361
284 519
447 574
37 223
165 351
239 440
506 514
16 342
300 534
492 576
152 335
79 449
225 484
397 595
284 542
145 545
196 500
167 399
393 470
529 596
418 438
390 538
249 265
459 473
157 583
428 468
513 589
163 513
55 535
477 576
459 512
249 417
252 556
61 583
243 412
507 582
405 432
48 557
38 519
548 556
277 428
526 570
342 540
291 538
3 357
452 559
174 515
101 300
185 436
526 573
449 511
233 442
310 342
20 482
558 583
105 542
185 227
574 583
102 466
321 483
442 511
227 595
433 525
343 589
487 498
111 582
46 326
196 538
110 174
497 592
246 574
45 246
321 405
502 596
153 250
101 532
17 525
241 548
6 553
519 596
501 533
120 423
122 407
357 390
363 540
417 558
40 585
189 574
310 550
63 426
526 534
374 515
310 315
497 510
167 457
410 500
484 595
166 596
152 163
108 502
448 467
178 522
452 522
363 522
237 493
405 514
467 536
249 589
30 497
195 434
159 216
506 510
152 287
426 585
245 569
134 482
543 578
240 593
534 585
132 537
62 548
32 66
41 404
189 585
107 545
101 520
586 593
493 559
114 283
142 468
473 515
310 447
351 550
502 536
77 369
320 324
183 576
165 512
369 538
432 433
556 588
333 442
390 510
321 466
368 595
136 494
320 347
233 481
182 442
334 353
426 437
374 445
198 538
553 569
407 490
467 583
466 581
106 582
59 452
215 260
399 589
368 586
457 596
537 561
238 581
45 593
253 260
287 574
134 167
155 507
48 292
89 550
145 193
328 564
404 519
3 585
193 512
489 519
110 412
381 529
48 514
239 434
367 595
98 526
27 412
210 523
355 462
417 470
180 182
71 506
542 598
67 370
287 290
110 564
494 573
230 296
450 575
532 545
409 494
488 550
336 447
264 556
523 552
452 493
109 241
254 593
319 448
152 336
180 553
325 501
240 441
282 472
447 550
16 585
475 595
404 416
171 503
417 480
435 436
366 573
55 537
354 582
338 345
411 565
321 557
512 531
261 576
426 513
134 283
449 491
388 581
374 581
217 557
514 557
70 564
185 532
266 392
506 533
0 569
437 540
95 581
459 515
122 331
57 553
439 498
421 579
246 578
415 558
422 596
278 370
541 553
268 582
342 398
15 284
410 569
153 230
284 418
141 381
110 323
140 253
237 416
535 537
464 511
304 510
509 513
555 570
390 524
86 576
303 399
450 538
392 565
120 410
407 535
216 398
108 177
477 569
538 550
65 191
174 369
505 542
473 581
534 538
479 492
49 249
536 543
227 492
33 333
384 428
6 567
338 530
355 432
59 526
333 483
334 542
195 533
97 519
321 514
15 557
40 438
576 595
69 506
146 424
147 564
338 525
355 441
91 556
393 516
410 490
459 548
374 512
424 513
122 415
221 345
538 563
481 577
483 504
302 593
410 501
226 586
280 548
189 225
251 296
91 425
491 505
241 580
457 519
526 542
550 574
120 588
452 523
52 589
459 581
538 570
63 558
541 543
393 412
469 548
166 187
136 506
504 532
284 357
365 473
101 526
240 504
384 392
519 578
264 493
410 455
412 487
328 537
18 582
536 578
201 225
412 564
52 425
498 522
110 537
381 404
455 519
277 483
71 232
365 459
259 559
69 455
140 569
325 440
473 523
491 593
351 558
227 532
318 471
58 71
425 569
519 536
426 434
216 471
367 588
315 570
215 520
55 564
538 542
8 573
171 596
559 585
46 195
189 595
226 479
302 487
397 550
397 497
533 548
182 434
519 529
251 442
471 522
112 553
318 449
492 588
89 483
159 309
343 525
333 542
134 593
215 420
363 487
109 578
221 392
225 368
333 420
90 574
240 249
68 412
20 449
147 516
26 511
345 533
471 493
510 557
493 523
589 592
477 588
80 506
283 512
585 589
494 498
196 569
226 368
32 569
68 532
50 507
334 500
335 494
466 545
52 410
342 487
284 420
12 573
545 557
66 325
107 592
201 525
351 501
417 537
438 588
510 585
102 473
109 543
296 399
405 596
324 516
588 595
112 412
310 595
404 554
132 343
522 532
46 532
369 585
432 482
52 537
72 365
404 578
477 479
193 581
487 554
497 558
21 557
246 596
237 548
520 585
558 588
136 232
12 554
141 511
58 303
370 589
62 526
393 514
66 232
467 519
363 438
381 502
239 349
131 582
484 574
89 541
515 578
10 595
500 525
167 466
225 335
172 466
77 545
95 459
69 593
421 468
426 468
483 541
12 585
241 467
209 448
198 596
513 520
152 491
