104 441
124 511
425 438
504 526
219 552
421 477
116 455
118 541
416 456
441 542
469 547
296 338
164 425
419 502
153 211
511 564
493 564
22 366
423 544
192 207
168 360
26 401
354 505
565 594
4 328
83 337
377 569
229 568
213 419
484 586
544 561
195 307
490 538
551 587
205 395
372 396
484 495
122 291
213 584
22 166
495 562
551 576
532 534
239 569
457 546
496 579
49 469
247 592
340 547
398 594
534 592
3 565
115 344
299 510
12 396
409 482
250 569
307 511
11 349
217 576
398 597
236 333
225 495
244 570
525 579
255 410
227 230
209 535
355 496
194 485
215 423
274 534
4 553
542 596
298 576
48 502
241 411
165 546
370 564
336 433
429 493
287 558
150 457
321 444
53 472
218 223
405 427
140 323
105 551
52 493
287 508
508 562
309 506
171 546
546 554
375 436
195 511
268 415
204 375
391 483
344 391
396 576
292 561
562 573
154 574
330 572
19 478
9 398
333 509
542 574
192 478
89 220
370 441
26 567
436 572
377 458
237 568
483 584
433 505
234 506
17 250
517 535
166 421
315 416
27 532
137 238
289 443
502 508
223 296
421 586
148 553
330 436
276 584
360 388
12 565
513 547
309 469
132 562
336 584
338 433
505 539
310 592
150 567
233 328
426 592
349 458
117 483
409 576
229 538
417 554
239 495
3 485
271 544
145 321
168 563
504 513
191 547
563 586
317 564
175 586
52 157
344 590
204 573
558 596
230 517
60 535
539 562
338 410
32 48
571 584
163 551
473 597
245 564
466 502
490 551
116 330
133 495
377 495
475 509
264 535
267 457
216 357
35 574
157 570
391 567
195 462
276 472
304 412
421 476
233 411
508 523
102 183
229 565
458 489
149 563
441 541
538 568
30 585
225 457
303 453
421 453
281 504
230 480
449 465
46 568
237 519
185 335
264 517
417 566
416 570
91 565
349 351
5 493
563 569
417 423
436 581
401 557
126 510
437 594
594 596
443 541
44 130
209 264
244 474
504 541
527 596
509 565
168 504
314 379
30 87
34 449
258 281
170 407
137 403
218 443
169 213
370 504
23 221
225 475
119 258
320 327
17 409
382 517
366 425
226 442
511 549
590 594
153 538
233 287
215 411
54 320
319 425
122 288
512 563
346 457
163 181
495 573
295 432
207 562
426 545
194 517
140 457
551 579
81 554
560 585
288 427
146 508
2 409
520 539
262 558
14 191
170 409
137 413
122 299
156 513
59 310
429 525
526 592
303 579
323 503
42 405
421 564
48 505
449 586
283 456
216 416
143 433
510 545
330 510
541 585
30 541
416 492
34 576
94 336
336 526
411 547
145 198
115 551
315 364
134 309
375 596
410 584
234 372
89 596
219 517
44 424
354 410
160 538
307 455
481 517
139 526
90 307
164 542
238 438
370 397
102 395
393 578
366 474
166 215
443 574
83 535
389 572
526 546
194 219
288 321
569 586
164 508
330 523
403 445
213 478
289 584
130 303
95 592
459 534
478 502
210 221
496 529
133 415
323 576
382 552
558 559
227 349
282 295
284 538
419 537
39 367
276 547
247 567
215 436
417 485
289 424
548 570
361 525
54 568
255 338
532 579
526 556
68 396
343 538
419 433
344 539
420 526
98 493
545 554
318 483
176 574
356 591
414 477
181 510
205 456
211 587
530 586
241 572
475 565
405 444
478 514
50 496
13 561
362 564
170 476
480 535
368 477
245 484
394 474
53 562
292 544
421 585
226 541
150 578
561 572
375 561
19 495
78 597
513 546
132 563
22 438
480 558
546 564
52 362
163 563
220 544
80 472
14 592
415 455
205 506
449 569
438 581
370 592
482 492
388 424
133 508
134 506
303 401
558 594
407 553
449 562
160 587
162 351
119 288
191 546
393 511
372 419
234 332
289 356
241 472
558 597
134 396
299 335
459 584
480 563
481 496
211 219
245 504
321 354
286 538
565 581
16 526
505 581
513 526
570 585
458 495
29 484
411 482
534 546
206 421
353 509
426 477
49 431
116 449
80 157
151 388
346 509
436 481
132 429
76 565
519 558
186 526
10 586
157 340
233 553
337 493
417 565
544 572
291 576
44 453
231 490
146 574
552 581
223 572
167 355
289 539
151 410
360 570
418 551
332 558
596 597
360 585
551 581
239 562
171 377
288 405
112 574
171 592
426 558
75 554
186 539
351 423
338 478
363 490
239 281
154 508
438 481
504 563
148 513
476 553
151 532
469 492
552 570
19 565
493 534
154 340
193 506
287 570
298 346
11 594
391 502
411 476
343 437
119 594
140 335
192 459
77 534
29 573
16 483
163 485
237 587
151 554
166 438
356 459
477 585
132 495
360 541
395 436
243 405
267 299
140 576
220 310
427 456
343 354
217 455
455 581
449 495
340 362
395 561
184 219
171 480
118 594
356 505
307 544
455 578
296 388
245 597
391 474
76 178
353 454
448 510
415 554
148 556
257 310
258 444
167 346
558 574
209 480
160 551
456 509
184 535
134 239
118 597
211 373
546 570
33 597
398 574
0 564
332 377
80 482
538 579
212 295
175 456
343 481
554 579
298 546
353 565
297 587
17 241
186 213
506 547
131 307
332 542
296 540
410 524
12 456
443 594
102 318
247 393
360 382
323 457
143 553
9 423
513 570
444 532
279 597
567 571
94 294
295 483
538 597
298 299
151 321
244 360
206 371
117 481
337 542
267 477
271 295
477 526
481 587
211 213
139 592
71 449
55 395
573 586
207 586
10 280
85 511
484 569
86 349
425 474
377 484
178 280
237 538
327 487
348 547
551 568
104 294
52 465
362 553
224 480
295 512
150 269
62 564
410 502
53 484
544 552
286 539
436 537
218 596
349 425
424 459
519 571
171 227
445 459
94 505
476 487
349 474
439 519
190 411
214 269
153 480
193 444
244 470
76 575
3 333
139 583
176 459
564 570
216 285
197 453
268 417
418 530
401 554
274 590
25 538
299 407
429 551
71 573
19 427
366 413
139 293
219 595
419 584
30 509
181 554
244 292
490 542
422 458
561 578
191 283
255 483
552 582
112 568
2 571
153 535
246 313
531 592
294 564
423 581
191 505
148 314
534 564
133 554
432 546
42 596
303 556
553 571
493 547
6 513
318 328
3 561
205 234
281 288
250 458
162 485
366 438
244 567
208 363
216 475
250 573
234 546
176 503
269 337
568 579
53 458
353 416
504 564
433 584
322 509
68 572
199 346
186 502
80 567
307 448
309 492
456 475
253 287
399 544
223 443
170 398
225 371
243 281
298 347
463 519
269 330
418 561
291 376
495 589
382 572
482 571
525 576
255 584
493 526
194 480
247 547
441 483
253 531
435 474
206 513
160 286
572 581
150 535
234 396
363 579
94 433
333 456
431 506
112 229
314 407
48 130
102 542
310 587
226 526
237 579
258 532
363 568
101 426
229 587
437 542
413 474
237 321
112 363
267 291
231 569
89 506
218 542
134 431
337 561
433 453
574 596
268 401
340 585
224 535
245 596
12 475
562 563
274 343
146 519
73 573
438 585
481 490
26 573
137 425
576 579
496 568
90 506
73 597
282 318
230 535
276 570
481 568
541 573
77 562
538 587
227 413
391 459
253 492
327 570
236 576
419 567
393 541
455 552
328 586
166 227
343 568
490 579
372 469
197 344
255 539
336 569
105 327
313 581
343 576
490 571
118 519
287 597
59 538
225 323
310 568
245 375
377 492
388 532
30 570
124 388
314 476
505 564
307 525
119 304
206 474
207 377
407 476
209 573
9 552
355 576
34 544
291 457
130 492
167 508
54 493
318 438
458 573
10 584
105 596
313 391
367 572
320 421
146 596
437 558
502 539
146 176
443 542
426 570
218 558
211 517
231 484
218 356
282 367
294 565
243 261
280 424
156 267
304 388
71 562
519 542
496 576
483 573
124 594
71 410
220 445
243 443
10 303
299 576
351 417
354 391
133 457
320 539
217 579
145 388
176 542
11 425
436 455
44 541
227 474
233 492
569 573
367 592
193 504
267 484
130 459
167 519
459 541
556 568
405 553
415 510
568 587
332 597
150 418
207 525
408 584
163 510
401 415
365 433
423 511
427 565
360 421
288 444
481 538
122 457
375 418
429 496
274 472
77 271
26 585
170 281
86 413
16 584
456 565
550 576
475 592
480 517
281 596
302 547
122 464
214 330
416 509
162 292
195 395
298 477
7 552
485 510
140 578
569 592
458 586
558 562
286 490
73 562
574 594
209 517
215 555
362 592
437 541
22 238
296 553
189 513
424 483
354 563
562 569
115 483
276 582
192 419
459 478
574 597
170 464
336 419
33 594
505 525
455 572
478 487
23 583
408 565
82 586
438 474
226 513
153 231
318 572
138 398
284 417
525 530
415 532
83 211
127 239
145 532
457 503
458 463
276 572
282 561
453 478
164 202
314 571
78 446
244 501
176 552
487 563
271 582
401 483
226 536
261 444
335 591
286 588
415 541
236 571
138 597
347 585
477 570
59 67
315 445
363 447
538 584
261 532
245 549
292 554
443 596
33 334
105 519
363 551
508 594
442 535
445 554
506 552
571 574
386 411
562 586
367 511
336 353
101 175
448 453
154 542
33 138
233 562
237 543
236 553
148 571
313 362
519 596
516 538
95 534
335 457
256 320
413 438
490 587
475 504
116 510
337 511
124 398
287 596
281 321
318 389
563 599
438 441
420 455
258 595
315 543
505 586
117 567
194 230
458 563
476 585
186 514
280 451
105 594
508 519
349 465
355 579
101 400
338 505
431 469
236 472
221 428
534 585
14 86
437 597
367 418
166 582
351 590
423 550
544 568
89 384
180 444
454 567
377 586
508 542
293 332
7 356
528 576
327 534
405 532
137 366
563 573
251 335
509 576
4 23
291 581
75 561
78 542
234 431
2 569
58 145
524 572
409 553
416 475
416 565
513 534
174 571
124 596
162 377
436 498
17 586
366 429
80 571
255 490
221 241
215 407
441 564
315 485
304 444
2 482
333 475
409 571
34 581
156 541
268 570
411 472
216 565
241 492
539 584
372 526
340 567
16 336
217 587
291 493
443 573
239 586
49 506
216 427
90 396
27 405
192 596
453 505
295 458
23 140
23 571
156 505
581 584
328 472
151 296
231 517
472 482
547 585
453 539
184 517
356 502
492 553
219 483
340 511
532 576
328 553
426 513
354 424
165 320
541 592
194 496
429 481
221 553
391 478
286 579
453 525
165 504
197 354
215 472
327 585
167 597
542 547
355 490
314 561
323 335
132 367
353 475
280 410
267 346
101 585
372 506
362 426
457 502
167 594
541 546
356 483
253 314
221 571
280 370
509 513
78 558
209 333
309 431
26 477
138 594
416 427
508 596
76 509
95 547
333 565
193 469
16 426
83 224
449 573
294 541
344 505
367 393
247 274
484 573
579 584
525 572
476 492
236 492
444 558
502 573
304 532
398 534
271 337
220 562
77 546
14 493
421 469
280 502
320 547
372 431
90 469
441 534
22 592
4 59
429 579
86 474
476 482
204 561
332 433
409 597
75 401
223 594
225 346
243 304
29 586
156 547
78 482
525 551
213 298
231 586
292 372
204 552
315 535
154 484
157 526
437 596
206 585
298 413
482 539
303 539
355 587
427 509
351 545
48 235
393 544
156 561
418 552
403 415
205 396
496 587
206 592
49 522
265 597
165 441
407 492
363 496
327 526
294 477
351 558
124 597
54 509
130 546
353 427
426 547
153 361
559 561
181 315
120 355
327 445
168 484
115 424
186 338
479 587
340 546
437 574
534 595
385 552
406 551
319 574
344 426
291 335
368 587
207 569
108 517
366 437
225 576
445 485
193 372
525 587
250 568
223 558
289 553
363 494
437 519
205 224
472 561
271 542
146 155
206 570
544 581
504 567
17 571
14 535
19 456
479 552
64 175
210 271
445 510
469 488
73 458
510 554
171 504
45 585
269 502
217 496
164 540
292 486
95 499
248 282
84 573
59 322
495 590
192 289
33 217
71 204
351 401
250 586
145 475
309 519
370 567
204 578
10 49
428 480
159 592
589 592
224 517
27 261
393 581
44 90
133 401
375 552
450 567
272 597
184 407
476 571
469 506
292 389
333 342
478 507
253 553
436 564
323 583
195 282
231 573
427 549
238 474
268 584
126 417
220 491
4 431
7 455
399 425
264 334
102 152
11 238
197 353
73 569
459 464
132 586
315 417
387 409
5 415
356 485
202 597
139 441
249 534
253 571
54 564
588 596
115 518
449 484
286 587
143 551
243 532
160 571
395 554
419 522
117 584
477 592
313 567
413 425
252 572
301 478
343 551
330 552
332 398
337 544
508 597
3 509
538 551
76 333
64 423
104 585
230 455
110 338
475 492
493 592
403 485
207 358
413 558
175 563
466 517
184 355
202 437
388 405
423 572
63 94
138 470
121 195
396 469
424 449
579 587
493 585
313 360
335 346
407 434
193 309
8 425
445 545
444 559
269 318
328 411
226 294
429 568
238 524
519 574
212 431
330 581
332 443
27 431
264 480
375 503
40 562
295 572
77 585
445 570
