0 175
0 235
0 475
0 561
0 569
1 285
1 332
1 356
1 524
1 576
2 42
2 205
2 386
2 394
2 512
3 43
3 208
3 294
3 357
3 585
4 82
4 85
4 155
4 415
4 544
5 45
5 195
5 306
5 423
5 514
6 349
6 428
6 553
6 567
6 577
7 39
7 430
7 518
7 563
7 571
8 182
8 527
8 570
8 573
8 599
9 64
9 215
9 520
9 562
9 572
10 440
10 468
10 474
10 483
10 595
11 240
11 339
11 553
11 561
11 562
12 369
12 554
12 573
12 585
12 597
13 308
13 440
13 470
13 516
13 537
14 313
14 383
14 439
14 508
14 592
15 284
15 371
15 514
15 545
15 557
16 215
16 342
16 432
16 573
16 585
17 153
17 403
17 470
17 525
17 535
18 220
18 301
18 523
18 559
18 582
19 24
19 99
19 391
19 591
19 597
20 222
20 402
20 449
20 481
20 482
21 175
21 322
21 510
21 545
21 557
22 331
22 514
22 529
22 572
22 575
23 248
23 422
23 451
23 496
23 560
24 19
24 34
24 153
24 373
24 472
25 194
25 303
25 539
25 547
25 587
26 355
26 357
26 420
26 499
26 511
27 407
27 412
27 413
27 480
27 489
28 246
28 261
28 549
28 565
28 580
29 236
29 307
29 474
29 560
29 571
30 497
30 558
30 578
30 587
30 588
31 531
31 545
31 564
31 572
31 575
32 66
32 334
32 500
32 553
32 569
33 100
33 259
33 333
33 540
33 554
34 24
34 97
34 408
34 562
34 591
35 279
35 289
35 486
35 531
35 536
36 364
36 403
36 408
36 476
36 524
37 223
37 275
37 379
37 470
37 491
38 149
38 447
38 467
38 519
38 551
39 7
39 143
39 352
39 464
39 598
40 438
40 477
40 483
40 570
40 585
41 43
41 204
41 404
41 442
41 593
42 2
42 71
42 563
42 580
42 590
43 3
43 41
43 333
43 432
43 535
44 72
44 242
44 458
44 499
44 527
45 5
45 246
45 343
45 591
45 593
46 195
46 326
46 411
46 436
46 532
47 125
47 440
47 577
47 583
47 596
48 292
48 514
48 520
48 545
48 557
49 198
49 249
49 290
49 464
49 518
50 339
50 507
50 559
50 579
50 582
51 255
51 332
51 358
51 510
51 562
52 410
52 425
52 537
52 569
52 589
53 382
53 464
53 557
53 597
53 598
54 160
54 235
54 457
54 475
54 541
55 462
55 535
55 537
55 564
55 572
56 350
56 488
56 508
56 568
56 581
57 308
57 428
57 444
57 483
57 553
58 71
58 89
58 303
58 424
58 449
59 107
59 416
59 452
59 526
59 582
60 527
60 568
60 577
60 580
60 597
61 498
61 529
61 554
61 583
61 596
62 427
62 504
62 526
62 530
62 548
63 426
63 541
63 553
63 558
63 587
64 9
64 391
64 438
64 496
64 517
65 146
65 191
65 265
65 315
65 469
66 32
66 89
66 232
66 325
66 468
67 305
67 316
67 370
67 374
67 420
68 199
68 412
68 460
68 532
68 569
69 455
69 494
69 506
69 564
69 593
70 304
70 555
70 564
70 584
70 594
71 42
71 58
71 232
71 438
71 506
72 44
72 102
72 365
72 512
72 581
73 282
73 380
73 432
73 538
73 585
74 158
74 360
74 362
74 503
74 566
75 207
75 353
75 373
75 520
75 578
76 176
76 434
76 438
76 544
76 571
77 178
77 369
77 514
77 545
77 557
78 170
78 210
78 368
78 451
78 517
79 343
79 449
79 504
79 530
79 545
80 98
80 284
80 347
80 374
80 506
81 195
81 292
81 325
81 454
81 468
82 4
82 129
82 156
82 422
82 503
83 183
83 273
83 456
83 463
83 552
84 208
84 354
84 445
84 472
84 583
85 4
85 104
85 298
85 518
85 560
86 491
86 493
86 559
86 576
86 582
87 151
87 313
87 327
87 406
87 593
88 157
88 212
88 430
88 565
88 578
89 58
89 66
89 483
89 541
89 550
90 322
90 431
90 445
90 574
90 588
91 283
91 425
91 500
91 556
91 569
92 94
92 144
92 271
92 387
92 489
93 151
93 406
93 460
93 552
93 594
94 92
94 149
94 267
94 451
94 531
95 452
95 459
95 515
95 526
95 581
96 386
96 395
96 397
96 476
96 503
97 34
97 168
97 207
97 519
97 578
98 80
98 526
98 560
98 565
98 570
99 19
99 465
99 508
99 566
99 577
100 33
100 124
100 408
100 414
100 430
101 300
101 520
101 526
101 529
101 532
102 72
102 164
102 400
102 466
102 473
103 224
103 334
103 344
103 446
103 572
104 85
104 150
104 163
104 273
104 474
105 504
105 524
105 542
105 573
105 585
106 169
106 512
106 523
106 559
106 582
107 59
107 545
107 586
107 592
107 595
108 177
108 349
108 440
108 502
108 541
109 241
109 300
109 541
109 543
109 578
110 174
110 323
110 412
110 537
110 564
111 297
111 493
111 507
111 550
111 582
112 412
112 434
112 443
112 541
112 553
113 377
113 401
113 408
113 591
113 598
114 193
114 283
114 469
114 507
114 581
115 203
115 255
115 408
115 592
115 598
116 224
116 307
116 397
116 458
116 552
117 134
117 317
117 318
117 561
117 572
118 202
118 335
118 409
118 524
118 599
119 165
119 539
119 566
119 587
119 590
120 410
120 423
120 558
120 588
120 592
121 270
121 428
121 478
121 521
121 580
122 331
122 407
122 415
122 592
122 595
123 126
123 275
123 358
123 422
123 530
124 100
124 212
124 257
124 341
124 591
125 47
125 281
125 372
125 499
125 561
126 123
126 383
126 464
126 591
126 592
127 465
127 505
127 517
127 558
127 584
127 594
128 329
128 395
128 531
128 563
128 572
128 575
129 82
129 254
129 294
129 300
129 516
129 560
130 154
130 352
130 385
130 460
130 523
130 598
131 450
131 506
131 507
131 523
131 559
131 582
132 156
132 343
132 420
132 470
132 516
132 537
133 156
133 279
133 295
133 314
133 317
133 575
134 117
134 167
134 283
134 482
134 577
134 593
135 181
135 322
135 382
135 435
135 456
135 568
136 232
136 247
136 355
136 494
136 506
136 539
137 311
137 336
137 385
137 488
137 508
137 551
138 180
138 402
138 421
138 454
138 541
138 591
139 200
139 401
139 515
139 518
139 564
139 584
140 196
140 253
140 392
140 410
140 546
140 569
141 146
141 276
141 312
141 381
141 482
141 511
142 180
142 367
142 434
142 468
142 541
142 578
143 39
143 181
143 194
143 551
143 562
143 567
144 92
144 296
144 458
144 546
144 561
144 576
145 193
145 291
145 405
145 514
145 545
145 557
146 65
146 141
146 233
146 329
146 369
146 424
147 293
147 449
147 480
147 516
147 552
147 564
148 345
148 476
148 488
148 495
148 504
148 535
149 38
149 94
149 502
149 578
149 581
149 596
150 104
150 205
150 213
150 486
150 517
150 528
151 87
151 93
151 184
151 200
151 396
151 554
152 163
152 287
152 335
152 336
152 378
152 491
153 17
153 24
153 230
153 250
153 480
153 521
154 130
154 312
154 352
154 400
154 495
154 598
155 4
155 278
155 294
155 358
155 422
155 507
156 82
156 132
156 133
156 369
156 535
156 564
157 88
157 168
157 455
157 543
157 583
157 596
158 74
158 313
158 496
158 539
158 571
158 577
159 172
159 216
159 271
159 309
159 480
159 520
160 54
160 203
160 241
160 257
160 272
160 594
161 422
161 429
161 453
161 556
161 565
161 576
162 375
162 400
162 460
162 532
162 564
162 573
163 104
163 152
163 201
163 472
163 513
163 556
164 102
164 465
164 537
164 563
164 571
164 587
165 119
165 351
165 512
165 535
165 574
165 592
166 187
166 309
166 404
166 502
166 543
166 596
167 134
167 212
167 251
167 399
167 457
167 466
168 97
168 157
168 219
168 536
168 543
168 575
169 106
169 274
169 347
169 563
169 576
169 587
170 78
170 237
170 467
170 486
170 496
170 528
171 490
171 498
171 503
171 515
171 522
171 596
172 159
172 289
172 458
172 466
172 470
172 578
173 334
173 354
173 455
173 500
173 565
173 569
174 110
174 369
174 515
174 542
174 573
174 593
175 0
175 21
175 257
175 465
175 518
175 572
176 76
176 475
176 485
176 580
176 597
176 598
177 108
177 281
177 551
177 553
177 577
177 590
178 77
178 498
178 522
178 540
178 554
178 596
179 267
179 344
179 451
179 489
179 555
179 586
180 138
180 142
180 182
180 325
180 553
180 566
181 135
181 143
181 190
181 216
181 275
181 563
182 8
182 180
182 253
182 434
182 442
182 482
183 83
183 415
183 521
183 576
183 588
183 592
184 151
184 301
184 308
184 540
184 581
184 594
185 227
185 314
185 436
185 460
185 532
185 586
186 197
186 431
186 517
186 527
186 562
186 592
187 166
187 310
187 484
187 552
187 588
187 592
188 231
188 451
188 486
188 496
188 534
188 555
189 225
189 277
189 574
189 585
189 588
189 595
190 181
190 218
190 473
190 567
190 580
190 587
191 65
191 232
191 475
191 482
191 513
191 583
192 288
192 330
192 359
192 416
192 464
192 495
193 114
193 145
193 487
193 512
193 515
193 581
194 25
194 143
194 210
194 357
194 563
194 570
195 5
195 46
195 81
195 324
195 434
195 533
196 140
196 326
196 498
196 500
196 538
196 569
197 186
197 283
197 348
197 476
197 527
197 579
198 49
198 318
198 433
198 538
198 540
198 596
199 68
199 389
199 477
199 521
199 549
199 574
200 139
200 151
200 205
200 465
200 469
200 555
201 163
201 225
201 395
201 423
201 456
201 525
202 118
202 356
202 403
202 524
202 552
202 574
203 115
203 160
203 288
203 414
203 533
203 591
204 41
204 318
204 424
204 491
204 532
204 597
205 2
205 150
205 200
205 228
205 490
205 568
206 381
206 492
206 567
206 568
206 571
206 587
207 75
207 97
207 209
207 263
207 408
207 597
208 3
208 84
208 270
208 484
208 485
208 565
209 207
209 448
209 502
209 525
209 569
209 583
210 78
210 194
210 274
210 523
210 567
210 591
211 263
211 286
211 318
211 427
211 443
211 509
212 88
212 124
212 167
212 297
212 554
212 567
213 150
213 233
213 468
213 555
213 597
213 598
214 478
214 505
214 547
214 574
214 575
214 592
215 9
215 16
215 260
215 376
215 420
215 520
216 159
216 181
216 398
216 471
216 498
216 554
217 306
217 461
217 475
217 545
217 557
217 584
217 594
218 190
218 299
218 329
218 446
218 572
218 575
218 580
219 168
219 396
219 488
219 524
219 566
219 568
219 599
220 18
220 271
220 307
220 323
220 359
220 527
220 562
221 266
221 345
221 349
221 392
221 476
221 560
221 589
222 20
222 304
222 444
222 478
222 518
222 575
222 584
223 37
223 365
223 467
223 504
223 533
223 548
223 589
224 103
224 116
224 309
224 427
224 435
224 538
224 552
225 189
225 201
225 335
225 368
225 484
225 550
225 558
226 298
226 368
226 479
226 484
226 497
226 586
226 599
227 185
227 411
227 436
227 491
227 492
227 532
227 595
228 205
228 340
228 394
228 396
228 428
228 430
228 545
229 339
229 376
229 546
229 557
229 560
229 561
229 579
230 153
230 296
230 400
230 452
230 503
230 545
230 557
231 188
231 232
231 236
231 308
231 461
231 505
231 584
232 66
232 71
232 136
232 191
232 231
232 438
232 570
233 146
233 213
233 424
233 442
233 469
233 481
233 547
234 317
234 422
234 445
234 511
234 539
234 560
234 579
235 0
235 54
235 272
235 467
235 501
235 579
235 594
236 29
236 231
236 248
236 275
236 422
236 474
236 589
237 170
237 416
237 452
237 493
237 548
237 559
237 582
238 247
238 322
238 375
238 456
238 552
238 559
238 581
239 265
239 349
239 421
239 433
239 434
239 440
239 569
240 11
240 249
240 441
240 470
240 504
240 533
240 593
241 109
241 160
241 467
241 536
241 548
241 580
241 583
242 44
242 284
242 350
242 413
242 439
242 566
242 599
243 245
243 316
243 412
243 424
243 438
243 534
243 573
244 342
244 476
244 521
244 523
244 544
244 547
244 571
245 243
245 326
245 425
245 462
245 500
245 549
245 569
246 28
246 45
246 264
246 409
246 574
246 578
246 596
247 136
247 238
247 261
247 307
247 456
247 552
247 597
248 23
248 236
248 278
248 294
248 392
248 543
248 599
249 49
249 240
249 265
249 295
249 417
249 533
249 589
250 153
250 340
250 487
250 507
250 549
250 564
250 587
251 167
251 296
251 396
251 442
251 557
251 561
251 593
252 257
252 272
252 343
252 345
252 454
252 504
252 556
253 140
253 182
253 260
253 333
253 375
253 530
253 570
254 129
254 312
254 329
254 358
254 504
254 560
254 593
255 51
255 115
255 323
255 376
255 425
255 454
255 493
256 316
256 341
256 414
256 495
256 567
256 591
256 597
257 124
257 160
257 175
257 252
257 465
257 468
257 518
258 292
258 336
258 345
258 413
258 448
258 489
258 517
259 33
259 459
259 487
259 540
259 554
259 559
259 584
260 215
260 253
260 370
260 457
260 525
260 570
260 573
261 28
261 247
261 315
261 348
261 550
261 576
261 592
262 293
262 443
262 531
262 568
262 569
262 572
262 575
263 207
263 211
263 286
263 305
263 360
263 372
263 471
264 246
264 386
264 418
264 423
264 455
264 493
264 556
265 65
265 239
265 249
265 283
265 512
265 515
265 581
266 221
266 392
266 423
266 520
266 525
266 531
266 553
267 94
267 179
267 366
267 486
267 496
267 569
267 584
268 389
268 399
268 503
268 511
268 524
268 582
268 593
269 362
269 372
269 388
269 419
269 443
269 460
269 586
270 121
270 208
270 368
270 465
270 544
270 547
270 565
271 92
271 159
271 220
271 295
271 337
271 346
271 380
272 160
272 235
272 252
272 371
272 406
272 451
272 593
273 83
273 104
273 379
273 445
273 474
273 560
273 580
274 169
274 210
274 358
274 485
274 494
274 570
274 587
275 37
275 123
275 181
275 236
275 278
275 393
275 540
276 141
276 473
276 502
276 512
276 515
276 542
276 581
277 189
277 324
277 325
277 327
277 338
277 428
277 483
278 155
278 248
278 275
278 370
278 457
278 505
278 560
279 35
279 133
279 455
279 500
279 526
279 572
279 575
280 282
280 294
280 384
280 392
280 437
280 535
280 548
281 125
281 177
281 311
281 539
281 544
281 568
281 599
282 73
282 280
282 472
282 526
282 538
282 570
282 593
283 91
283 114
283 134
283 197
283 265
283 473
283 512
283 581
284 15
284 80
284 242
284 357
284 418
284 420
284 519
284 542
285 1
285 337
285 356
285 364
285 376
285 384
285 524
285 556
286 211
286 263
286 360
286 380
286 388
286 509
286 576
286 596
287 152
287 290
287 351
287 456
287 540
287 574
287 592
287 595
288 192
288 203
288 340
288 354
288 359
288 400
288 550
288 597
289 35
289 172
289 293
289 295
289 299
289 396
289 572
289 590
290 49
290 287
290 306
290 332
290 384
290 387
290 395
290 495
291 145
291 397
291 457
291 467
291 479
291 538
291 578
291 583
292 48
292 81
292 258
292 359
292 387
292 517
292 528
292 555
293 147
293 262
293 289
293 344
293 356
293 531
293 549
293 572
294 3
294 129
294 155
294 248
294 280
294 474
294 500
294 560
295 133
295 249
295 271
295 289
295 331
295 446
295 522
295 575
296 144
296 230
296 251
296 399
296 433
296 491
296 508
296 586
297 111
297 212
297 298
297 346
297 520
297 557
297 565
297 587
298 85
298 226
298 297
298 494
298 521
298 549
298 563
298 595
299 218
299 289
299 306
299 444
299 446
299 477
299 531
299 572
300 101
300 109
300 129
300 409
300 506
300 534
300 538
300 542
301 18
301 184
301 421
301 427
301 460
301 463
301 573
301 594
302 321
302 368
302 449
302 477
302 487
302 511
302 513
302 593
303 25
303 58
303 332
303 372
303 399
303 481
303 513
303 593
304 70
304 222
304 308
304 456
304 461
304 478
304 510
304 574
305 67
305 263
305 306
305 345
305 437
305 476
305 499
305 531
306 5
306 217
306 290
306 299
306 305
306 437
306 530
306 567
307 29
307 116
307 220
307 247
307 435
307 463
307 552
307 578
308 13
308 57
308 184
308 231
308 304
308 502
308 577
308 584
309 159
309 166
309 224
309 520
309 526
309 561
309 573
309 585
310 187
310 315
310 319
310 342
310 447
310 550
310 579
310 595
311 137
311 281
311 315
311 488
311 536
311 538
311 577
311 590
312 141
312 154
312 254
312 317
312 385
312 482
312 484
312 593
313 14
313 87
313 158
313 341
313 539
313 561
313 566
313 577
314 133
314 185
314 316
314 331
314 522
314 531
314 572
314 575
315 65
315 261
315 310
315 311
315 415
315 479
315 570
315 576
316 67
316 243
316 256
316 314
316 370
316 420
316 495
316 599
317 117
317 133
317 234
317 312
317 398
317 469
317 511
317 593
318 117
318 198
318 204
318 211
318 449
318 469
318 471
318 551
319 310
319 448
319 519
319 526
319 543
319 571
319 578
319 583
320 324
320 347
320 349
320 421
320 464
320 467
320 468
320 553
321 302
321 405
321 466
321 483
321 514
321 545
321 557
321 599
322 21
322 90
322 135
322 238
322 393
322 427
322 435
322 552
323 110
323 220
323 255
323 499
323 572
323 579
323 584
323 594
324 195
324 277
324 320
324 421
324 483
324 485
324 516
324 535
325 66
325 81
325 180
325 277
325 340
325 440
325 478
325 501
326 46
326 196
326 245
326 425
326 482
326 500
326 514
326 569
327 87
327 277
327 363
327 371
327 475
327 505
327 581
327 584
328 393
328 417
328 518
328 535
328 537
328 564
328 591
328 594
329 128
329 146
329 218
329 254
329 331
329 446
329 450
329 531
330 192
330 383
330 400
330 449
330 498
330 587
330 591
330 597
331 22
331 122
331 295
331 314
331 329
331 344
331 505
331 521
332 1
332 51
332 290
332 303
332 508
332 511
332 534
332 593
333 33
333 43
333 253
333 370
333 420
333 442
333 483
333 542
334 32
334 103
334 173
334 353
334 455
334 500
334 542
334 569
335 118
335 152
335 225
335 361
335 378
335 442
335 494
335 511
336 137
336 152
336 258
336 447
336 484
336 489
336 528
336 555
337 271
337 285
337 356
337 372
337 403
337 409
337 524
337 589
338 277
338 345
338 525
338 530
338 546
338 556
338 571
338 589
338 593
339 11
339 50
339 229
339 376
339 387
339 450
339 546
339 556
339 568
340 228
340 250
340 288
340 325
340 402
340 429
340 479
340 490
340 568
341 124
341 256
341 313
341 408
341 414
341 464
341 530
341 595
341 598
342 16
342 244
342 310
342 369
342 398
342 487
342 498
342 522
342 540
343 45
343 79
343 132
343 252
343 525
343 533
343 538
343 583
343 589
344 103
344 179
344 293
344 331
344 509
344 531
344 539
344 572
344 575
345 148
345 221
345 252
345 258
345 305
345 338
345 357
345 533
345 586
346 271
346 297
346 430
346 499
346 514
346 558
346 563
346 567
346 571
347 80
347 169
347 320
347 485
347 519
347 547
347 563
347 567
347 588
348 197
348 261
348 440
348 451
348 472
348 527
348 546
348 562
348 584
349 6
349 108
349 221
349 239
349 320
349 468
349 483
349 549
349 573
350 56
350 242
350 380
350 399
350 401
350 445
350 561
350 576
350 579
351 165
351 287
351 395
351 422
351 492
351 501
351 550
351 558
351 574
352 39
352 130
352 154
352 359
352 383
352 509
352 533
352 577
352 591
353 75
353 334
353 383
353 385
353 400
353 588
353 591
353 594
353 597
354 84
354 173
354 288
354 361
354 445
354 458
354 562
354 579
354 582
355 26
355 136
355 418
355 432
355 441
355 462
355 496
355 538
355 546
356 1
356 202
356 285
356 293
356 337
356 403
356 469
356 524
356 582
357 3
357 26
357 194
357 284
357 345
357 390
357 505
357 534
357 586
358 51
358 123
358 155
358 254
358 274
358 379
358 474
358 568
358 577
359 192
359 220
359 288
359 292
359 352
359 385
359 414
359 439
359 597
360 74
360 263
360 286
360 388
360 403
360 419
360 443
360 529
360 542
361 335
361 354
361 366
361 378
361 406
361 449
361 481
361 513
361 529
362 74
362 269
362 388
362 439
362 443
362 503
362 509
362 546
362 560
363 327
363 378
363 438
363 453
363 471
363 487
363 522
363 540
363 554
364 36
364 285
364 409
364 418
364 444
364 471
364 524
364 540
364 590
365 72
365 223
365 374
365 459
365 473
365 482
365 512
365 519
365 581
366 267
366 361
366 485
366 496
366 499
366 517
366 528
366 555
366 573
367 142
367 389
367 397
367 425
367 479
367 551
367 558
367 588
367 595
368 78
368 225
368 226
368 270
368 302
368 480
368 576
368 586
368 595
369 12
369 77
369 146
369 156
369 174
369 342
369 370
369 538
369 585
370 67
370 260
370 278
370 316
370 333
370 369
370 510
370 555
370 589
371 15
371 272
371 327
371 382
371 478
371 484
371 566
371 594
371 599
372 125
372 263
372 269
372 303
372 337
372 419
372 443
372 496
372 503
373 24
373 75
373 414
373 444
373 559
373 583
373 589
373 591
373 598
374 67
374 80
374 365
374 407
374 445
374 459
374 512
374 515
374 581
375 162
375 238
375 253
375 411
375 436
375 460
375 477
375 532
375 590
376 215
376 229
376 255
376 285
376 339
376 405
376 499
376 502
376 561
377 113
377 394
377 395
377 415
377 453
377 495
377 501
377 530
377 589
378 152
378 335
378 361
378 363
378 486
378 511
378 513
378 559
378 597
379 37
379 273
379 358
379 393
379 474
379 505
379 509
379 560
379 589
380 73
380 271
380 286
380 350
380 387
380 462
380 489
380 546
380 561
381 141
381 206
381 404
381 413
381 481
381 502
381 529
381 583
381 596
382 53
382 135
382 371
382 461
382 465
382 524
382 562
382 584
382 594
383 14
383 126
383 330
383 352
383 353
383 395
383 530
383 543
383 597
383 598
384 280
384 285
384 290
384 392
384 423
384 428
384 453
384 454
384 471
384 556
385 130
385 137
385 312
385 353
385 359
385 432
385 464
385 530
385 597
385 598
386 2
386 96
386 264
386 414
386 441
386 452
386 476
386 548
386 563
386 589
387 92
387 290
387 292
387 339
387 380
387 527
387 546
387 550
387 571
387 579
388 269
388 286
388 360
388 362
388 419
388 509
388 518
388 549
388 570
388 581
389 199
389 268
389 367
389 439
389 462
389 539
389 566
389 568
389 584
389 590
390 357
390 450
390 494
390 510
390 524
390 534
390 535
390 538
390 552
390 574
391 19
391 64
391 453
391 489
391 496
391 517
391 528
391 555
391 563
391 588
392 140
392 221
392 248
392 266
392 280
392 384
392 446
392 509
392 565
392 589
393 275
393 322
393 328
393 379
393 407
393 412
393 470
393 514
393 516
393 564
394 2
394 228
394 377
394 398
394 439
394 490
394 493
394 551
394 594
394 599
395 96
395 128
395 201
395 290
395 351
395 377
395 383
395 444
395 495
395 589
396 151
396 219
396 228
396 251
396 289
396 439
396 490
396 557
396 590
396 599
397 96
397 116
397 291
397 367
397 479
397 497
397 520
397 550
397 574
397 595
398 216
398 317
398 342
398 394
398 428
398 487
398 508
398 522
398 540
398 554
399 167
399 268
399 296
399 303
399 350
399 456
399 469
399 580
399 589
399 593
400 102
400 154
400 162
400 230
400 288
400 330
400 353
400 555
400 597
400 598
401 113
401 139
401 350
401 444
401 453
401 454
401 484
401 520
401 524
401 582
402 20
402 138
402 340
402 429
402 446
402 488
402 509
402 539
402 580
402 590
403 17
403 36
403 202
403 337
403 356
403 360
403 409
403 415
403 444
403 511
404 41
404 166
404 381
404 416
404 519
404 536
404 554
404 578
404 586
404 596
405 145
405 321
405 376
405 432
405 510
405 514
405 545
405 551
405 557
405 596
406 87
406 93
406 272
406 361
406 442
406 485
406 505
406 518
406 554
406 584
407 27
407 122
407 374
407 393
407 480
407 490
407 516
407 535
407 564
407 588
408 34
408 36
408 100
408 113
408 115
408 207
408 341
408 409
408 580
408 587
409 118
409 246
409 300
409 337
409 364
409 403
409 408
409 444
409 494
409 524
410 52
410 120
410 140
410 425
410 447
410 455
410 490
410 500
410 501
410 569
411 46
411 227
411 375
411 460
411 477
411 482
411 532
411 565
411 567
411 590
412 27
412 68
412 110
412 112
412 243
412 393
412 487
412 516
412 537
412 564
413 27
413 242
413 258
413 381
413 462
413 488
413 539
413 552
413 580
413 599
414 100
414 203
414 256
414 341
414 359
414 373
414 386
414 436
414 523
414 591
414 597
415 4
415 122
415 183
415 315
415 377
415 403
415 479
415 549
415 558
415 590
415 595
416 59
416 192
416 237
416 404
416 420
416 493
416 507
416 523
416 559
416 573
416 582
417 249
417 328
417 455
417 459
417 470
417 480
417 516
417 537
417 558
417 564
417 580
418 264
418 284
418 355
418 364
418 428
418 438
418 450
418 494
418 506
418 548
418 549
419 269
419 360
419 372
419 388
419 425
419 443
419 503
419 508
419 560
419 567
419 597
420 26
420 67
420 132
420 215
420 284
420 316
420 333
420 416
420 506
420 573
420 581
421 138
421 239
421 301
421 320
421 324
421 468
421 527
421 541
421 543
421 553
421 579
422 23
422 82
422 123
422 155
422 161
422 234
422 236
422 351
422 560
422 573
422 596
423 5
423 120
423 201
423 264
423 266
423 384
423 468
423 501
423 533
423 572
423 578
424 58
424 146
424 204
424 233
424 243
424 432
424 481
424 513
424 522
424 583
424 593
425 52
425 91
425 245
425 255
425 326
425 367
425 410
425 419
425 434
425 456
425 569
426 63
426 434
426 437
426 468
426 491
426 502
426 503
426 513
426 553
426 571
426 585
427 62
427 211
427 224
427 301
427 322
427 434
427 435
427 456
427 463
427 539
427 552
428 6
428 57
428 121
428 228
428 277
428 384
428 398
428 418
428 468
428 541
428 553
429 161
429 340
429 402
429 479
429 508
429 541
429 566
429 568
429 577
429 598
429 599
430 7
430 88
430 100
430 228
430 346
430 533
430 549
430 551
430 561
430 563
430 571
431 90
431 186
431 492
431 527
431 528
431 543
431 550
431 558
431 586
431 588
431 592
432 16
432 43
432 73
432 355
432 385
432 405
432 424
432 433
432 450
432 482
432 585
433 198
433 239
433 296
433 432
433 482
433 491
433 495
433 513
433 525
433 557
433 593
434 76
434 112
434 142
434 182
434 195
434 239
434 425
434 426
434 427
434 440
434 466
435 135
435 224
435 307
435 322
435 427
435 436
435 463
435 475
435 516
435 552
435 558
436 46
436 185
436 227
436 375
436 414
436 435
436 457
436 460
436 480
436 483
436 532
437 280
437 305
437 306
437 426
437 441
437 486
437 530
437 540
437 556
437 567
437 589
438 40
438 64
438 71
438 76
438 232
438 243
438 363
438 418
438 542
438 551
438 588
439 14
439 242
439 359
439 362
439 389
439 394
439 396
439 498
439 528
439 577
439 580
440 10
440 13
440 47
440 108
440 239
440 325
440 348
440 434
440 541
440 553
440 598
441 240
441 355
441 386
441 437
441 476
441 495
441 504
441 508
441 555
441 577
441 594
442 41
442 182
442 233
442 251
442 333
442 335
442 406
442 481
442 511
442 558
442 596
443 112
443 211
443 262
443 269
443 360
443 362
443 372
443 419
443 446
443 451
443 503
443 543
444 57
444 222
444 299
444 364
444 373
444 395
444 401
444 403
444 409
444 450
444 520
444 542
445 84
445 90
445 234
445 273
445 350
445 354
445 374
445 472
445 499
445 500
445 546
445 588
446 103
446 218
446 295
446 299
446 329
446 392
446 402
446 443
446 476
446 572
446 575
446 599
447 38
447 310
447 336
447 410
447 492
447 547
447 550
447 564
447 574
447 586
447 588
447 592
448 209
448 258
448 319
448 467
448 478
448 487
448 529
448 543
448 565
448 578
448 585
448 596
449 20
449 58
449 79
449 147
449 302
449 318
449 330
449 361
449 482
449 491
449 511
449 525
450 131
450 329
450 339
450 390
450 418
450 432
450 444
450 538
450 542
450 570
450 575
450 595
451 23
451 78
451 94
451 179
451 188
451 272
451 348
451 443
451 486
451 489
451 517
451 555
452 59
452 95
452 230
452 237
452 386
452 461
452 493
452 507
452 522
452 523
452 559
452 582
453 161
453 363
453 377
453 384
453 391
453 401
453 501
453 504
453 509
453 548
453 568
453 589
454 81
454 138
454 252
454 255
454 384
454 401
454 472
454 499
454 520
454 562
454 579
454 593
455 69
455 157
455 173
455 264
455 279
455 334
455 410
455 417
455 499
455 519
455 527
455 569
456 83
456 135
456 201
456 238
456 247
456 287
456 304
456 399
456 425
456 427
456 463
456 552
457 54
457 167
457 260
457 278
457 291
457 436
457 519
457 529
457 536
457 578
457 583
457 596
458 44
458 116
458 144
458 172
458 354
458 502
458 527
458 539
458 553
458 562
458 567
458 579
459 95
459 259
459 365
459 374
459 417
459 473
459 512
459 515
459 521
459 548
459 551
459 581
460 68
460 93
460 130
460 162
460 185
460 269
460 301
460 375
460 411
460 436
460 532
460 587
461 217
461 231
461 304
461 382
461 452
461 471
461 478
461 503
461 518
461 567
461 584
461 585
462 55
462 245
462 355
462 380
462 389
462 413
462 506
462 508
462 566
462 577
462 590
462 599
463 83
463 301
463 307
463 427
463 435
463 456
463 497
463 544
463 552
463 570
463 579
463 587
463 591
464 39
464 49
464 53
464 126
464 192
464 320
464 341
464 385
464 465
464 477
464 511
464 550
464 598
465 99
465 127
465 164
465 175
465 200
465 257
465 270
465 382
465 464
465 505
465 518
465 569
465 594
466 102
466 167
466 172
466 321
466 434
466 467
466 473
466 514
466 515
466 545
466 557
466 581
466 596
467 38
467 170
467 223
467 235
467 241
467 291
467 320
467 448
467 466
467 519
467 529
467 536
467 583
468 10
468 66
468 81
468 142
468 213
468 257
468 320
468 349
468 421
468 423
468 426
468 428
468 570
469 65
469 114
469 200
469 233
469 317
469 318
469 356
469 399
469 481
469 511
469 544
469 548
469 563
470 13
470 17
470 37
470 132
470 172
470 240
470 393
470 417
470 516
470 521
470 534
470 535
470 566
471 216
471 263
471 318
471 363
471 364
471 384
471 461
471 487
471 493
471 498
471 522
471 540
471 554
472 24
472 84
472 163
472 282
472 348
472 445
472 454
472 485
472 515
472 527
472 546
472 561
472 562
473 102
473 190
473 276
473 283
473 365
473 459
473 466
473 515
473 517
473 523
473 531
473 581
473 584
474 10
474 29
474 104
474 236
474 273
474 294
474 358
474 379
474 500
474 534
474 560
474 574
474 579
475 0
475 54
475 176
475 191
475 217
475 327
475 435
475 478
475 505
475 546
475 584
475 594
475 595
476 36
476 96
476 148
476 197
476 221
476 244
476 305
476 386
476 441
476 446
476 530
476 587
476 589
477 40
477 199
477 299
477 302
477 375
477 411
477 464
477 479
477 532
477 556
477 569
477 576
477 588
477 595
478 121
478 214
478 222
478 304
478 325
478 371
478 448
478 461
478 475
478 518
478 528
478 533
478 594
478 596
479 226
479 291
479 315
479 340
479 367
479 397
479 415
479 429
479 477
479 492
479 526
479 530
479 576
479 592
480 27
480 147
480 153
480 159
480 368
480 407
480 417
480 436
480 534
480 535
480 537
480 564
480 571
480 588
481 20
481 233
481 303
481 361
481 381
481 424
481 442
481 469
481 483
481 492
481 540
481 541
481 577
481 593
482 20
482 134
482 141
482 182
482 191
482 312
482 326
482 365
482 411
482 432
482 433
482 449
482 513
482 537
483 10
483 40
483 57
483 89
483 277
483 321
483 324
483 333
483 349
483 436
483 481
483 504
483 541
483 553
484 187
484 208
484 225
484 226
484 312
484 336
484 371
484 401
484 558
484 574
484 576
484 586
484 595
484 598
485 176
485 208
485 274
485 324
485 347
485 366
485 406
485 472
485 508
485 516
485 521
485 549
485 565
485 571
486 35
486 150
486 170
486 188
486 267
486 378
486 437
486 451
486 489
486 496
486 507
486 528
486 555
486 562
487 193
487 250
487 259
487 302
487 342
487 363
487 398
487 412
487 448
487 471
487 498
487 522
487 540
487 554
488 56
488 137
488 148
488 219
488 311
488 402
488 413
488 508
488 517
488 550
488 555
488 566
488 598
488 599
489 27
489 92
489 179
489 258
489 336
489 380
489 391
489 451
489 486
489 496
489 519
489 528
489 575
489 590
490 171
490 205
490 340
490 394
490 396
490 407
490 410
490 497
490 512
490 539
490 568
490 577
490 590
490 591
491 37
491 86
491 152
491 204
491 227
491 296
491 426
491 433
491 449
491 503
491 505
491 527
491 590
491 593
492 206
492 227
492 351
492 431
492 447
492 479
492 481
492 497
492 512
492 550
492 566
492 574
492 576
492 588
493 86
493 111
493 237
493 255
493 264
493 394
493 416
493 452
493 471
493 497
493 507
493 523
493 559
493 582
494 69
494 136
494 274
494 298
494 335
494 390
494 409
494 418
494 498
494 526
494 534
494 558
494 573
494 585
495 148
495 154
495 192
495 256
495 290
495 316
495 377
495 395
495 433
495 441
495 501
495 530
495 548
495 556
495 560
496 23
496 64
496 158
496 170
496 188
496 267
496 355
496 366
496 372
496 391
496 486
496 489
496 497
496 555
496 557
497 30
497 226
497 397
497 463
497 490
497 492
497 493
497 496
497 510
497 558
497 564
497 576
497 586
497 588
497 592
498 61
498 171
498 178
498 196
498 216
498 330
498 342
498 439
498 471
498 487
498 494
498 506
498 522
498 540
498 554
499 26
499 44
499 125
499 305
499 323
499 346
499 366
499 376
499 445
499 454
499 455
499 501
499 539
499 561
499 579
500 32
500 91
500 173
500 196
500 245
500 279
500 294
500 326
500 334
500 410
500 445
500 474
500 525
500 534
500 569
501 235
501 325
501 351
501 377
501 410
501 423
501 453
501 495
501 499
501 504
501 525
501 533
501 545
501 556
501 589
502 108
502 149
502 166
502 209
502 276
502 308
502 376
502 381
502 426
502 458
502 536
502 543
502 578
502 583
502 596
503 74
503 82
503 96
503 171
503 230
503 268
503 362
503 372
503 419
503 426
503 443
503 461
503 491
503 562
503 587
504 62
504 79
504 105
504 148
504 223
504 240
504 252
504 254
504 441
504 453
504 483
504 501
504 532
504 572
504 575
505 127
505 214
505 231
505 278
505 327
505 331
505 357
505 379
505 406
505 465
505 475
505 491
505 518
505 542
505 594
506 69
506 71
506 80
506 131
506 136
506 300
506 418
506 420
506 462
506 498
506 510
506 514
506 533
506 573
506 595
507 50
507 111
507 114
507 131
507 155
507 250
507 416
507 452
507 486
507 493
507 523
507 559
507 575
507 582
507 592
508 14
508 56
508 99
508 137
508 296
508 332
508 398
508 419
508 429
508 441
508 462
508 485
508 488
508 577
508 599
509 211
509 286
509 344
509 352
509 362
509 379
509 388
509 392
509 402
509 453
509 513
509 525
509 529
509 533
509 548
510 21
510 51
510 304
510 370
510 390
510 405
510 497
510 506
510 514
510 516
510 545
510 557
510 579
510 585
510 591
511 26
511 141
511 234
511 268
511 302
511 317
511 332
511 335
511 378
511 403
511 442
511 449
511 464
511 469
511 548
511 585
512 2
512 72
512 106
512 165
512 193
512 265
512 276
512 283
512 365
512 374
512 459
512 490
512 492
512 531
512 553
512 581
513 163
513 191
513 302
513 303
513 361
513 378
513 424
513 426
513 433
513 482
513 509
513 520
513 568
513 589
513 591
513 595
514 5
514 15
514 22
514 48
514 77
514 145
514 321
514 326
514 346
514 393
514 405
514 466
514 506
514 510
514 545
514 557
515 95
515 139
515 171
515 174
515 193
515 265
515 276
515 374
515 459
515 466
515 472
515 473
515 517
515 556
515 578
515 581
516 13
516 129
516 132
516 147
516 324
516 393
516 407
516 412
516 417
516 435
516 470
516 485
516 510
516 519
516 535
516 537
517 64
517 78
517 127
517 150
517 186
517 258
517 292
517 366
517 391
517 451
517 473
517 488
517 515
517 528
517 555
517 556
518 7
518 49
518 85
518 139
518 175
518 222
518 257
518 328
518 388
518 406
518 461
518 465
518 478
518 505
518 559
518 584
519 38
519 97
519 284
519 319
519 347
519 365
519 404
519 455
519 457
519 467
519 489
519 516
519 529
519 536
519 578
519 596
520 9
520 48
520 75
520 101
520 159
520 215
520 266
520 297
520 309
520 397
520 401
520 444
520 454
520 513
520 534
520 585
521 121
521 153
521 183
521 199
521 244
521 298
521 331
521 459
521 470
521 485
521 544
521 549
521 551
521 567
521 587
521 590
522 171
522 178
522 295
522 314
522 342
522 363
522 398
522 424
522 452
522 471
522 487
522 498
522 532
522 540
522 554
522 574
523 18
523 106
523 130
523 131
523 210
523 244
523 414
523 416
523 452
523 473
523 493
523 507
523 552
523 559
523 582
523 583
524 1
524 36
524 105
524 118
524 202
524 219
524 268
524 285
524 337
524 356
524 364
524 382
524 390
524 401
524 409
524 565
525 17
525 201
525 209
525 260
525 266
525 338
525 343
525 433
525 449
525 500
525 501
525 509
525 530
525 533
525 548
525 556
526 59
526 62
526 95
526 98
526 101
526 279
526 282
526 309
526 319
526 479
526 494
526 534
526 542
526 547
526 570
526 573
527 8
527 44
527 60
527 186
527 197
527 220
527 348
527 387
527 421
527 431
527 455
527 458
527 472
527 491
527 561
527 582
528 150
528 170
528 292
528 336
528 366
528 391
528 431
528 439
528 478
528 486
528 489
528 517
528 555
528 580
528 583
528 594
529 22
529 61
529 101
529 360
529 361
529 381
529 448
529 457
529 467
529 509
529 519
529 536
529 541
529 543
529 578
529 583
529 596
530 62
530 79
530 123
530 253
530 306
530 338
530 341
530 377
530 383
530 385
530 437
530 476
530 479
530 495
530 525
530 554
530 556
531 31
531 35
531 94
531 128
531 262
531 266
531 293
531 299
531 305
531 314
531 329
531 344
531 473
531 512
531 542
531 575
531 577
532 46
532 68
532 101
532 162
532 185
532 204
532 227
532 375
532 411
532 436
532 460
532 477
532 504
532 522
532 535
532 545
532 592
533 195
533 203
533 223
533 240
533 249
533 343
533 345
533 352
533 423
533 430
533 478
533 501
533 506
533 509
533 525
533 548
533 554
534 188
534 243
534 300
534 332
534 357
534 390
534 470
534 474
534 480
534 494
534 500
534 520
534 526
534 538
534 570
534 573
534 585
535 17
535 43
535 55
535 148
535 156
535 165
535 280
535 324
535 328
535 390
535 407
535 470
535 480
535 516
535 532
535 537
535 564
536 35
536 168
536 241
536 311
536 404
536 457
536 467
536 502
536 519
536 529
536 543
536 544
536 560
536 578
536 579
536 581
536 595
536 596
537 13
537 52
537 55
537 110
537 132
537 164
537 328
537 412
537 417
537 480
537 482
537 516
537 535
537 561
537 564
537 575
537 579
537 598
538 73
538 196
538 198
538 224
538 282
538 291
538 300
538 311
538 343
538 355
538 369
538 390
538 450
538 534
538 542
538 550
538 563
538 570
539 25
539 119
539 136
539 158
539 234
539 281
539 313
539 344
539 389
539 402
539 413
539 427
539 458
539 490
539 499
539 577
539 580
539 599
540 33
540 178
540 184
540 198
540 259
540 275
540 287
540 342
540 363
540 364
540 398
540 437
540 471
540 481
540 487
540 498
540 522
540 554
541 54
541 63
541 89
541 108
541 109
541 112
541 138
541 142
541 421
541 428
541 429
541 440
541 481
541 483
541 529
541 543
541 553
541 576
542 105
542 174
542 276
542 284
542 300
542 333
542 334
542 360
542 438
542 444
542 450
542 505
542 526
542 531
542 538
542 559
542 570
542 598
543 109
543 157
543 166
543 168
543 248
543 319
543 383
543 421
543 431
543 443
543 448
543 502
543 529
543 536
543 541
543 556
543 578
543 583
544 4
544 76
544 244
544 270
544 281
544 463
544 469
544 521
544 536
544 547
544 551
544 563
544 565
544 567
544 571
544 575
544 580
544 587
544 594
545 15
545 21
545 31
545 48
545 77
545 79
545 107
545 145
545 217
545 228
545 230
545 321
545 405
545 466
545 501
545 510
545 514
545 532
545 557
546 140
546 144
546 229
546 338
546 339
546 348
546 355
546 362
546 380
546 387
546 445
546 472
546 475
546 547
546 561
546 562
546 565
546 573
546 579
547 25
547 214
547 233
547 244
547 270
547 347
547 447
547 526
547 544
547 546
547 548
547 549
547 561
547 563
547 565
547 567
547 568
547 580
547 587
548 62
548 223
548 237
548 241
548 280
548 386
548 418
548 453
548 459
548 469
548 495
548 509
548 511
548 525
548 533
548 547
548 556
548 573
548 589
549 28
549 199
549 245
549 250
549 293
549 298
549 349
549 388
549 415
549 418
549 430
549 485
549 521
549 547
549 565
549 567
549 571
549 580
549 587
550 89
550 111
550 225
550 261
550 288
550 310
550 351
550 387
550 397
550 431
550 447
550 464
550 488
550 492
550 538
550 559
550 574
550 586
550 595
551 38
551 137
551 143
551 177
551 318
551 367
551 394
551 405
551 430
551 438
551 459
551 521
551 544
551 566
551 570
551 571
551 577
551 587
551 590
552 83
552 93
552 116
552 147
552 187
552 202
552 224
552 238
552 247
552 307
552 322
552 390
552 413
552 427
552 435
552 456
552 463
552 523
552 591
553 6
553 11
553 32
553 57
553 63
553 112
553 177
553 180
553 266
553 320
553 421
553 426
553 428
553 440
553 458
553 483
553 512
553 541
553 569
554 12
554 33
554 61
554 151
554 178
554 212
554 216
554 259
554 363
554 398
554 404
554 406
554 471
554 487
554 498
554 522
554 530
554 533
554 540
555 70
555 179
555 188
555 200
555 213
555 292
555 336
555 366
555 370
555 391
555 400
555 441
555 451
555 486
555 488
555 496
555 517
555 528
555 563
555 570
556 91
556 161
556 163
556 252
556 264
556 285
556 338
556 339
556 384
556 437
556 477
556 495
556 501
556 515
556 517
556 525
556 530
556 543
556 548
556 588
557 15
557 21
557 48
557 53
557 77
557 145
557 217
557 229
557 230
557 251
557 297
557 321
557 396
557 405
557 433
557 466
557 496
557 510
557 514
557 545
558 30
558 63
558 120
558 127
558 225
558 346
558 351
558 367
558 415
558 417
558 431
558 435
558 442
558 484
558 494
558 497
558 576
558 583
558 586
558 588
559 18
559 50
559 86
559 106
559 131
559 237
559 238
559 259
559 373
559 378
559 416
559 452
559 493
559 507
559 518
559 523
559 542
559 550
559 582
559 585
560 23
560 29
560 85
560 98
560 129
560 221
560 229
560 234
560 254
560 273
560 278
560 294
560 362
560 379
560 419
560 422
560 474
560 495
560 536
560 585
561 0
561 11
561 117
561 125
561 144
561 229
561 251
561 309
561 313
561 350
561 376
561 380
561 430
561 472
561 499
561 527
561 537
561 546
561 547
561 562
561 579
562 9
562 11
562 34
562 51
562 143
562 186
562 220
562 348
562 354
562 382
562 454
562 458
562 472
562 486
562 503
562 546
562 561
562 570
562 572
562 579
562 584
563 7
563 42
563 128
563 164
563 169
563 181
563 194
563 298
563 346
563 347
563 386
563 391
563 430
563 469
563 538
563 544
563 547
563 555
563 565
563 598
563 599
564 31
564 55
564 69
564 70
564 110
564 139
564 147
564 156
564 162
564 250
564 328
564 393
564 407
564 412
564 417
564 447
564 480
564 497
564 535
564 537
564 594
565 28
565 88
565 98
565 161
565 173
565 208
565 270
565 297
565 392
565 411
565 448
565 485
565 524
565 544
565 546
565 547
565 549
565 563
565 582
565 584
565 587
566 74
566 99
566 119
566 180
566 219
566 242
566 313
566 371
566 389
566 429
566 462
566 470
566 488
566 492
566 551
566 568
566 590
566 591
566 592
566 594
566 599
567 6
567 143
567 190
567 206
567 210
567 212
567 256
567 306
567 346
567 347
567 411
567 419
567 437
567 458
567 461
567 521
567 544
567 547
567 549
567 571
567 598
568 56
568 60
568 135
568 205
568 206
568 219
568 262
568 281
568 339
568 340
568 358
568 389
568 429
568 453
568 490
568 513
568 547
568 566
568 576
568 590
568 599
569 0
569 32
569 52
569 68
569 91
569 140
569 173
569 196
569 209
569 239
569 245
569 262
569 267
569 326
569 334
569 410
569 425
569 455
569 465
569 477
569 500
569 553
570 8
570 40
570 98
570 194
570 232
570 253
570 260
570 274
570 282
570 315
570 388
570 450
570 463
570 468
570 526
570 534
570 538
570 542
570 551
570 555
570 562
570 585
571 7
571 29
571 76
571 158
571 164
571 206
571 244
571 319
571 338
571 346
571 387
571 426
571 430
571 480
571 485
571 544
571 549
571 551
571 567
571 573
571 586
571 587
572 9
572 22
572 31
572 55
572 103
572 117
572 128
572 175
572 218
572 262
572 279
572 289
572 293
572 299
572 314
572 323
572 344
572 423
572 446
572 504
572 562
572 575
573 8
573 12
573 16
573 105
573 162
573 174
573 243
573 260
573 301
573 309
573 349
573 366
573 416
573 420
573 422
573 494
573 506
573 526
573 534
573 546
573 548
573 571
574 90
574 165
574 189
574 199
574 202
574 214
574 246
574 287
574 304
574 351
574 390
574 397
574 447
574 474
574 484
574 492
574 522
574 550
574 576
574 583
574 586
574 590
575 22
575 31
575 128
575 133
575 168
575 214
575 218
575 222
575 262
575 279
575 295
575 314
575 344
575 446
575 450
575 489
575 504
575 507
575 531
575 537
575 544
575 572
575 598
576 1
576 86
576 144
576 161
576 169
576 183
576 261
576 286
576 315
576 350
576 368
576 477
576 479
576 484
576 492
576 497
576 541
576 558
576 568
576 574
576 586
576 592
576 595
577 6
577 47
577 60
577 99
577 134
577 158
577 177
577 308
577 311
577 313
577 352
577 358
577 429
577 439
577 441
577 462
577 481
577 490
577 508
577 531
577 539
577 551
577 599
578 30
578 75
578 88
578 97
578 109
578 142
578 149
578 172
578 246
578 291
578 307
578 319
578 404
578 423
578 448
578 457
578 502
578 515
578 519
578 529
578 536
578 543
578 582
579 50
579 197
579 229
579 234
579 235
579 310
579 323
579 350
579 354
579 387
579 421
579 454
579 458
579 463
579 474
579 499
579 510
579 536
579 537
579 546
579 561
579 562
579 592
580 28
580 42
580 60
580 121
580 176
580 190
580 218
580 241
580 273
580 399
580 402
580 408
580 413
580 417
580 439
580 528
580 539
580 544
580 547
580 549
580 581
580 590
580 596
581 56
581 72
581 95
581 114
581 149
581 184
581 193
581 238
581 265
581 276
581 283
581 327
581 365
581 374
581 388
581 420
581 459
581 466
581 473
581 512
581 515
581 536
581 580
582 18
582 50
582 59
582 86
582 106
582 111
582 131
582 237
582 268
582 354
582 356
582 401
582 416
582 452
582 493
582 507
582 523
582 527
582 559
582 565
582 578
582 594
582 597
583 47
583 61
583 84
583 157
583 191
583 209
583 241
583 291
583 319
583 343
583 373
583 381
583 424
583 457
583 467
583 502
583 523
583 528
583 529
583 543
583 558
583 574
583 596
584 70
584 127
584 139
584 217
584 222
584 231
584 259
584 267
584 308
584 323
584 327
584 348
584 382
584 389
584 406
584 461
584 473
584 475
584 518
584 562
584 565
584 586
584 594
585 3
585 12
585 16
585 40
585 73
585 105
585 189
585 309
585 369
585 426
585 432
585 448
585 461
585 494
585 510
585 511
585 520
585 534
585 559
585 560
585 570
585 588
585 589
586 107
586 179
586 185
586 226
586 269
586 296
586 345
586 357
586 368
586 404
586 431
586 447
586 484
586 497
586 550
586 558
586 571
586 574
586 576
586 584
586 588
586 592
586 593
586 595
587 25
587 30
587 63
587 119
587 164
587 169
587 190
587 206
587 250
587 274
587 297
587 330
587 408
587 460
587 463
587 476
587 503
587 521
587 544
587 547
587 549
587 551
587 565
587 571
588 30
588 90
588 120
588 183
588 187
588 189
588 347
588 353
588 367
588 391
588 407
588 431
588 438
588 445
588 447
588 477
588 480
588 492
588 497
588 556
588 558
588 585
588 586
588 595
589 52
589 221
589 223
589 236
589 249
589 337
589 338
589 343
589 370
589 373
589 377
589 379
589 386
589 392
589 395
589 399
589 437
589 453
589 476
589 501
589 513
589 548
589 585
589 592
590 42
590 119
590 177
590 289
590 311
590 364
590 375
590 389
590 396
590 402
590 411
590 415
590 462
590 489
590 490
590 491
590 521
590 551
590 566
590 568
590 574
590 580
590 592
590 599
591 19
591 34
591 45
591 113
591 124
591 126
591 138
591 203
591 210
591 256
591 328
591 330
591 352
591 353
591 373
591 414
591 463
591 490
591 510
591 513
591 552
591 566
591 597
591 598
592 14
592 107
592 115
592 120
592 122
592 126
592 165
592 183
592 186
592 187
592 214
592 261
592 287
592 431
592 447
592 479
592 497
592 507
592 532
592 566
592 576
592 579
592 586
592 589
592 590
593 41
593 45
593 69
593 87
593 134
593 174
593 240
593 251
593 254
593 268
593 272
593 282
593 302
593 303
593 312
593 317
593 332
593 338
593 399
593 424
593 433
593 454
593 481
593 491
593 586
594 70
594 93
594 127
594 160
594 184
594 217
594 235
594 301
594 323
594 328
594 353
594 371
594 382
594 394
594 441
594 465
594 475
594 478
594 505
594 528
594 544
594 564
594 566
594 582
594 584
595 10
595 107
595 122
595 189
595 227
595 287
595 298
595 310
595 341
595 367
595 368
595 397
595 415
595 450
595 475
595 477
595 484
595 506
595 513
595 536
595 550
595 576
595 586
595 588
595 597
596 47
596 61
596 149
596 157
596 166
596 171
596 178
596 198
596 246
596 286
596 381
596 404
596 405
596 422
596 442
596 448
596 457
596 466
596 478
596 502
596 519
596 529
596 536
596 580
596 583
597 12
597 19
597 53
597 60
597 176
597 204
597 207
597 213
597 247
597 256
597 288
597 330
597 353
597 359
597 378
597 383
597 385
597 400
597 414
597 419
597 582
597 591
597 595
597 598
597 599
598 39
598 53
598 113
598 115
598 130
598 154
598 176
598 213
598 341
598 373
598 383
598 385
598 400
598 429
598 440
598 464
598 484
598 488
598 537
598 542
598 563
598 567
598 575
598 591
598 597
599 8
599 118
599 219
599 226
599 242
599 248
599 281
599 316
599 321
599 371
599 394
599 396
599 413
599 429
599 446
599 462
599 488
599 508
599 539
599 563
599 566
599 568
599 577
599 590
599 597
