0 76
0 251
0 550
0 575
0 590
1 88
1 144
1 403
1 554
1 594
2 54
2 72
2 432
2 499
2 585
3 253
3 467
3 501
3 516
3 586
4 397
4 398
4 512
4 536
4 585
5 275
5 347
5 459
5 500
5 543
6 262
6 495
6 504
6 551
6 598
7 44
7 470
7 471
7 567
7 590
8 460
8 499
8 536
8 556
8 572
9 468
9 530
9 554
9 566
9 587
10 38
10 305
10 413
10 476
10 541
11 89
11 214
11 346
11 474
11 597
12 68
12 119
12 395
12 481
12 548
13 172
13 335
13 499
13 552
13 553
14 121
14 392
14 421
14 505
14 514
15 93
15 458
15 497
15 556
15 569
16 444
16 457
16 508
16 577
16 584
17 421
17 487
17 514
17 518
17 549
18 384
18 431
18 446
18 579
18 589
19 424
19 498
19 561
19 576
19 588
20 247
20 273
20 471
20 487
20 592
21 237
21 258
21 426
21 496
21 556
22 208
22 471
22 539
22 567
22 569
23 42
23 364
23 505
23 524
23 571
24 335
24 352
24 384
24 560
24 584
25 72
25 272
25 512
25 549
25 555
26 412
26 419
26 482
26 580
26 592
27 200
27 389
27 433
27 529
27 562
28 198
28 298
28 456
28 516
28 583
29 164
29 402
29 440
29 497
29 569
30 55
30 352
30 575
30 583
30 593
31 38
31 140
31 320
31 471
31 599
32 237
32 323
32 361
32 415
32 526
33 353
33 509
33 557
33 569
33 572
34 383
34 414
34 520
34 544
34 588
35 98
35 151
35 371
35 506
35 573
36 304
36 346
36 424
36 580
36 591
37 393
37 498
37 509
37 581
37 590
38 10
38 31
38 114
38 377
38 487
39 279
39 322
39 369
39 477
39 585
40 132
40 334
40 438
40 539
40 581
41 72
41 390
41 465
41 488
41 522
42 23
42 124
42 153
42 510
42 524
43 193
43 212
43 228
43 266
43 590
44 7
44 162
44 384
44 504
44 599
45 199
45 254
45 360
45 369
45 477
46 168
46 311
46 533
46 545
46 546
47 180
47 235
47 289
47 455
47 568
48 314
48 344
48 519
48 534
48 589
49 273
49 336
49 479
49 544
49 546
50 171
50 397
50 493
50 510
50 568
51 263
51 343
51 401
51 580
51 588
52 300
52 327
52 407
52 474
52 596
53 254
53 320
53 360
53 443
53 480
54 2
54 514
54 518
54 553
54 567
55 30
55 277
55 485
55 527
55 571
56 391
56 407
56 462
56 527
56 584
57 240
57 459
57 478
57 554
57 592
58 226
58 504
58 570
58 574
58 596
59 175
59 294
59 439
59 449
59 548
60 292
60 349
60 355
60 465
60 522
61 452
61 490
61 506
61 556
61 579
62 246
62 318
62 465
62 475
62 522
63 176
63 288
63 315
63 409
63 589
64 475
64 495
64 525
64 592
64 599
65 325
65 377
65 435
65 455
65 537
66 242
66 398
66 493
66 495
66 502
67 380
67 385
67 530
67 541
67 542
68 12
68 183
68 304
68 396
68 512
69 415
69 529
69 541
69 573
69 597
70 465
70 510
70 522
70 554
70 561
71 213
71 456
71 465
71 548
71 582
72 2
72 25
72 41
72 552
72 592
73 157
73 308
73 489
73 555
73 596
74 216
74 245
74 281
74 523
74 582
75 532
75 535
75 560
75 595
75 596
76 0
76 383
76 392
76 424
76 596
77 426
77 451
77 500
77 578
77 593
78 346
78 454
78 478
78 526
78 529
79 370
79 472
79 481
79 563
79 578
80 217
80 460
80 511
80 519
80 595
81 99
81 443
81 509
81 521
81 534
82 260
82 441
82 489
82 502
82 597
83 280
83 352
83 448
83 472
83 480
84 252
84 340
84 428
84 435
84 564
85 279
85 386
85 413
85 499
85 545
86 286
86 355
86 366
86 456
86 522
87 275
87 325
87 457
87 544
87 545
88 1
88 260
88 366
88 540
88 548
89 11
89 168
89 185
89 250
89 592
90 139
90 440
90 542
90 558
90 599
91 109
91 117
91 309
91 399
91 434
92 251
92 469
92 499
92 573
92 597
93 15
93 350
93 388
93 454
93 527
94 123
94 283
94 371
94 555
94 586
95 399
95 537
95 578
95 589
95 596
96 363
96 384
96 499
96 563
96 593
97 303
97 382
97 480
97 539
97 594
98 35
98 393
98 506
98 513
98 599
99 81
99 180
99 181
99 240
99 301
100 173
100 317
100 520
100 535
100 582
101 477
101 515
101 531
101 560
101 581
102 464
102 563
102 584
102 593
102 594
103 313
103 450
103 457
103 505
103 588
104 344
104 361
104 482
104 538
104 583
105 308
105 432
105 549
105 552
105 585
106 222
106 491
106 535
106 538
106 583
107 444
107 468
107 578
107 581
107 593
108 371
108 437
108 523
108 526
108 546
109 91
109 380
109 413
109 490
109 550
110 429
110 456
110 461
110 546
110 583
111 248
111 541
111 546
111 547
111 570
112 215
112 399
112 475
112 513
112 562
113 405
113 447
113 539
113 565
113 594
114 38
114 137
114 291
114 442
114 574
115 235
115 345
115 423
115 438
115 554
116 286
116 405
116 471
116 502
116 530
117 91
117 136
117 501
117 575
117 585
118 436
118 464
118 540
118 548
118 591
119 12
119 174
119 200
119 420
119 594
120 173
120 500
120 538
120 590
120 598
121 14
121 379
121 445
121 543
121 596
122 194
122 448
122 472
122 510
122 580
123 94
123 509
123 528
123 555
123 591
124 42
124 238
124 347
124 540
124 599
125 348
125 437
125 446
125 494
125 565
126 241
126 245
126 531
126 575
126 590
127 226
127 406
127 452
127 533
127 591
128 311
128 335
128 417
128 488
128 509
129 452
129 493
129 496
129 523
129 570
130 311
130 355
130 449
130 583
130 598
131 204
131 238
131 391
131 492
131 549
132 40
132 400
132 495
132 503
132 590
133 284
133 356
133 467
133 469
133 476
134 146
134 198
134 439
134 483
134 560
134 587
135 225
135 365
135 488
135 497
135 569
135 578
136 117
136 284
136 342
136 351
136 442
136 582
137 114
137 178
137 363
137 500
137 520
137 536
138 278
138 425
138 451
138 537
138 541
138 567
139 90
139 286
139 391
139 409
139 471
139 506
140 31
140 311
140 366
140 413
140 545
140 549
141 143
141 160
141 472
141 560
141 576
141 578
142 362
142 395
142 406
142 492
142 537
142 593
143 141
143 374
143 375
143 394
143 430
143 592
144 1
144 222
144 288
144 486
144 489
144 577
145 274
145 377
145 422
145 454
145 568
145 590
146 134
146 337
146 344
146 461
146 538
146 598
147 383
147 524
147 551
147 583
147 589
147 596
148 363
148 478
148 525
148 564
148 580
148 592
149 306
149 355
149 408
149 437
149 546
149 547
150 274
150 284
150 301
150 434
150 501
150 595
151 35
151 352
151 485
151 508
151 568
151 581
152 254
152 323
152 457
152 508
152 584
152 593
153 42
153 173
153 466
153 505
153 514
153 531
154 232
154 333
154 343
154 477
154 574
154 582
155 418
155 445
155 459
155 543
155 565
155 577
156 297
156 381
156 392
156 394
156 490
156 494
157 73
157 260
157 290
157 314
157 565
157 574
158 283
158 425
158 469
158 577
158 591
158 592
159 359
159 368
159 570
159 576
159 578
159 595
160 141
160 384
160 435
160 509
160 531
160 584
161 200
161 420
161 517
161 523
161 538
161 577
162 44
162 228
162 506
162 532
162 561
162 567
163 293
163 486
163 539
163 556
163 581
163 593
164 29
164 200
164 365
164 540
164 555
164 581
165 354
165 421
165 453
165 487
165 511
165 575
166 232
166 257
166 281
166 329
166 403
166 453
167 169
167 507
167 519
167 532
167 535
167 596
168 46
168 89
168 246
168 330
168 512
168 553
169 167
169 256
169 404
169 419
169 590
169 595
170 236
170 435
170 483
170 485
170 508
170 527
171 50
171 385
171 452
171 501
171 530
171 566
172 13
172 272
172 418
172 481
172 525
172 571
173 100
173 120
173 153
173 423
173 513
173 538
174 119
174 403
174 416
174 433
174 538
174 572
175 59
175 286
175 307
175 476
175 506
175 525
176 63
176 463
176 526
176 557
176 569
176 570
177 321
177 453
177 476
177 483
177 581
177 584
178 137
178 458
178 559
178 576
178 578
178 593
179 202
179 432
179 467
179 469
179 493
179 511
180 47
180 99
180 230
180 435
180 484
180 569
181 99
181 388
181 488
181 557
181 559
181 569
182 286
182 399
182 482
182 543
182 561
182 562
183 68
183 264
183 389
183 475
183 476
183 481
184 389
184 501
184 525
184 529
184 571
184 594
185 89
185 213
185 410
185 553
185 559
185 585
186 215
186 225
186 461
186 492
186 533
186 577
187 313
187 397
187 510
187 554
187 572
187 586
188 201
188 209
188 211
188 245
188 253
188 599
189 364
189 405
189 466
189 488
189 505
189 524
190 208
190 345
190 471
190 527
190 557
190 558
191 234
191 433
191 480
191 527
191 565
191 596
192 505
192 525
192 527
192 564
192 584
192 593
193 43
193 228
193 455
193 519
193 587
193 590
194 122
194 201
194 207
194 233
194 432
194 469
195 197
195 407
195 462
195 504
195 507
195 589
196 262
196 355
196 493
196 520
196 577
196 595
197 195
197 422
197 454
197 495
197 558
197 590
198 28
198 134
198 230
198 427
198 484
198 552
199 45
199 331
199 353
199 425
199 507
199 530
200 27
200 119
200 161
200 164
200 398
200 548
201 188
201 194
201 452
201 515
201 563
201 571
202 179
202 432
202 440
202 467
202 469
202 569
203 205
203 215
203 262
203 458
203 528
203 579
204 131
204 211
204 446
204 512
204 574
204 596
205 203
205 321
205 341
205 439
205 470
205 555
206 222
206 314
206 326
206 362
206 420
206 594
207 194
207 237
207 515
207 564
207 566
207 597
208 22
208 190
208 541
208 572
208 589
208 599
209 188
209 282
209 477
209 498
209 515
209 581
210 394
210 480
210 489
210 511
210 517
210 594
211 188
211 204
211 434
211 490
211 497
211 573
212 43
212 229
212 523
212 535
212 546
212 547
213 71
213 185
213 329
213 504
213 552
213 585
214 11
214 232
214 268
214 271
214 550
214 568
215 112
215 186
215 203
215 326
215 496
215 590
216 74
216 343
216 370
216 453
216 491
216 582
217 80
217 347
217 457
217 519
217 534
217 585
218 310
218 448
218 499
218 530
218 542
218 548
219 247
219 453
219 499
219 561
219 569
219 592
220 319
220 376
220 478
220 536
220 556
220 588
221 333
221 351
221 430
221 555
221 559
221 594
222 106
222 144
222 206
222 412
222 489
222 565
223 238
223 415
223 439
223 457
223 462
223 466
224 459
224 500
224 528
224 529
224 543
224 584
225 135
225 186
225 358
225 518
225 540
225 579
226 58
226 127
226 382
226 436
226 561
226 592
227 359
227 460
227 499
227 512
227 572
227 595
228 43
228 162
228 193
228 299
228 477
228 566
229 212
229 306
229 443
229 523
229 547
229 559
230 180
230 198
230 550
230 575
230 584
230 595
231 322
231 380
231 425
231 530
231 563
231 581
232 154
232 166
232 214
232 257
232 333
232 400
232 577
233 194
233 300
233 387
233 432
233 467
233 469
233 530
234 191
234 269
234 357
234 497
234 517
234 534
234 549
235 47
235 115
235 249
235 292
235 382
235 402
235 566
236 170
236 393
236 485
236 511
236 519
236 550
236 567
237 21
237 32
237 207
237 342
237 415
237 446
237 474
238 124
238 131
238 223
238 457
238 511
238 519
238 547
239 374
239 414
239 479
239 531
239 546
239 547
239 587
240 57
240 99
240 307
240 327
240 378
240 458
240 574
241 126
241 315
241 431
241 550
241 569
241 573
241 597
242 66
242 245
242 251
242 316
242 441
242 465
242 470
243 345
243 445
243 459
243 478
243 500
243 509
243 543
244 314
244 344
244 474
244 496
244 512
244 536
244 574
245 74
245 126
245 188
245 242
245 413
245 490
245 586
246 62
246 168
246 390
246 522
246 528
246 545
246 582
247 20
247 219
247 349
247 411
247 513
247 543
247 583
248 111
248 283
248 325
248 422
248 484
248 523
248 547
249 235
249 308
249 403
249 420
249 436
249 475
249 512
250 89
250 267
250 391
250 459
250 549
250 550
250 585
251 0
251 92
251 242
251 363
251 547
251 550
251 564
252 84
252 340
252 370
252 405
252 467
252 523
252 558
253 3
253 188
253 434
253 501
253 545
253 573
253 586
254 45
254 53
254 152
254 372
254 478
254 491
254 579
255 477
255 492
255 494
255 553
255 573
255 574
255 581
256 169
256 300
256 312
256 419
256 428
256 495
256 503
257 166
257 232
257 281
257 453
257 513
257 529
257 599
258 21
258 449
258 458
258 489
258 493
258 496
258 579
259 448
259 485
259 493
259 509
259 510
259 521
259 553
260 82
260 88
260 157
260 338
260 420
260 481
260 502
261 275
261 479
261 486
261 529
261 533
261 544
261 547
262 6
262 196
262 203
262 349
262 504
262 532
262 539
263 51
263 271
263 474
263 486
263 498
263 522
263 581
264 183
264 291
264 323
264 414
264 455
264 529
264 588
265 369
265 399
265 487
265 553
265 557
265 568
265 569
266 43
266 375
266 484
266 522
266 556
266 577
266 581
267 250
267 326
267 468
267 531
267 544
267 563
267 575
268 214
268 354
268 398
268 498
268 564
268 568
268 595
269 234
269 379
269 506
269 541
269 544
269 552
269 572
270 285
270 318
270 451
270 530
270 560
270 580
270 587
271 214
271 263
271 298
271 380
271 566
271 587
271 593
272 25
272 172
272 286
272 376
272 414
272 525
272 529
273 20
273 49
273 371
273 407
273 501
273 558
273 599
274 145
274 150
274 409
274 531
274 555
274 573
274 589
275 5
275 87
275 261
275 301
275 332
275 414
275 546
276 277
276 310
276 417
276 427
276 539
276 581
276 587
277 55
277 276
277 316
277 398
277 464
277 540
277 546
278 138
278 280
278 374
278 402
278 482
278 542
278 554
279 39
279 85
279 280
279 423
279 530
279 554
279 566
280 83
280 278
280 279
280 448
280 466
280 493
280 510
281 74
281 166
281 257
281 284
281 441
281 492
281 582
282 209
282 379
282 418
282 445
282 500
282 543
282 599
283 94
283 158
283 248
283 330
283 467
283 487
283 563
284 133
284 136
284 150
284 281
284 297
284 413
284 490
285 270
285 367
285 393
285 400
285 483
285 486
285 559
286 86
286 116
286 139
286 175
286 182
286 272
286 476
287 325
287 392
287 437
287 544
287 546
287 547
287 580
288 63
288 144
288 430
288 551
288 559
288 576
288 593
289 47
289 300
289 356
289 458
289 467
289 469
289 554
290 157
290 464
290 492
290 545
290 552
290 567
290 572
291 114
291 264
291 392
291 407
291 478
291 565
291 580
292 60
292 235
292 302
292 515
292 553
292 573
292 597
293 163
293 339
293 482
293 516
293 560
293 587
293 593
294 59
294 306
294 430
294 502
294 512
294 548
294 555
295 431
295 442
295 494
295 536
295 537
295 547
295 570
296 420
296 526
296 528
296 556
296 567
296 576
296 577
297 156
297 284
297 305
297 507
297 548
297 551
297 593
298 28
298 271
298 472
298 477
298 516
298 539
298 576
299 228
299 364
299 454
299 491
299 495
299 503
299 514
300 52
300 233
300 256
300 289
300 469
300 494
300 510
301 99
301 150
301 275
301 437
301 544
301 546
301 597
302 292
302 402
302 439
302 550
302 569
302 589
302 595
303 97
303 339
303 398
303 404
303 455
303 495
303 590
304 36
304 68
304 393
304 460
304 466
304 521
304 567
305 10
305 297
305 378
305 492
305 507
305 524
305 532
306 149
306 229
306 294
306 320
306 437
306 544
306 587
307 175
307 240
307 317
307 405
307 499
307 520
307 599
308 73
308 105
308 249
308 316
308 480
308 489
308 565
309 91
309 358
309 474
309 515
309 573
309 575
309 580
310 218
310 276
310 339
310 448
310 529
310 542
310 554
310 566
311 46
311 128
311 130
311 140
311 329
311 417
311 552
311 585
312 256
312 313
312 376
312 392
312 454
312 455
312 570
312 590
313 103
313 187
313 312
313 377
313 481
313 511
313 549
313 572
314 48
314 157
314 206
314 244
314 331
314 347
314 366
314 409
315 63
315 241
315 342
315 411
315 462
315 550
315 573
315 587
316 242
316 277
316 308
316 424
316 470
316 487
316 540
316 555
317 100
317 307
317 425
317 444
317 476
317 507
317 541
317 562
318 62
318 270
318 337
318 360
318 411
318 513
318 583
318 598
319 220
319 378
319 422
319 522
319 561
319 571
319 578
319 580
320 31
320 53
320 306
320 427
320 498
320 537
320 560
320 581
321 177
321 205
321 353
321 369
321 386
321 442
321 494
321 583
322 39
322 231
322 334
322 438
322 483
322 506
322 544
322 560
323 32
323 152
323 264
323 387
323 564
323 575
323 597
323 598
324 329
324 341
324 362
324 391
324 481
324 526
324 567
324 579
325 65
325 87
325 248
325 287
325 449
325 510
325 544
325 598
326 206
326 215
326 267
326 416
326 521
326 528
326 533
326 574
327 52
327 240
327 442
327 491
327 493
327 494
327 574
327 598
328 340
328 348
328 399
328 443
328 525
328 542
328 551
328 580
329 166
329 213
329 311
329 324
329 396
329 502
329 552
329 554
330 168
330 283
330 435
330 508
330 516
330 527
330 539
330 584
331 199
331 314
331 338
331 400
331 464
331 502
331 532
331 555
332 275
332 338
332 370
332 437
332 559
332 578
332 593
332 596
333 154
333 221
333 232
333 343
333 453
333 556
333 567
333 582
334 40
334 322
334 375
334 481
334 484
334 532
334 553
334 591
335 13
335 24
335 128
335 339
335 458
335 521
335 528
335 556
336 49
336 388
336 408
336 451
336 463
336 487
336 488
336 509
337 146
337 318
337 461
337 473
337 510
337 518
337 589
337 598
338 260
338 331
338 332
338 400
338 517
338 540
338 552
338 555
339 293
339 303
339 310
339 335
339 346
339 458
339 462
339 533
340 84
340 252
340 328
340 354
340 363
340 471
340 487
340 599
341 205
341 324
341 464
341 508
341 570
341 574
341 577
341 591
342 136
342 237
342 315
342 428
342 515
342 564
342 591
342 597
343 51
343 154
343 216
343 333
343 348
343 373
343 453
343 582
344 48
344 104
344 146
344 244
344 410
344 486
344 512
344 587
345 115
345 190
345 243
345 362
345 428
345 540
345 541
345 562
346 11
346 36
346 78
346 339
346 425
346 525
346 571
346 588
347 5
347 124
347 217
347 314
347 511
347 514
347 557
347 566
348 125
348 328
348 343
348 350
348 385
348 431
348 574
348 595
349 60
349 247
349 262
349 361
349 372
349 461
349 565
349 598
350 93
350 348
350 497
350 508
350 509
350 517
350 561
350 594
351 136
351 221
351 413
351 490
351 499
351 501
351 556
351 586
352 24
352 30
352 83
352 151
352 457
352 527
352 553
352 584
353 33
353 199
353 321
353 367
353 427
353 454
353 539
353 545
354 165
354 268
354 340
354 364
354 393
354 466
354 518
354 519
354 535
355 60
355 86
355 130
355 149
355 196
355 390
355 456
355 522
355 582
356 133
356 289
356 414
356 432
356 444
356 467
356 469
356 552
356 574
357 234
357 361
357 362
357 373
357 433
357 447
357 554
357 582
357 594
358 225
358 309
358 446
358 452
358 562
358 570
358 577
358 589
358 591
359 159
359 227
359 389
359 468
359 473
359 540
359 559
359 576
359 593
360 45
360 53
360 318
360 402
360 521
360 528
360 535
360 556
360 579
361 32
361 104
361 349
361 357
361 490
361 513
361 538
361 573
361 598
362 142
362 206
362 324
362 345
362 357
362 405
362 421
362 529
362 558
363 96
363 137
363 148
363 251
363 340
363 504
363 524
363 536
363 574
364 23
364 189
364 299
364 354
364 385
364 435
364 450
364 466
364 514
365 135
365 164
365 372
365 417
365 440
365 517
365 542
365 557
365 569
366 86
366 88
366 140
366 314
366 450
366 480
366 534
366 565
366 594
367 285
367 353
367 417
367 425
367 451
367 486
367 559
367 587
367 589
368 159
368 430
368 506
368 559
368 560
368 578
368 584
368 588
368 593
369 39
369 45
369 265
369 321
369 533
369 560
369 581
369 587
369 597
370 79
370 216
370 252
370 332
370 440
370 451
370 559
370 576
370 578
371 35
371 94
371 108
371 273
371 405
371 428
371 517
371 541
371 558
372 254
372 349
372 365
372 391
372 496
372 521
372 546
372 572
372 598
373 343
373 357
373 390
373 418
373 433
373 436
373 517
373 550
373 594
374 143
374 239
374 278
374 395
374 402
374 423
374 542
374 554
374 596
375 143
375 266
375 334
375 512
375 541
375 556
375 558
375 586
375 599
376 220
376 272
376 312
376 392
376 401
376 411
376 529
376 570
376 592
377 38
377 65
377 145
377 313
377 441
377 455
377 503
377 567
377 590
378 240
378 305
378 319
378 415
378 551
378 561
378 562
378 588
378 594
379 121
379 269
379 282
379 418
379 500
379 518
379 543
379 568
379 576
380 67
380 109
380 231
380 271
380 406
380 410
380 451
380 539
380 560
381 156
381 416
381 431
381 446
381 447
381 537
381 568
381 574
381 596
382 97
382 226
382 235
382 403
382 432
382 443
382 479
382 480
382 517
383 34
383 76
383 147
383 384
383 406
383 523
383 544
383 580
383 592
384 18
384 24
384 44
384 96
384 160
384 383
384 563
384 584
384 593
385 67
385 171
385 348
385 364
385 537
385 542
385 549
385 554
385 566
386 85
386 321
386 396
386 469
386 498
386 499
386 526
386 571
386 585
387 233
387 323
387 455
387 531
387 536
387 573
387 575
387 591
387 597
388 93
388 181
388 336
388 440
388 468
388 497
388 501
388 507
388 557
389 27
389 183
389 184
389 359
389 444
389 478
389 502
389 549
389 568
389 588
390 41
390 246
390 355
390 373
390 395
390 456
390 465
390 470
390 562
390 582
391 56
391 131
391 139
391 250
391 324
391 372
391 480
391 522
391 553
391 585
392 14
392 76
392 156
392 287
392 291
392 312
392 376
392 424
392 571
392 592
393 37
393 98
393 236
393 285
393 304
393 354
393 451
393 514
393 518
393 519
394 143
394 156
394 210
394 403
394 468
394 473
394 537
394 559
394 576
394 578
395 12
395 142
395 374
395 390
395 396
395 406
395 512
395 523
395 552
395 573
396 68
396 329
396 386
396 395
396 481
396 491
396 524
396 539
396 546
396 549
397 4
397 50
397 187
397 441
397 448
397 485
397 486
397 510
397 571
397 596
398 4
398 66
398 200
398 268
398 277
398 303
398 441
398 464
398 548
398 595
399 91
399 95
399 112
399 182
399 265
399 328
399 540
399 561
399 562
399 588
400 132
400 232
400 285
400 331
400 338
400 401
400 439
400 470
400 502
400 548
401 51
401 376
401 400
401 444
401 463
401 555
401 562
401 585
401 588
401 592
402 29
402 235
402 278
402 302
402 360
402 374
402 530
402 542
402 561
402 566
403 1
403 166
403 174
403 249
403 382
403 394
403 421
403 485
403 517
403 594
404 169
404 303
404 407
404 419
404 422
404 424
404 471
404 495
404 503
404 544
405 113
405 116
405 189
405 252
405 307
405 362
405 371
405 434
405 502
405 599
406 127
406 142
406 380
406 383
406 395
406 460
406 492
406 545
406 564
406 572
407 52
407 56
407 195
407 273
407 291
407 404
407 431
407 520
407 532
407 574
408 149
408 336
408 414
408 449
408 491
408 503
408 513
408 538
408 583
408 598
409 63
409 139
409 274
409 314
409 515
409 537
409 564
409 571
409 595
409 597
410 185
410 344
410 380
410 425
410 486
410 516
410 557
410 570
410 587
410 594
411 247
411 315
411 318
411 376
411 449
411 483
411 491
411 505
411 513
411 583
412 26
412 222
412 443
412 496
412 521
412 543
412 570
412 579
412 591
412 597
413 10
413 85
413 109
413 140
413 245
413 284
413 351
413 494
413 501
413 586
414 34
414 239
414 264
414 272
414 275
414 356
414 408
414 437
414 479
414 544
415 32
415 69
415 223
415 237
415 378
415 507
415 515
415 531
415 550
415 586
416 174
416 326
416 381
416 433
416 436
416 447
416 514
416 562
416 565
416 594
417 128
417 276
417 311
417 365
417 367
417 488
417 507
417 557
417 563
417 569
418 155
418 172
418 282
418 373
418 379
418 445
418 453
418 500
418 543
418 552
419 26
419 169
419 256
419 404
419 454
419 469
419 503
419 558
419 580
419 590
420 119
420 161
420 206
420 249
420 260
420 296
420 433
420 534
420 546
420 576
421 14
421 17
421 165
421 362
421 403
421 450
421 454
421 457
421 533
421 567
422 145
422 197
422 248
422 319
422 404
422 489
422 495
422 503
422 577
422 590
423 115
423 173
423 279
423 374
423 461
423 530
423 541
423 554
423 566
423 593
424 19
424 36
424 76
424 316
424 392
424 404
424 430
424 475
424 562
424 580
424 583
425 138
425 158
425 199
425 231
425 317
425 346
425 367
425 410
425 486
425 503
425 539
426 21
426 77
426 472
426 479
426 488
426 497
426 550
426 559
426 568
426 578
426 592
427 198
427 276
427 320
427 353
427 431
427 438
427 451
427 473
427 483
427 498
427 509
428 84
428 256
428 342
428 345
428 371
428 483
428 506
428 541
428 558
428 581
428 599
429 110
429 432
429 446
429 447
429 449
429 466
429 491
429 538
429 583
429 586
429 598
430 143
430 221
430 288
430 294
430 368
430 424
430 454
430 468
430 473
430 576
430 596
431 18
431 241
431 295
431 348
431 381
431 407
431 427
431 436
431 446
431 479
431 505
432 2
432 105
432 179
432 194
432 202
432 233
432 356
432 382
432 429
432 467
432 496
433 27
433 174
433 191
433 357
433 373
433 416
433 420
433 440
433 463
433 565
433 579
434 91
434 150
434 211
434 253
434 405
434 444
434 472
434 490
434 501
434 527
434 538
435 65
435 84
435 160
435 170
435 180
435 330
435 364
435 444
435 485
435 527
435 584
436 118
436 226
436 249
436 373
436 416
436 431
436 460
436 473
436 480
436 494
436 534
437 108
437 125
437 149
437 287
437 301
437 306
437 332
437 414
437 438
437 518
437 572
438 40
438 115
438 322
438 427
438 437
438 451
438 477
438 483
438 531
438 537
438 594
439 59
439 134
439 205
439 223
439 302
439 400
439 441
439 464
439 540
439 548
439 559
440 29
440 90
440 202
440 365
440 370
440 388
440 433
440 463
440 497
440 568
440 569
441 82
441 242
441 281
441 377
441 397
441 398
441 439
441 470
441 522
441 540
441 547
441 555
442 114
442 136
442 295
442 321
442 327
442 468
442 519
442 524
442 526
442 537
442 551
442 591
443 53
443 81
443 229
443 328
443 382
443 412
443 533
443 556
443 584
443 586
443 591
443 598
444 16
444 107
444 317
444 356
444 389
444 401
444 434
444 435
444 508
444 530
444 562
444 580
445 121
445 155
445 243
445 282
445 418
445 459
445 500
445 508
445 520
445 542
445 543
445 596
446 18
446 125
446 204
446 237
446 358
446 381
446 429
446 431
446 450
446 515
446 532
446 535
447 113
447 357
447 381
447 416
447 429
447 480
447 489
447 505
447 523
447 534
447 565
447 597
448 83
448 122
448 218
448 259
448 280
448 310
448 397
448 493
448 510
448 520
448 573
448 578
449 59
449 130
449 258
449 325
449 408
449 411
449 429
449 492
449 513
449 564
449 583
449 598
450 103
450 364
450 366
450 421
450 446
450 457
450 505
450 514
450 524
450 544
450 567
450 598
451 77
451 138
451 270
451 336
451 367
451 370
451 380
451 393
451 427
451 438
451 496
451 516
452 61
452 127
452 129
452 171
452 201
452 358
452 533
452 560
452 586
452 591
452 594
452 599
453 165
453 166
453 177
453 216
453 219
453 257
453 333
453 343
453 418
453 511
453 548
453 582
454 78
454 93
454 145
454 197
454 299
454 312
454 353
454 419
454 421
454 430
454 495
454 590
455 47
455 65
455 193
455 264
455 303
455 312
455 377
455 387
455 503
455 510
455 582
455 590
456 28
456 71
456 86
456 110
456 355
456 390
456 465
456 522
456 523
456 579
456 580
456 582
457 16
457 87
457 103
457 152
457 217
457 223
457 238
457 352
457 421
457 450
457 511
457 558
458 15
458 178
458 203
458 240
458 258
458 289
458 335
458 339
458 460
458 482
458 484
458 591
459 5
459 57
459 155
459 224
459 243
459 250
459 445
459 472
459 500
459 542
459 543
459 554
460 8
460 80
460 227
460 304
460 406
460 436
460 458
460 526
460 545
460 549
460 572
460 589
461 110
461 146
461 186
461 337
461 349
461 423
461 465
461 466
461 528
461 538
461 583
461 598
462 56
462 195
462 223
462 315
462 339
462 483
462 508
462 542
462 554
462 566
462 581
462 584
463 176
463 336
463 401
463 433
463 440
463 465
463 487
463 488
463 497
463 509
463 520
463 557
464 102
464 118
464 277
464 290
464 331
464 341
464 398
464 439
464 509
464 528
464 540
464 555
464 592
465 41
465 60
465 62
465 70
465 71
465 242
465 390
465 456
465 461
465 463
465 511
465 522
465 582
466 153
466 189
466 223
466 280
466 304
466 354
466 364
466 429
466 461
466 483
466 505
466 506
466 518
467 3
467 133
467 179
467 202
467 233
467 252
467 283
467 289
467 356
467 432
467 488
467 525
467 590
468 9
468 107
468 267
468 359
468 388
468 394
468 430
468 442
468 473
468 550
468 559
468 575
468 576
469 92
469 133
469 158
469 179
469 194
469 202
469 233
469 289
469 300
469 356
469 386
469 419
469 589
470 7
470 205
470 242
470 316
470 390
470 400
470 441
470 474
470 502
470 517
470 537
470 548
470 555
471 7
471 20
471 22
471 31
471 116
471 139
471 190
471 340
471 404
471 473
471 501
471 513
471 545
472 79
472 83
472 122
472 141
472 298
472 426
472 434
472 459
472 473
472 477
472 485
472 510
472 584
473 337
473 359
473 394
473 427
473 430
473 436
473 468
473 471
473 472
473 488
473 559
473 576
473 578
474 11
474 52
474 237
474 244
474 263
474 309
474 470
474 531
474 550
474 561
474 564
474 575
474 597
475 62
475 64
475 112
475 183
475 249
475 424
475 481
475 529
475 539
475 558
475 561
475 580
475 592
476 10
476 133
476 175
476 177
476 183
476 286
476 317
476 516
476 517
476 541
476 567
476 579
476 599
477 39
477 45
477 101
477 154
477 209
477 228
477 255
477 298
477 438
477 472
477 537
477 580
477 587
478 57
478 78
478 148
478 220
478 243
478 254
478 291
478 389
478 482
478 519
478 526
478 527
478 588
479 49
479 239
479 261
479 382
479 414
479 426
479 431
479 488
479 490
479 505
479 523
479 546
479 547
480 53
480 83
480 97
480 191
480 210
480 308
480 366
480 382
480 391
480 436
480 447
480 543
480 574
481 12
481 79
481 172
481 183
481 260
481 313
481 324
481 334
481 396
481 475
481 492
481 545
481 553
482 26
482 104
482 182
482 278
482 293
482 458
482 478
482 489
482 529
482 561
482 564
482 571
482 592
483 134
483 170
483 177
483 285
483 322
483 411
483 427
483 428
483 438
483 462
483 466
483 539
483 587
484 180
484 198
484 248
484 266
484 334
484 458
484 491
484 528
484 531
484 532
484 563
484 577
484 591
484 598
485 55
485 151
485 170
485 236
485 259
485 397
485 403
485 435
485 472
485 508
485 510
485 558
485 564
485 576
486 144
486 163
486 261
486 263
486 285
486 344
486 367
486 397
486 410
486 425
486 516
486 535
486 547
486 565
487 17
487 20
487 38
487 165
487 265
487 283
487 316
487 336
487 340
487 463
487 551
487 557
487 558
487 568
488 41
488 128
488 135
488 181
488 189
488 336
488 417
488 426
488 463
488 467
488 473
488 479
488 557
488 569
489 73
489 82
489 144
489 210
489 222
489 258
489 308
489 422
489 447
489 482
489 532
489 534
489 583
489 594
490 61
490 109
490 156
490 211
490 245
490 284
490 351
490 361
490 434
490 479
490 501
490 516
490 575
490 586
491 106
491 216
491 254
491 299
491 327
491 396
491 408
491 411
491 429
491 484
491 513
491 515
491 583
491 598
492 131
492 142
492 186
492 255
492 281
492 290
492 305
492 406
492 449
492 481
492 530
492 535
492 545
492 553
493 50
493 66
493 129
493 179
493 196
493 258
493 259
493 280
493 327
493 448
493 494
493 496
493 498
493 589
494 125
494 156
494 255
494 295
494 300
494 321
494 327
494 413
494 436
494 493
494 561
494 585
494 595
494 596
495 6
495 64
495 66
495 132
495 197
495 256
495 299
495 303
495 404
495 422
495 454
495 549
495 589
495 590
496 21
496 129
496 215
496 244
496 258
496 372
496 412
496 432
496 451
496 493
496 526
496 556
496 558
496 579
497 15
497 29
497 135
497 211
497 234
497 350
497 388
497 426
497 440
497 463
497 509
497 560
497 576
497 591
497 598
498 19
498 37
498 209
498 263
498 268
498 320
498 386
498 427
498 493
498 501
498 516
498 534
498 537
498 560
498 587
499 2
499 8
499 13
499 85
499 92
499 96
499 218
499 219
499 227
499 307
499 351
499 386
499 545
499 549
499 585
500 5
500 77
500 120
500 137
500 224
500 243
500 282
500 379
500 418
500 445
500 459
500 538
500 543
500 544
500 597
501 3
501 117
501 150
501 171
501 184
501 253
501 273
501 351
501 388
501 413
501 434
501 471
501 490
501 498
501 586
502 66
502 82
502 116
502 260
502 294
502 329
502 331
502 389
502 400
502 405
502 470
502 508
502 548
502 555
502 591
503 132
503 256
503 299
503 377
503 404
503 408
503 419
503 422
503 425
503 455
503 530
503 555
503 577
503 590
503 593
504 6
504 44
504 58
504 195
504 213
504 262
504 363
504 506
504 507
504 515
504 520
504 524
504 556
504 596
504 597
505 14
505 23
505 103
505 153
505 189
505 192
505 411
505 431
505 447
505 450
505 466
505 479
505 513
505 518
505 519
506 35
506 61
506 98
506 139
506 162
506 175
506 269
506 322
506 368
506 428
506 466
506 504
506 523
506 567
506 588
506 599
507 167
507 195
507 199
507 297
507 305
507 317
507 388
507 415
507 417
507 504
507 520
507 535
507 536
507 551
507 558
507 575
508 16
508 151
508 152
508 170
508 330
508 341
508 350
508 444
508 445
508 462
508 485
508 502
508 514
508 527
508 578
508 593
509 33
509 37
509 81
509 123
509 128
509 160
509 243
509 259
509 336
509 350
509 427
509 463
509 464
509 497
509 557
509 569
510 42
510 50
510 70
510 122
510 187
510 259
510 280
510 300
510 325
510 337
510 397
510 448
510 455
510 472
510 485
510 516
511 80
511 165
511 179
511 210
511 236
511 238
511 313
511 347
511 453
511 457
511 465
511 514
511 516
511 518
511 519
511 589
512 4
512 25
512 68
512 168
512 204
512 227
512 244
512 249
512 294
512 344
512 375
512 395
512 545
512 551
512 581
512 585
513 98
513 112
513 173
513 247
513 257
513 318
513 361
513 408
513 411
513 449
513 471
513 491
513 505
513 583
513 586
513 598
514 14
514 17
514 54
514 153
514 299
514 347
514 364
514 393
514 416
514 450
514 508
514 511
514 518
514 521
514 548
514 586
515 101
515 201
515 207
515 209
515 292
515 309
515 342
515 409
515 415
515 446
515 491
515 504
515 531
515 563
515 573
515 575
516 3
516 28
516 293
516 298
516 330
516 410
516 451
516 476
516 486
516 490
516 498
516 510
516 511
516 539
516 545
516 581
517 161
517 210
517 234
517 338
517 350
517 365
517 371
517 373
517 382
517 403
517 470
517 476
517 524
517 528
517 534
517 565
518 17
518 54
518 225
518 337
518 354
518 379
518 393
518 437
518 466
518 505
518 511
518 514
518 519
518 534
518 567
518 591
519 48
519 80
519 167
519 193
519 217
519 236
519 238
519 354
519 393
519 442
519 478
519 505
519 511
519 518
519 551
519 593
520 34
520 100
520 137
520 196
520 307
520 407
520 445
520 448
520 463
520 504
520 507
520 536
520 551
520 582
520 595
520 596
521 81
521 259
521 304
521 326
521 335
521 360
521 372
521 412
521 514
521 528
521 538
521 556
521 570
521 577
521 579
521 596
522 41
522 60
522 62
522 70
522 86
522 246
522 263
522 266
522 319
522 355
522 391
522 441
522 456
522 465
522 532
522 582
523 74
523 108
523 129
523 161
523 212
523 229
523 248
523 252
523 383
523 395
523 447
523 456
523 479
523 506
523 544
523 546
523 547
524 23
524 42
524 147
524 189
524 305
524 363
524 396
524 442
524 450
524 504
524 517
524 532
524 535
524 536
524 540
524 551
524 595
525 64
525 148
525 172
525 175
525 184
525 192
525 272
525 328
525 346
525 467
525 529
525 534
525 541
525 572
525 580
525 588
525 592
526 32
526 78
526 108
526 176
526 296
526 324
526 386
526 442
526 460
526 478
526 496
526 552
526 553
526 556
526 557
526 570
526 579
527 55
527 56
527 93
527 170
527 190
527 191
527 192
527 330
527 352
527 434
527 435
527 478
527 508
527 528
527 543
527 563
527 584
528 123
528 203
528 224
528 246
528 296
528 326
528 335
528 360
528 461
528 464
528 484
528 517
528 521
528 527
528 567
528 570
528 577
529 27
529 69
529 78
529 184
529 224
529 257
529 261
529 264
529 272
529 310
529 362
529 376
529 475
529 482
529 525
529 562
529 587
530 9
530 67
530 116
530 171
530 199
530 218
530 231
530 233
530 270
530 279
530 402
530 423
530 444
530 492
530 503
530 542
530 566
531 101
531 126
531 153
531 160
531 239
531 267
531 274
531 387
531 415
531 438
531 474
531 484
531 515
531 536
531 564
531 595
531 597
532 75
532 162
532 167
532 262
532 305
532 331
532 334
532 407
532 446
532 484
532 489
532 522
532 524
532 535
532 536
532 596
532 599
533 46
533 127
533 186
533 261
533 326
533 339
533 369
533 421
533 443
533 452
533 549
533 563
533 570
533 577
533 579
533 585
533 592
534 48
534 81
534 217
534 234
534 366
534 420
534 436
534 447
534 489
534 498
534 517
534 518
534 525
534 557
534 561
534 565
534 594
535 75
535 100
535 106
535 167
535 212
535 354
535 360
535 446
535 486
535 492
535 507
535 524
535 532
535 536
535 574
535 595
535 596
536 4
536 8
536 137
536 220
536 244
536 295
536 363
536 387
536 507
536 520
536 524
536 531
536 532
536 535
536 568
536 569
536 574
536 589
537 65
537 95
537 138
537 142
537 295
537 320
537 381
537 385
537 394
537 409
537 438
537 442
537 470
537 477
537 498
537 551
537 565
537 581
538 104
538 106
538 120
538 146
538 161
538 173
538 174
538 361
538 408
538 429
538 434
538 461
538 500
538 521
538 559
538 575
538 583
538 598
539 22
539 40
539 97
539 113
539 163
539 262
539 276
539 298
539 330
539 353
539 380
539 396
539 425
539 475
539 483
539 516
539 560
539 587
540 88
540 118
540 124
540 164
540 225
540 277
540 316
540 338
540 345
540 359
540 399
540 439
540 441
540 464
540 524
540 548
540 552
540 555
541 10
541 67
541 69
541 111
541 138
541 208
541 269
541 317
541 345
541 371
541 375
541 423
541 428
541 476
541 525
541 553
541 561
541 599
542 67
542 90
542 218
542 278
542 310
542 328
542 365
542 374
542 385
542 402
542 445
542 459
542 462
542 530
542 554
542 566
542 568
542 582
543 5
543 121
543 155
543 182
543 224
543 243
543 247
543 282
543 379
543 412
543 418
543 445
543 459
543 480
543 500
543 527
543 557
543 566
543 578
544 34
544 49
544 87
544 261
544 267
544 269
544 287
544 301
544 306
544 322
544 325
544 383
544 404
544 414
544 450
544 500
544 523
544 547
544 556
545 46
545 85
545 87
545 140
545 246
545 253
545 290
545 353
545 406
545 460
545 471
545 481
545 492
545 499
545 512
545 516
545 546
545 572
545 575
546 46
546 49
546 108
546 110
546 111
546 149
546 212
546 239
546 275
546 277
546 287
546 301
546 372
546 396
546 420
546 479
546 523
546 545
546 582
547 111
547 149
547 212
547 229
547 238
547 239
547 248
547 251
547 261
547 287
547 295
547 441
547 479
547 486
547 523
547 544
547 551
547 579
547 580
548 12
548 59
548 71
548 88
548 118
548 200
548 218
548 294
548 297
548 398
548 400
548 439
548 453
548 470
548 502
548 514
548 540
548 573
548 595
549 17
549 25
549 105
549 131
549 140
549 234
549 250
549 313
549 385
549 389
549 396
549 460
549 495
549 499
549 533
549 553
549 572
549 578
549 588
550 0
550 109
550 214
550 230
550 236
550 241
550 250
550 251
550 302
550 315
550 373
550 415
550 426
550 468
550 474
550 551
550 555
550 575
550 589
551 6
551 147
551 288
551 297
551 328
551 378
551 442
551 487
551 507
551 512
551 519
551 520
551 524
551 537
551 547
551 550
551 569
551 589
551 596
552 13
552 72
552 105
552 198
552 213
552 269
552 290
552 311
552 329
552 338
552 356
552 395
552 418
552 526
552 540
552 575
552 585
552 589
552 595
553 13
553 54
553 168
553 185
553 255
553 259
553 265
553 292
553 334
553 352
553 391
553 481
553 492
553 526
553 541
553 549
553 579
553 585
553 593
554 1
554 9
554 57
554 70
554 115
554 187
554 278
554 279
554 289
554 310
554 329
554 357
554 374
554 385
554 423
554 459
554 462
554 542
554 563
554 566
555 25
555 73
555 94
555 123
555 164
555 205
555 221
555 274
555 294
555 316
555 331
555 338
555 401
555 441
555 464
555 470
555 502
555 503
555 540
555 550
556 8
556 15
556 21
556 61
556 163
556 220
556 266
556 296
556 333
556 335
556 351
556 360
556 375
556 443
556 496
556 504
556 521
556 526
556 544
556 586
557 33
557 176
557 181
557 190
557 265
557 347
557 365
557 388
557 410
557 417
557 463
557 487
557 488
557 509
557 526
557 534
557 543
557 568
557 572
557 586
558 90
558 190
558 197
558 252
558 273
558 362
558 371
558 375
558 419
558 428
558 457
558 475
558 485
558 487
558 496
558 507
558 567
558 574
558 580
558 599
559 178
559 181
559 185
559 221
559 229
559 285
559 288
559 332
559 359
559 367
559 368
559 370
559 394
559 426
559 439
559 468
559 473
559 538
559 560
559 576
560 24
560 75
560 101
560 134
560 141
560 270
560 293
560 320
560 322
560 368
560 369
560 380
560 452
560 497
560 498
560 539
560 559
560 563
560 581
560 587
561 19
561 70
561 162
561 182
561 219
561 226
561 319
561 350
561 378
561 399
561 402
561 474
561 475
561 482
561 494
561 534
561 541
561 562
561 571
561 588
562 27
562 112
562 182
562 317
562 345
562 358
562 378
562 390
562 399
562 401
562 416
562 424
562 444
562 529
562 561
562 563
562 571
562 587
562 588
562 597
563 79
563 96
563 102
563 201
563 231
563 267
563 283
563 384
563 417
563 484
563 515
563 527
563 533
563 554
563 560
563 562
563 570
563 584
563 591
563 599
564 84
564 148
564 192
564 207
564 251
564 268
564 323
564 342
564 406
564 409
564 449
564 474
564 482
564 485
564 531
564 568
564 573
564 575
564 578
564 589
565 113
565 125
565 155
565 157
565 191
565 222
565 291
565 308
565 349
565 366
565 416
565 433
565 447
565 486
565 517
565 534
565 537
565 585
565 591
565 594
566 9
566 171
566 207
566 228
566 235
566 271
566 279
566 310
566 347
566 385
566 402
566 423
566 462
566 530
566 542
566 543
566 554
566 572
566 590
566 592
567 7
567 22
567 54
567 138
567 162
567 236
567 290
567 296
567 304
567 324
567 333
567 377
567 421
567 450
567 476
567 506
567 518
567 528
567 558
567 583
568 47
568 50
568 145
568 151
568 214
568 265
568 268
568 379
568 381
568 389
568 426
568 440
568 487
568 536
568 542
568 557
568 564
568 569
568 573
568 579
568 597
569 15
569 22
569 29
569 33
569 135
569 176
569 180
569 181
569 202
569 219
569 241
569 265
569 302
569 365
569 417
569 440
569 488
569 509
569 536
569 551
569 568
570 58
570 111
570 129
570 159
570 176
570 295
570 312
570 341
570 358
570 376
570 410
570 412
570 521
570 526
570 528
570 533
570 563
570 579
570 585
570 586
570 591
571 23
571 55
571 172
571 184
571 201
571 319
571 346
571 386
571 392
571 397
571 409
571 482
571 561
571 562
571 574
571 579
571 580
571 582
571 585
571 588
571 592
572 8
572 33
572 174
572 187
572 208
572 227
572 269
572 290
572 313
572 372
572 406
572 437
572 460
572 525
572 545
572 549
572 557
572 566
572 576
572 585
572 590
573 35
573 69
573 92
573 211
573 241
573 253
573 255
573 274
573 292
573 309
573 315
573 361
573 387
573 395
573 448
573 515
573 548
573 564
573 568
573 575
573 595
574 58
574 114
574 154
574 157
574 204
574 240
574 244
574 255
574 326
574 327
574 341
574 348
574 356
574 363
574 381
574 407
574 480
574 535
574 536
574 558
574 571
575 0
575 30
575 117
575 126
575 165
575 230
575 267
575 309
575 323
575 387
575 468
575 474
575 490
575 507
575 515
575 538
575 545
575 550
575 552
575 564
575 573
575 589
576 19
576 141
576 159
576 178
576 288
576 296
576 298
576 359
576 370
576 379
576 394
576 420
576 430
576 468
576 473
576 485
576 497
576 559
576 572
576 578
576 588
576 593
577 16
577 144
577 155
577 158
577 161
577 186
577 196
577 232
577 266
577 296
577 341
577 358
577 422
577 484
577 503
577 521
577 528
577 533
577 579
577 584
577 586
577 591
578 77
578 79
578 95
578 107
578 135
578 141
578 159
578 178
578 319
578 332
578 368
578 370
578 394
578 426
578 448
578 473
578 508
578 543
578 549
578 564
578 576
578 598
579 18
579 61
579 203
579 225
579 254
579 258
579 324
579 360
579 412
579 433
579 456
579 476
579 496
579 521
579 526
579 533
579 547
579 553
579 568
579 570
579 571
579 577
580 26
580 36
580 51
580 122
580 148
580 270
580 287
580 291
580 309
580 319
580 328
580 383
580 419
580 424
580 444
580 456
580 475
580 477
580 525
580 547
580 558
580 571
580 592
581 37
581 40
581 101
581 107
581 151
581 163
581 164
581 177
581 209
581 231
581 255
581 263
581 266
581 276
581 320
581 369
581 428
581 462
581 512
581 516
581 537
581 560
581 583
582 71
582 74
582 100
582 136
582 154
582 216
582 246
582 281
582 333
582 343
582 355
582 357
582 390
582 453
582 455
582 456
582 465
582 520
582 522
582 542
582 546
582 571
582 594
583 28
583 30
583 104
583 106
583 110
583 130
583 147
583 247
583 318
583 321
583 408
583 411
583 424
583 429
583 449
583 461
583 489
583 491
583 513
583 538
583 567
583 581
583 584
584 16
584 24
584 56
584 102
584 152
584 160
584 177
584 192
584 224
584 230
584 330
584 352
584 368
584 384
584 435
584 443
584 462
584 472
584 527
584 563
584 577
584 583
584 586
585 2
585 4
585 39
585 105
585 117
585 185
585 213
585 217
585 250
585 311
585 386
585 391
585 401
585 494
585 499
585 512
585 533
585 552
585 553
585 565
585 570
585 571
585 572
586 3
586 94
586 187
586 245
586 253
586 351
586 375
586 413
586 415
586 429
586 443
586 452
586 490
586 501
586 513
586 514
586 556
586 557
586 570
586 577
586 584
586 588
586 599
587 9
587 134
587 193
587 239
587 270
587 271
587 276
587 293
587 306
587 315
587 344
587 367
587 369
587 410
587 477
587 483
587 498
587 529
587 539
587 560
587 562
587 588
587 595
588 19
588 34
588 51
588 103
588 220
588 264
588 346
588 368
588 378
588 389
588 399
588 401
588 478
588 506
588 525
588 549
588 561
588 562
588 571
588 576
588 586
588 587
588 597
589 18
589 48
589 63
589 95
589 147
589 195
589 208
589 274
589 302
589 337
589 358
589 367
589 460
589 469
589 493
589 495
589 511
589 536
589 550
589 551
589 552
589 564
589 575
589 597
590 0
590 7
590 37
590 43
590 120
590 126
590 132
590 145
590 169
590 193
590 197
590 215
590 303
590 312
590 377
590 419
590 422
590 454
590 455
590 467
590 495
590 503
590 566
590 572
591 36
591 118
591 123
591 127
591 158
591 334
591 341
591 342
591 358
591 387
591 412
591 442
591 443
591 452
591 458
591 484
591 497
591 502
591 518
591 563
591 565
591 570
591 577
591 597
592 20
592 26
592 57
592 64
592 72
592 89
592 143
592 148
592 158
592 219
592 226
592 376
592 383
592 392
592 401
592 426
592 464
592 475
592 482
592 525
592 533
592 566
592 571
592 580
593 30
593 77
593 96
593 102
593 107
593 142
593 152
593 163
593 178
593 192
593 271
593 288
593 293
593 297
593 332
593 359
593 368
593 384
593 423
593 503
593 508
593 519
593 553
593 576
594 1
594 97
594 102
594 113
594 119
594 184
594 206
594 210
594 221
594 350
594 357
594 366
594 373
594 378
594 403
594 410
594 416
594 438
594 452
594 489
594 534
594 565
594 582
594 599
595 75
595 80
595 150
595 159
595 169
595 196
595 227
595 230
595 268
595 302
595 348
595 398
595 409
595 494
595 520
595 524
595 531
595 535
595 548
595 552
595 573
595 587
595 597
595 598
596 52
596 58
596 73
596 75
596 76
596 95
596 121
596 147
596 167
596 191
596 204
596 332
596 374
596 381
596 397
596 430
596 445
596 494
596 504
596 520
596 521
596 532
596 535
596 551
597 11
597 69
597 82
597 92
597 207
597 241
597 292
597 301
597 323
597 342
597 369
597 387
597 409
597 412
597 447
597 474
597 500
597 504
597 531
597 562
597 568
597 588
597 589
597 591
597 595
598 6
598 120
598 130
598 146
598 318
598 323
598 325
598 327
598 337
598 349
598 361
598 372
598 408
598 429
598 443
598 449
598 450
598 461
598 484
598 491
598 497
598 513
598 538
598 578
598 595
599 31
599 44
599 64
599 90
599 98
599 124
599 188
599 208
599 257
599 273
599 282
599 307
599 340
599 375
599 405
599 428
599 452
599 476
599 506
599 532
599 541
599 558
599 563
599 586
599 594
