198 487
220 522
155 589
466 496
216 589
180 424
39 471
41 57
278 446
135 501
266 555
143 512
550 575
341 529
502 524
411 591
127 460
110 524
381 385
461 595
285 518
107 554
180 439
454 562
300 435
451 466
81 593
260 414
523 528
262 580
300 322
229 575
35 557
288 500
118 361
265 369
413 494
109 351
329 518
364 540
381 410
316 433
137 500
432 552
56 591
460 555
100 514
58 347
348 446
6 523
500 511
135 376
262 575
488 596
141 540
382 432
440 460
41 370
268 527
127 498
462 588
138 501
378 395
285 536
56 598
147 385
403 414
423 468
134 466
561 582
447 466
183 500
432 435
92 536
331 420
5 464
263 461
126 491
36 570
37 282
224 383
64 488
285 529
306 365
424 598
172 536
322 534
268 507
452 498
199 456
181 402
62 277
378 515
111 523
129 595
518 536
212 548
106 322
308 556
402 579
404 405
8 491
524 556
359 435
406 575
467 575
319 550
72 578
179 499
252 523
325 549
440 539
210 381
451 550
15 467
111 528
310 383
408 499
444 497
63 487
284 496
394 528
272 290
257 559
575 599
373 528
392 508
524 555
467 599
53 430
326 516
321 593
294 342
461 511
252 452
518 522
120 527
100 144
57 392
24 127
65 259
122 468
72 182
1 571
442 479
28 544
123 447
273 561
369 392
79 450
45 302
266 528
158 514
69 530
305 385
305 555
179 549
100 159
85 301
414 577
344 531
290 595
331 488
406 593
262 533
27 518
359 531
368 537
440 577
296 549
441 598
252 528
583 586
125 580
37 125
96 257
187 503
112 129
149 516
63 537
279 588
500 594
329 589
7 454
527 540
326 354
440 567
439 460
305 549
68 540
1 471
311 587
101 590
302 378
359 383
471 550
228 583
173 503
448 591
270 473
352 358
313 557
260 569
498 595
588 597
136 417
579 599
125 598
34 400
520 555
276 575
87 527
162 249
548 598
404 580
591 592
227 559
177 265
251 270
503 511
199 557
554 588
86 582
322 559
236 566
257 258
301 569
125 362
434 593
471 564
387 390
9 306
464 488
32 582
446 588
485 543
352 557
369 577
208 311
373 452
447 589
531 557
345 578
514 527
273 379
442 530
334 540
482 486
392 397
247 383
495 523
299 430
465 556
484 575
222 399
392 549
501 530
131 545
135 530
467 527
404 593
494 520
87 461
311 420
384 598
24 595
254 540
21 357
306 512
529 536
489 491
38 460
302 305
403 507
406 467
99 578
515 555
540 545
522 560
312 524
387 529
169 537
32 180
422 468
374 422
503 582
41 369
5 470
595 599
341 462
136 575
36 88
422 463
450 467
302 512
430 494
149 590
578 582
136 599
155 494
263 460
50 590
128 369
28 588
67 273
285 378
486 591
92 319
103 548
198 537
256 580
56 497
242 590
386 468
440 533
20 317
283 575
468 497
240 486
297 308
228 242
467 593
399 550
319 545
110 560
397 488
374 386
232 365
15 67
348 387
246 263
177 557
297 334
260 582
499 540
371 470
121 566
147 518
62 66
350 402
523 557
358 466
381 591
51 583
352 523
374 412
8 588
479 501
487 512
371 590
182 412
259 462
284 529
141 473
358 529
329 588
301 345
527 543
108 408
435 559
87 275
404 450
446 555
531 537
471 545
169 454
520 549
308 322
352 359
50 210
111 422
352 528
43 379
168 439
434 550
398 512
222 499
189 218
232 409
273 540
203 482
533 593
2 580
189 497
427 522
106 522
51 464
97 264
393 543
180 302
380 499
352 373
459 555
479 489
249 550
400 470
404 563
518 598
172 585
249 297
468 592
92 510
350 489
116 500
480 589
210 580
51 473
144 303
224 488
441 521
98 497
467 521
174 383
412 414
466 515
182 593
277 451
243 463
263 522
208 554
212 418
196 241
56 548
6 557
262 593
306 439
38 232
121 396
144 539
515 572
326 589
259 378
324 422
515 589
173 561
375 533
497 498
361 501
345 595
185 583
365 518
350 362
346 498
515 549
55 581
61 520
214 549
487 595
199 528
20 275
279 408
212 432
161 316
386 497
389 393
339 467
506 577
472 593
55 578
43 439
158 563
251 584
87 365
258 550
543 590
141 400
254 491
110 364
20 551
147 588
413 560
395 582
35 559
18 214
463 544
103 339
306 563
36 566
331 569
64 577
465 466
214 248
200 598
63 461
283 555
486 557
348 518
313 394
29 350
357 422
340 543
81 428
136 593
248 257
266 374
581 599
325 584
201 448
385 588
394 402
312 450
536 588
21 422
189 463
486 548
450 582
577 580
300 306
517 599
390 498
32 537
126 489
143 149
18 548
277 489
494 556
155 555
232 465
70 208
55 275
341 578
312 546
384 522
369 535
98 463
402 476
304 545
412 463
432 576
470 583
187 380
390 563
139 497
202 339
366 440
164 350
240 487
155 181
203 567
45 169
269 331
364 514
329 544
184 285
296 311
280 529
511 578
422 497
445 507
212 557
142 261
539 588
387 446
575 593
235 533
270 451
66 380
325 556
536 569
305 560
583 598
161 385
568 575
57 208
518 520
479 530
7 582
28 284
46 434
447 549
521 575
246 287
434 515
74 81
364 379
300 531
462 518
29 566
200 529
165 188
61 560
232 461
69 528
415 548
312 485
203 589
93 593
185 381
406 599
228 293
574 575
154 464
18 515
460 487
155 524
100 590
209 350
397 583
179 556
289 326
163 403
25 470
120 543
394 523
161 217
197 357
235 261
574 599
293 488
339 550
214 524
489 598
265 536
39 399
432 503
452 557
380 399
359 462
82 583
319 507
464 577
0 265
588 599
69 523
533 599
311 578
580 598
196 494
293 591
66 347
158 379
329 462
202 273
96 185
24 390
522 531
324 473
369 590
430 447
394 548
491 531
376 380
256 486
403 556
179 520
113 489
301 560
235 599
531 559
277 593
448 598
306 524
38 65
435 522
40 442
113 273
99 598
499 550
389 390
55 384
97 540
106 488
15 566
158 364
451 489
0 51
254 514
311 471
113 178
252 406
109 507
352 394
13 582
99 580
201 591
61 374
249 347
325 434
240 598
208 277
420 583
114 364
498 527
248 507
347 408
21 412
43 316
317 598
446 529
312 533
152 521
35 106
147 347
420 590
257 454
528 557
446 536
177 228
256 591
334 402
198 439
345 430
20 210
412 497
18 549
15 531
108 471
324 386
188 479
387 518
45 595
373 523
96 591
339 516
432 577
275 598
61 548
486 580
460 595
173 518
38 368
128 466
169 368
25 590
279 348
302 498
69 557
31 378
397 486
113 473
593 599
126 545
507 545
275 317
24 123
520 523
8 559
317 486
47 376
279 341
68 408
378 528
125 591
260 476
157 265
198 512
93 599
222 223
190 339
523 559
40 525
455 591
408 550
196 589
430 556
108 420
463 497
428 514
583 590
51 585
93 575
187 499
261 467
312 575
172 500
120 498
262 520
380 489
513 590
97 339
251 380
567 583
56 382
357 583
128 555
183 512
312 599
187 581
25 469
172 348
84 187
141 471
516 549
97 507
499 580
334 504
491 559
82 589
462 529
341 507
527 537
324 530
18 485
443 583
47 530
324 468
473 489
453 520
212 578
67 394
379 428
549 589
141 464
380 392
516 556
521 593
152 577
249 451
104 560
196 555
470 515
198 388
72 355
64 530
430 577
435 566
497 560
42 470
403 545
473 498
471 587
374 487
434 597
196 530
359 454
452 462
182 581
74 114
293 590
246 491
254 379
182 500
278 524
445 447
468 587
128 560
152 544
172 329
501 525
235 593
349 383
266 430
123 555
270 430
515 560
109 201
399 531
188 530
252 394
361 376
254 461
347 471
369 582
374 497
448 568
5 577
175 369
566 569
464 567
69 596
251 273
201 548
228 490
449 451
305 582
242 314
262 599
276 365
242 397
387 588
172 462
202 440
339 436
161 514
103 516
41 536
373 557
62 429
430 465
278 552
46 564
374 540
543 579
250 550
308 589
37 580
58 341
259 588
191 357
386 463
226 325
389 503
221 531
461 591
162 556
454 566
400 590
310 522
392 590
348 521
240 599
373 575
247 577
91 566
442 565
85 402
252 594
182 418
365 461
486 547
233 528
374 468
466 589
359 384
272 329
381 431
400 557
537 553
152 371
279 304
117 144
389 598
251 419
345 572
277 533
367 578
107 160
416 465
326 535
40 530
578 581
248 266
342 450
470 578
136 404
230 583
290 587
93 587
208 251
577 595
45 594
553 588
370 406
432 578
487 537
199 452
532 537
20 598
420 488
460 588
190 471
121 359
543 556
50 464
285 481
12 543
255 578
365 585
549 560
345 447
57 499
60 451
494 589
135 442
285 329
324 497
42 590
283 521
450 593
99 512
1 550
135 599
529 595
400 521
383 435
378 529
272 595
63 488
311 489
516 560
96 486
152 440
358 465
331 580
84 479
13 432
352 452
263 578
1 473
240 521
42 397
82 305
31 598
35 531
324 374
350 408
121 491
70 582
60 488
100 428
248 301
46 516
381 566
183 515
348 578
384 454
6 589
557 595
190 499
70 324
57 414
147 284
257 566
43 159
46 301
85 473
339 402
326 358
114 123
300 479
67 566
283 533
242 528
548 555
109 545
390 527
376 479
376 515
180 232
143 595
365 543
174 522
466 524
177 583
434 549
382 503
368 514
60 501
31 446
131 322
461 514
463 468
487 498
74 408
290 512
316 512
272 368
383 515
50 265
128 520
406 450
580 582
394 557
311 451
387 499
358 560
491 522
159 379
518 588
259 577
531 566
308 434
392 440
358 555
361 386
548 591
494 524
260 537
200 548
451 491
290 557
8 454
516 520
392 447
201 580
390 595
142 290
240 593
312 521
79 361
228 533
126 507
36 522
74 158
249 345
107 545
260 500
283 599
266 507
358 589
144 185
40 549
185 598
420 577
99 591
66 201
316 317
92 468
520 529
188 442
222 308
21 380
149 439
159 514
559 566
127 334
329 387
345 515
348 536
384 566
9 500
279 529
325 574
270 412
58 532
127 375
111 371
446 513
161 364
334 550
406 590
361 479
52 389
128 477
65 566
581 582
527 574
58 72
460 510
79 498
454 531
165 452
511 582
203 420
39 570
278 342
62 489
450 599
253 428
264 549
91 174
222 297
246 435
89 559
200 486
168 527
353 533
0 472
113 577
93 96
422 500
43 282
103 598
308 560
277 559
338 463
302 537
177 414
21 229
556 560
319 554
430 555
404 533
497 522
297 451
343 512
533 560
75 376
135 336
123 520
566 577
331 583
393 591
418 439
24 429
352 453
390 539
341 344
256 437
373 482
31 593
103 580
197 527
256 548
439 582
142 543
108 270
235 516
454 491
274 440
464 598
467 473
286 560
529 588
567 577
381 580
439 498
460 482
470 501
203 583
263 397
188 519
325 516
109 290
461 527
395 555
521 599
222 523
387 594
391 447
448 580
91 131
382 461
37 323
293 414
535 537
385 536
442 501
591 598
84 501
104 491
381 598
418 448
588 594
465 589
389 540
485 488
148 566
240 575
373 599
136 309
290 460
238 494
442 525
386 494
584 589
452 456
382 500
61 342
159 372
129 161
278 404
189 412
450 533
325 466
147 559
447 579
28 378
47 462
357 412
516 540
574 591
316 428
85 499
107 580
1 119
75 543
404 575
259 385
79 512
47 555
15 594
179 525
254 499
169 428
173 588
376 530
142 595
473 550
95 529
521 586
406 521
270 439
404 599
149 506
83 400
490 498
371 397
120 320
317 591
376 501
384 596
25 440
190 407
28 328
359 414
110 516
537 595
260 368
465 536
13 510
435 532
256 503
342 560
337 503
173 446
452 523
263 487
297 499
106 478
397 514
347 399
283 593
0 414
120 595
500 503
235 575
386 599
481 595
84 530
11 399
342 447
274 589
266 589
121 531
32 178
521 533
242 293
210 548
174 300
177 515
41 371
364 428
275 580
383 559
278 467
486 598
527 595
454 559
400 583
6 199
173 536
60 577
577 583
92 543
556 589
465 516
384 494
111 373
178 306
507 543
65 246
494 560
543 545
470 471
277 540
357 468
142 512
326 524
36 559
228 470
428 528
345 524
70 350
72 500
114 316
279 550
70 489
442 471
174 589
536 566
68 550
284 462
503 545
308 452
38 528
248 434
214 305
125 319
142 530
381 448
39 190
259 297
331 577
98 242
371 583
390 545
88 591
533 575
402 540
284 536
98 468
246 275
357 463
400 488
129 527
300 491
446 595
158 516
31 341
88 448
379 403
203 577
131 435
331 494
361 442
368 543
317 501
222 402
450 521
187 582
97 399
81 514
188 501
37 200
272 412
385 518
390 460
464 590
114 514
66 500
88 548
141 380
507 593
254 479
65 383
13 556
200 300
79 129
392 414
232 520
88 183
131 462
591 593
341 385
189 386
278 520
382 582
183 389
334 350
452 528
179 434
473 580
379 593
107 507
326 342
272 537
461 512
278 515
82 384
316 514
448 548
196 465
91 144
123 342
435 521
301 556
420 559
129 178
422 537
378 588
501 540
580 591
47 479
74 590
331 440
467 533
