0 221
0 275
0 429
0 464
0 582
1 14
1 452
1 518
1 541
1 542
2 121
2 368
2 398
2 505
2 544
3 338
3 439
3 493
3 558
3 599
4 172
4 341
4 376
4 535
4 577
5 92
5 337
5 442
5 504
5 518
6 65
6 278
6 447
6 587
6 590
7 230
7 332
7 419
7 584
7 599
8 18
8 387
8 425
8 461
8 592
9 286
9 297
9 458
9 507
9 549
10 292
10 394
10 410
10 480
10 507
11 197
11 433
11 478
11 522
11 594
12 75
12 105
12 334
12 565
12 582
13 201
13 321
13 340
13 421
13 433
14 1
14 182
14 393
14 406
14 571
15 317
15 401
15 416
15 534
15 592
16 305
16 446
16 474
16 510
16 514
17 466
17 485
17 507
17 586
17 597
18 8
18 24
18 247
18 317
18 484
19 88
19 354
19 369
19 481
19 579
20 36
20 210
20 496
20 500
20 549
21 372
21 403
21 580
21 584
21 599
22 258
22 489
22 520
22 562
22 579
23 279
23 293
23 447
23 481
23 564
24 18
24 141
24 387
24 519
24 554
25 299
25 336
25 348
25 471
25 581
26 314
26 328
26 471
26 533
26 567
27 473
27 540
27 555
27 578
27 598
28 306
28 307
28 382
28 538
28 545
29 276
29 497
29 580
29 584
29 599
30 473
30 530
30 583
30 597
30 598
31 219
31 328
31 477
31 551
31 565
32 160
32 229
32 261
32 486
32 591
33 493
33 502
33 539
33 587
33 593
34 83
34 144
34 179
34 391
34 556
35 408
35 417
35 508
35 524
35 556
36 20
36 181
36 362
36 427
36 549
37 267
37 365
37 491
37 570
37 587
38 474
38 475
38 510
38 582
38 585
39 450
39 482
39 514
39 555
39 590
40 391
40 511
40 574
40 575
40 595
41 70
41 443
41 467
41 498
41 517
42 526
42 551
42 588
42 591
42 596
43 199
43 337
43 430
43 552
43 560
44 58
44 281
44 372
44 448
44 587
45 162
45 307
45 407
45 505
45 568
46 74
46 419
46 456
46 580
46 599
47 426
47 504
47 521
47 559
47 570
48 237
48 299
48 413
48 491
48 581
49 248
49 335
49 501
49 517
49 581
50 371
50 470
50 509
50 549
50 591
51 216
51 220
51 314
51 553
51 573
52 135
52 488
52 496
52 565
52 584
53 146
53 468
53 546
53 559
53 591
54 359
54 483
54 539
54 575
54 583
55 366
55 428
55 525
55 544
55 583
56 137
56 442
56 477
56 485
56 541
57 173
57 516
57 537
57 540
57 578
58 44
58 476
58 521
58 576
58 597
59 60
59 442
59 445
59 485
59 589
60 59
60 259
60 420
60 489
60 571
61 139
61 258
61 319
61 566
61 567
62 396
62 421
62 450
62 514
62 551
63 491
63 495
63 515
63 516
63 561
64 460
64 490
64 580
64 584
64 599
65 6
65 305
65 448
65 577
65 582
66 295
66 341
66 530
66 579
66 585
67 200
67 409
67 440
67 457
67 561
68 359
68 463
68 502
68 504
68 529
69 387
69 442
69 445
69 485
69 568
70 41
70 470
70 544
70 558
70 572
71 223
71 352
71 413
71 566
71 589
72 177
72 336
72 489
72 521
72 559
73 309
73 380
73 439
73 597
73 598
74 46
74 409
74 440
74 561
74 587
75 12
75 472
75 475
75 511
75 577
76 77
76 191
76 285
76 472
76 535
77 76
77 260
77 327
77 558
77 573
78 342
78 348
78 349
78 434
78 441
79 412
79 420
79 516
79 555
79 578
80 217
80 343
80 572
80 580
80 599
81 87
81 380
81 427
81 448
81 536
82 205
82 298
82 538
82 547
82 588
83 34
83 295
83 408
83 472
83 556
84 381
84 392
84 489
84 546
84 579
85 133
85 264
85 459
85 535
85 577
86 380
86 407
86 506
86 553
86 593
87 81
87 441
87 494
87 573
87 578
88 19
88 459
88 519
88 579
88 598
89 312
89 477
89 586
89 597
89 598
90 243
90 386
90 487
90 499
90 575
91 123
91 279
91 515
91 565
91 574
92 5
92 327
92 477
92 511
92 585
93 117
93 182
93 394
93 429
93 506
94 95
94 107
94 404
94 557
94 561
95 94
95 276
95 341
95 530
95 546
96 102
96 214
96 311
96 514
96 522
97 200
97 337
97 444
97 552
97 588
98 303
98 453
98 470
98 481
98 498
99 282
99 424
99 558
99 567
99 589
100 101
100 149
100 363
100 380
100 519
101 100
101 313
101 446
101 567
101 589
102 96
102 515
102 555
102 564
102 578
103 135
103 275
103 523
103 528
103 541
104 167
104 309
104 310
104 451
104 513
105 12
105 119
105 238
105 557
105 561
106 117
106 326
106 467
106 518
106 534
107 94
107 448
107 502
107 529
107 543
108 254
108 448
108 477
108 482
108 574
109 370
109 377
109 443
109 469
109 557
110 435
110 533
110 562
110 575
110 594
111 202
111 293
111 335
111 431
111 571
112 316
112 429
112 466
112 486
112 538
113 340
113 548
113 580
113 586
113 598
114 152
114 417
114 483
114 492
114 593
115 116
115 394
115 483
115 572
115 596
116 115
116 144
116 324
116 356
116 594
117 93
117 106
117 169
117 241
117 542
118 289
118 391
118 392
118 518
118 532
119 105
119 491
119 517
119 553
119 584
120 308
120 484
120 492
120 552
120 591
121 2
121 297
121 427
121 483
121 488
122 358
122 463
122 502
122 529
122 582
123 91
123 248
123 418
123 469
123 565
124 150
124 234
124 251
124 417
124 592
125 422
125 466
125 531
125 586
125 598
126 429
126 449
126 471
126 586
126 589
127 193
127 415
127 468
127 478
127 565
127 576
128 144
128 233
128 270
128 402
128 409
128 545
129 414
129 434
129 473
129 508
129 547
129 556
130 271
130 320
130 389
130 450
130 582
130 598
131 178
131 189
131 218
131 524
131 548
131 555
132 164
132 185
132 237
132 365
132 472
132 582
133 85
133 426
133 464
133 519
133 531
133 585
134 212
134 331
134 357
134 489
134 536
134 547
135 52
135 103
135 196
135 279
135 469
135 565
136 204
136 301
136 503
136 580
136 584
136 599
137 56
137 178
137 450
137 485
137 596
137 599
138 367
138 409
138 410
138 488
138 507
138 549
139 61
139 256
139 338
139 405
139 563
139 575
140 343
140 533
140 573
140 580
140 584
140 599
141 24
141 292
141 398
141 458
141 507
141 549
142 231
142 269
142 506
142 509
142 575
142 593
143 309
143 468
143 530
143 551
143 568
143 579
144 34
144 116
144 128
144 300
144 503
144 543
145 339
145 442
145 445
145 485
145 548
145 596
146 53
146 232
146 240
146 474
146 531
146 585
147 207
147 357
147 368
147 518
147 542
147 562
148 151
148 160
148 252
148 489
148 503
148 593
149 100
149 201
149 444
149 547
149 552
149 569
150 124
150 169
150 272
150 326
150 395
150 594
151 148
151 313
151 480
151 498
151 569
151 580
152 114
152 154
152 419
152 452
152 511
152 574
153 386
153 421
153 490
153 499
153 594
153 597
154 152
154 417
154 516
154 520
154 543
154 569
155 444
155 469
155 481
155 534
155 571
155 573
156 357
156 394
156 456
156 538
156 542
156 571
157 211
157 301
157 314
157 507
157 546
157 579
158 385
158 443
158 506
158 509
158 578
158 588
159 166
159 263
159 399
159 464
159 528
159 529
160 32
160 148
160 237
160 443
160 496
160 596
161 254
161 339
161 369
161 373
161 424
161 525
162 45
162 183
162 211
162 221
162 487
162 553
163 179
163 209
163 379
163 512
163 560
163 563
164 132
164 355
164 431
164 503
164 569
164 595
165 224
165 352
165 362
165 467
165 563
165 564
166 159
166 296
166 349
166 503
166 559
166 592
167 104
167 191
167 448
167 491
167 492
167 513
168 329
168 378
168 424
168 496
168 592
168 595
169 117
169 150
169 170
169 248
169 335
169 580
170 169
170 437
170 539
170 570
170 583
170 587
171 221
171 358
171 455
171 458
171 479
171 549
172 4
172 419
172 572
172 580
172 584
172 599
173 57
173 182
173 199
173 299
173 475
173 551
174 239
174 489
174 497
174 513
174 571
174 576
175 348
175 425
175 441
175 462
175 554
175 570
176 336
176 468
176 533
176 542
176 547
176 589
177 72
177 484
177 538
177 542
177 544
177 562
178 131
178 137
178 257
178 442
178 445
178 485
179 34
179 163
179 423
179 473
179 508
179 556
180 256
180 390
180 410
180 429
180 498
180 557
181 36
181 287
181 303
181 360
181 388
181 564
182 14
182 93
182 173
182 344
182 375
182 505
183 162
183 272
183 313
183 432
183 456
183 525
184 358
184 392
184 407
184 486
184 516
184 572
185 132
185 191
185 305
185 466
185 472
185 545
186 304
186 328
186 409
186 440
186 485
186 557
187 490
187 534
187 551
187 560
187 593
187 595
188 269
188 483
188 486
188 539
188 575
188 596
189 131
189 263
189 390
189 479
189 484
189 594
190 216
190 395
190 436
190 439
190 522
190 563
191 76
191 167
191 185
191 287
191 459
191 510
192 286
192 441
192 535
192 541
192 567
192 582
193 127
193 322
193 395
193 539
193 576
193 596
194 339
194 406
194 497
194 540
194 551
194 568
195 389
195 512
195 514
195 550
195 575
195 593
196 135
196 230
196 486
196 487
196 536
196 575
197 11
197 276
197 400
197 537
197 545
197 550
198 329
198 457
198 474
198 533
198 535
198 577
199 43
199 173
199 209
199 438
199 475
199 585
200 67
200 97
200 267
200 479
200 552
200 553
201 13
201 149
201 374
201 380
201 578
201 595
202 111
202 315
202 387
202 465
202 508
202 556
203 300
203 468
203 535
203 553
203 559
203 596
204 136
204 247
204 442
204 580
204 584
204 599
205 82
205 365
205 520
205 529
205 547
205 551
206 389
206 444
206 461
206 566
206 567
206 590
207 147
207 370
207 430
207 482
207 484
207 522
208 235
208 333
208 363
208 397
208 496
208 513
209 163
209 199
209 346
209 375
209 475
209 591
210 20
210 304
210 440
210 495
210 561
210 585
211 157
211 162
211 341
211 414
211 449
211 579
212 134
212 354
212 520
212 551
212 570
212 584
213 507
213 548
213 554
213 586
213 597
213 598
214 96
214 320
214 498
214 511
214 514
214 570
215 400
215 402
215 507
215 537
215 543
215 545
216 51
216 190
216 461
216 520
216 533
216 551
217 80
217 363
217 519
217 530
217 546
217 568
218 131
218 312
218 396
218 407
218 482
218 532
219 31
219 220
219 250
219 289
219 315
219 574
220 51
220 219
220 260
220 497
220 554
220 562
221 0
221 162
221 171
221 390
221 439
221 557
222 238
222 321
222 476
222 553
222 559
222 579
223 71
223 380
223 384
223 547
223 566
223 589
224 165
224 228
224 498
224 527
224 561
224 581
225 286
225 296
225 492
225 496
225 513
225 555
226 361
226 431
226 465
226 494
226 532
226 589
227 230
227 285
227 377
227 425
227 500
227 554
228 224
228 502
228 544
228 548
228 558
228 583
228 598
229 32
229 243
229 277
229 500
229 536
229 550
229 588
230 7
230 196
230 227
230 316
230 338
230 540
230 573
231 142
231 431
231 549
231 554
231 560
231 569
231 595
232 146
232 240
232 268
232 353
232 451
232 487
232 526
233 128
233 302
233 450
233 477
233 537
233 545
233 563
234 124
234 282
234 500
234 509
234 527
234 550
234 591
235 208
235 275
235 383
235 457
235 506
235 593
235 595
236 271
236 296
236 317
236 497
236 512
236 514
236 590
237 48
237 132
237 160
237 474
237 576
237 577
237 582
238 105
238 222
238 271
238 304
238 404
238 469
238 561
239 174
239 257
239 273
239 499
239 533
239 538
239 591
240 146
240 232
240 335
240 367
240 464
240 523
240 568
241 117
241 315
241 414
241 473
241 520
241 556
241 592
242 462
242 493
242 502
242 554
242 562
242 580
242 584
243 90
243 229
243 321
243 395
243 428
243 447
243 481
244 344
244 346
244 375
244 438
244 475
244 541
244 582
245 247
245 304
245 435
245 441
245 462
245 554
245 586
246 398
246 431
246 440
246 519
246 530
246 553
246 559
247 18
247 204
247 245
247 387
247 445
247 453
247 554
248 49
248 123
248 169
248 364
248 385
248 501
248 550
249 460
249 489
249 493
249 520
249 545
249 551
249 562
250 219
250 373
250 492
250 511
250 560
250 574
250 582
251 124
251 338
251 468
251 490
251 506
251 592
251 595
252 148
252 332
252 382
252 543
252 569
252 582
252 592
253 499
253 504
253 544
253 552
253 583
253 584
253 599
254 108
254 161
254 328
254 346
254 353
254 386
254 547
255 381
255 454
255 508
255 544
255 548
255 583
255 598
256 139
256 180
256 327
256 450
256 484
256 557
256 573
257 178
257 239
257 446
257 471
257 541
257 566
257 589
258 22
258 61
258 347
258 449
258 471
258 566
258 595
259 60
259 261
259 309
259 453
259 501
259 520
259 562
260 77
260 220
260 338
260 536
260 540
260 573
260 596
261 32
261 259
261 520
261 533
261 551
261 587
261 592
262 355
262 437
262 497
262 542
262 547
262 564
262 571
263 159
263 189
263 267
263 306
263 449
263 482
263 492
264 85
264 418
264 452
264 515
264 555
264 578
264 596
265 379
265 442
265 474
265 510
265 532
265 577
265 582
266 465
266 470
266 505
266 506
266 549
266 575
266 577
267 37
267 200
267 263
267 479
267 524
267 531
267 552
268 232
268 341
268 353
268 521
268 526
268 528
268 585
269 142
269 188
269 283
269 397
269 499
269 543
269 595
270 128
270 392
270 400
270 402
270 505
270 537
270 552
271 130
271 236
271 238
271 368
271 512
271 583
271 590
272 150
272 183
272 382
272 453
272 527
272 566
272 581
273 239
273 317
273 331
273 511
273 519
273 531
273 560
274 332
274 382
274 490
274 548
274 583
274 597
274 598
275 0
275 103
275 235
275 444
275 566
275 577
275 596
276 29
276 95
276 197
276 302
276 537
276 541
276 545
277 229
277 280
277 360
277 439
277 491
277 564
277 581
278 6
278 424
278 499
278 565
278 591
278 592
278 593
279 23
279 91
279 135
279 308
279 330
279 383
279 505
280 277
280 474
280 544
280 548
280 586
280 587
280 597
281 44
281 288
281 437
281 463
281 478
281 493
281 519
282 99
282 234
282 294
282 325
282 447
282 562
282 591
283 269
283 424
283 446
283 461
283 514
283 564
283 566
284 320
284 327
284 417
284 431
284 579
284 593
284 595
285 76
285 227
285 342
285 399
285 440
285 457
285 580
286 9
286 192
286 225
286 333
286 363
286 476
286 492
287 181
287 191
287 331
287 371
287 456
287 478
287 527
288 281
288 297
288 393
288 469
288 488
288 505
288 581
289 118
289 219
289 313
289 318
289 347
289 518
289 574
290 292
290 433
290 481
290 490
290 546
290 562
290 594
291 398
291 407
291 488
291 503
291 505
291 565
291 573
292 10
292 141
292 290
292 367
292 549
292 556
292 594
293 23
293 111
293 419
293 449
293 490
293 501
293 529
293 534
294 282
294 443
294 509
294 522
294 557
294 564
294 588
294 591
295 66
295 83
295 423
295 428
295 449
295 586
295 597
295 598
296 166
296 225
296 236
296 320
296 396
296 450
296 512
296 586
297 9
297 121
297 288
297 370
297 398
297 505
297 520
297 557
298 82
298 379
298 436
298 493
298 523
298 531
298 585
298 590
299 25
299 48
299 173
299 313
299 391
299 434
299 517
299 587
300 144
300 203
300 342
300 356
300 374
300 462
300 501
300 567
301 136
301 157
301 385
301 550
301 559
301 588
301 591
301 596
302 233
302 276
302 368
302 377
302 402
302 494
302 537
302 545
303 98
303 181
303 432
303 437
303 453
303 498
303 538
303 589
304 186
304 210
304 238
304 245
304 440
304 520
304 550
304 561
305 16
305 65
305 185
305 334
305 451
305 557
305 577
305 599
306 28
306 263
306 430
306 495
306 516
306 540
306 555
306 578
307 28
307 45
307 366
307 382
307 402
307 537
307 545
307 599
308 120
308 279
308 310
308 337
308 347
308 479
308 524
308 540
309 73
309 104
309 143
309 259
309 448
309 463
309 502
309 529
310 104
310 308
310 333
310 363
310 388
310 492
310 513
310 546
311 96
311 320
311 389
311 498
311 512
311 534
311 576
311 590
312 89
312 218
312 430
312 482
312 524
312 552
312 569
312 581
313 101
313 151
313 183
313 289
313 299
313 401
313 564
313 570
314 26
314 51
314 157
314 384
314 449
314 461
314 567
314 590
315 202
315 219
315 241
315 473
315 508
315 542
315 556
315 567
316 112
316 230
316 378
316 423
316 532
316 567
316 574
316 595
317 15
317 18
317 236
317 273
317 369
317 454
317 520
317 538
318 289
318 355
318 393
318 413
318 445
318 452
318 518
318 525
319 61
319 356
319 437
319 452
319 504
319 539
319 586
319 587
320 130
320 214
320 284
320 296
320 311
320 396
320 414
320 537
321 13
321 222
321 243
321 383
321 436
321 523
321 528
321 563
322 193
322 351
322 493
322 503
322 504
322 517
322 580
322 587
323 329
323 365
323 379
323 415
323 425
323 539
323 576
323 587
324 116
324 364
324 473
324 499
324 522
324 525
324 546
324 559
325 282
325 347
325 500
325 531
325 550
325 553
325 588
325 591
326 106
326 150
326 335
326 351
326 375
326 490
326 502
326 594
327 77
327 92
327 256
327 284
327 380
327 397
327 450
327 465
328 26
328 31
328 186
328 254
328 369
328 395
328 477
328 595
329 168
329 198
329 323
329 367
329 472
329 510
329 532
329 552
330 279
330 370
330 488
330 505
330 512
330 564
330 565
330 597
331 134
331 273
331 287
331 360
331 397
331 527
331 564
331 581
332 7
332 252
332 274
332 407
332 519
332 530
332 538
332 579
333 208
333 286
333 310
333 342
333 453
333 492
333 513
333 564
334 12
334 305
334 417
334 427
334 429
334 446
334 556
334 582
335 49
335 111
335 169
335 240
335 326
335 357
335 469
335 542
336 25
336 72
336 176
336 401
336 434
336 480
336 581
336 586
337 5
337 43
337 97
337 308
337 347
337 552
337 579
337 588
338 3
338 139
338 230
338 251
338 260
338 340
338 496
338 572
339 145
339 161
339 194
339 349
339 445
339 548
339 551
339 562
339 593
340 13
340 113
340 338
340 416
340 451
340 528
340 531
340 560
340 598
341 4
341 66
341 95
341 211
341 268
341 404
341 508
341 546
341 553
342 78
342 285
342 300
342 333
342 399
342 403
342 518
342 521
342 554
343 80
343 140
343 419
343 480
343 538
343 544
343 550
343 584
343 599
344 182
344 244
344 394
344 438
344 445
344 471
344 475
344 497
344 557
345 350
345 402
345 448
345 460
345 463
345 491
345 502
345 529
345 547
346 209
346 244
346 254
346 375
346 394
346 438
346 475
346 506
346 563
347 258
347 289
347 308
347 325
347 337
347 482
347 484
347 524
347 590
348 25
348 78
348 175
348 354
348 399
348 435
348 462
348 482
348 508
349 78
349 166
349 339
349 364
349 383
349 444
349 470
349 569
349 593
350 345
350 361
350 447
350 466
350 490
350 522
350 558
350 590
350 594
351 322
351 326
351 368
351 385
351 411
351 478
351 493
351 570
351 576
352 71
352 165
352 365
352 435
352 456
352 480
352 564
352 580
352 581
353 232
353 254
353 268
353 391
353 406
353 465
353 511
353 518
353 574
354 19
354 212
354 348
354 386
354 454
354 481
354 533
354 542
354 584
355 164
355 262
355 318
355 421
355 436
355 523
355 526
355 531
355 560
356 116
356 300
356 319
356 361
356 384
356 521
356 539
356 570
356 587
357 134
357 147
357 156
357 335
357 423
357 494
357 497
357 538
357 547
358 122
358 171
358 184
358 410
358 455
358 496
358 507
358 546
358 549
359 54
359 68
359 395
359 494
359 572
359 573
359 575
359 579
359 596
360 181
360 277
360 331
360 412
360 415
360 488
360 491
360 527
360 594
361 226
361 350
361 356
361 434
361 456
361 471
361 491
361 564
361 581
362 36
362 165
362 384
362 386
362 461
362 566
362 567
362 577
362 589
363 100
363 208
363 217
363 286
363 310
363 449
363 492
363 496
363 513
364 248
364 324
364 349
364 469
364 520
364 522
364 525
364 534
364 567
365 37
365 132
365 205
365 323
365 352
365 521
365 572
365 576
365 587
366 55
366 307
366 369
366 397
366 468
366 485
366 569
366 592
366 598
367 138
367 240
367 292
367 329
367 410
367 451
367 455
367 458
367 507
368 2
368 147
368 271
368 302
368 351
368 454
368 497
368 551
368 571
369 19
369 161
369 317
369 328
369 366
369 393
369 477
369 510
369 574
370 109
370 207
370 297
370 330
370 377
370 398
370 565
370 591
370 594
371 50
371 287
371 373
371 385
371 411
371 528
371 550
371 588
371 591
372 21
372 44
372 452
372 487
372 530
372 546
372 559
372 568
372 579
373 161
373 250
373 371
373 391
373 455
373 477
373 530
373 563
373 574
374 201
374 300
374 383
374 416
374 465
374 503
374 537
374 561
374 595
375 182
375 209
375 244
375 326
375 346
375 391
375 394
375 438
375 523
376 4
376 390
376 402
376 427
376 458
376 536
376 558
376 575
376 593
377 109
377 227
377 302
377 370
377 398
377 416
377 469
377 505
377 565
378 168
378 316
378 411
378 444
378 484
378 505
378 506
378 588
378 593
379 163
379 265
379 298
379 323
379 541
379 560
379 563
379 564
379 585
380 73
380 81
380 86
380 100
380 201
380 223
380 327
380 465
380 501
380 543
381 84
381 255
381 450
381 468
381 487
381 500
381 546
381 559
381 568
381 575
382 28
382 252
382 272
382 274
382 307
382 400
382 402
382 423
382 537
382 545
383 235
383 279
383 321
383 349
383 374
383 539
383 543
383 569
383 592
383 599
384 223
384 314
384 356
384 362
384 435
384 446
384 510
384 545
384 566
384 567
385 158
385 248
385 301
385 351
385 371
385 388
385 558
385 580
385 591
385 596
386 90
386 153
386 254
386 354
386 362
386 542
386 547
386 554
386 573
386 590
387 8
387 24
387 69
387 202
387 247
387 409
387 464
387 474
387 523
387 563
388 181
388 310
388 385
388 408
388 443
388 500
388 509
388 550
388 554
388 588
389 130
389 195
389 206
389 311
389 450
389 512
389 514
389 532
389 538
389 595
390 180
390 189
390 221
390 376
390 429
390 486
390 487
390 488
390 536
390 577
391 34
391 40
391 118
391 299
391 353
391 373
391 375
391 393
391 454
391 518
392 84
392 118
392 184
392 270
392 426
392 439
392 483
392 494
392 497
392 558
393 14
393 288
393 318
393 369
393 391
393 452
393 470
393 511
393 532
393 551
394 10
394 93
394 115
394 156
394 344
394 346
394 375
394 438
394 475
394 518
395 150
395 190
395 193
395 243
395 328
395 359
395 501
395 522
395 526
395 594
396 62
396 218
396 296
396 320
396 436
396 497
396 512
396 514
396 549
396 590
397 208
397 269
397 327
397 331
397 366
397 477
397 495
397 506
397 569
397 593
398 2
398 141
398 246
398 291
398 297
398 370
398 377
398 469
398 482
398 565
399 159
399 285
399 342
399 348
399 462
399 541
399 554
399 567
399 575
399 581
400 197
400 215
400 270
400 382
400 445
400 485
400 537
400 545
400 575
400 597
401 15
401 313
401 336
401 420
401 444
401 467
401 479
401 517
401 568
401 581
402 128
402 215
402 270
402 302
402 307
402 345
402 376
402 382
402 490
402 537
403 21
403 342
403 429
403 434
403 435
403 441
403 457
403 541
403 554
403 576
404 94
404 238
404 341
404 409
404 440
404 539
404 557
404 560
404 561
404 578
405 139
405 438
405 490
405 526
405 532
405 534
405 588
405 590
405 592
405 593
406 14
406 194
406 353
406 477
406 496
406 502
406 511
406 512
406 525
406 574
407 45
407 86
407 184
407 218
407 291
407 332
407 530
407 553
407 559
407 568
408 35
408 83
408 388
408 414
408 446
408 447
408 473
408 508
408 556
408 585
409 67
409 74
409 128
409 138
409 186
409 387
409 404
409 422
409 557
409 561
410 10
410 138
410 180
410 358
410 367
410 455
410 466
410 528
410 549
410 598
411 351
411 371
411 378
411 470
411 493
411 521
411 554
411 570
411 576
411 587
412 79
412 360
412 413
412 430
412 479
412 482
412 484
412 523
412 524
412 552
413 48
413 71
413 318
413 412
413 418
413 422
413 515
413 540
413 555
413 578
414 129
414 211
414 241
414 320
414 408
414 473
414 508
414 521
414 556
414 568
415 127
415 323
415 360
415 504
415 521
415 523
415 529
415 570
415 572
415 576
416 15
416 340
416 374
416 377
416 503
416 532
416 540
416 585
416 592
416 593
417 35
417 114
417 124
417 154
417 284
417 334
417 467
417 543
417 572
417 595
418 123
418 264
418 413
418 422
418 495
418 515
418 540
418 563
418 577
418 578
418 592
419 7
419 46
419 152
419 172
419 293
419 343
419 520
419 580
419 584
419 591
419 599
420 60
420 79
420 401
420 427
420 432
420 453
420 535
420 548
420 564
420 572
420 573
421 13
421 62
421 153
421 355
421 426
421 464
421 509
421 528
421 536
421 563
421 585
422 125
422 409
422 413
422 418
422 495
422 516
422 520
422 540
422 555
422 573
422 578
423 179
423 295
423 316
423 357
423 382
423 439
423 466
423 544
423 583
423 586
423 597
424 99
424 161
424 168
424 278
424 283
424 461
424 471
424 499
424 566
424 589
424 593
425 8
425 175
425 227
425 323
425 435
425 457
425 462
425 524
425 534
425 541
425 572
426 47
426 133
426 392
426 421
426 451
426 464
426 528
426 535
426 563
426 588
426 598
427 36
427 81
427 121
427 334
427 376
427 420
427 486
427 536
427 539
427 569
427 575
428 55
428 243
428 295
428 433
428 466
428 501
428 544
428 570
428 583
428 586
428 597
429 0
429 93
429 112
429 126
429 180
429 334
429 390
429 403
429 510
429 537
429 572
430 43
430 207
430 306
430 312
430 412
430 482
430 524
430 544
430 545
430 552
430 586
431 111
431 164
431 226
431 231
431 246
431 284
431 476
431 571
431 578
431 584
431 592
432 183
432 303
432 420
432 457
432 467
432 480
432 498
432 529
432 546
432 581
432 586
433 11
433 13
433 290
433 428
433 456
433 499
433 501
433 517
433 522
433 534
433 571
434 78
434 129
434 299
434 336
434 361
434 403
434 453
434 498
434 517
434 553
434 582
435 110
435 245
435 348
435 352
435 384
435 403
435 425
435 457
435 462
435 473
435 554
436 190
436 298
436 321
436 355
436 396
436 447
436 464
436 488
436 518
436 563
436 585
437 170
437 262
437 281
437 303
437 319
437 478
437 491
437 521
437 539
437 576
437 594
438 199
438 244
438 344
438 346
438 375
438 394
438 405
438 475
438 513
438 526
438 594
439 3
439 73
439 190
439 221
439 277
439 392
439 423
439 464
439 494
439 500
439 575
440 67
440 74
440 186
440 210
440 246
440 285
440 304
440 404
440 528
440 561
440 598
441 78
441 87
441 175
441 192
441 245
441 403
441 457
441 472
441 534
441 553
441 554
442 5
442 56
442 59
442 69
442 145
442 178
442 204
442 265
442 445
442 485
442 581
442 596
443 41
443 109
443 158
443 160
443 294
443 388
443 500
443 509
443 550
443 559
443 566
443 588
444 97
444 149
444 155
444 206
444 275
444 349
444 378
444 401
444 532
444 542
444 592
444 595
445 59
445 69
445 145
445 178
445 247
445 318
445 339
445 344
445 400
445 442
445 485
445 563
446 16
446 101
446 257
446 283
446 334
446 384
446 408
446 461
446 567
446 574
446 589
446 596
447 6
447 23
447 243
447 282
447 350
447 408
447 436
447 501
447 590
447 592
447 594
447 596
448 44
448 65
448 81
448 107
448 108
448 167
448 309
448 345
448 460
448 463
448 502
448 529
449 126
449 211
449 258
449 263
449 293
449 295
449 314
449 363
449 454
449 479
449 524
449 589
450 39
450 62
450 130
450 137
450 233
450 256
450 296
450 327
450 381
450 389
450 512
450 514
451 104
451 232
451 305
451 340
451 367
451 426
451 523
451 526
451 550
451 560
451 563
451 585
452 1
452 152
452 264
452 318
452 319
452 372
452 393
452 511
452 518
452 541
452 573
452 574
453 98
453 247
453 259
453 272
453 303
453 333
453 420
453 434
453 467
453 516
453 517
453 586
454 255
454 317
454 354
454 368
454 391
454 449
454 489
454 508
454 538
454 542
454 551
454 552
455 171
455 358
455 367
455 373
455 410
455 458
455 507
455 543
455 549
455 577
455 581
455 595
456 46
456 156
456 183
456 287
456 352
456 361
456 433
456 467
456 480
456 498
456 527
456 566
457 67
457 198
457 235
457 285
457 403
457 425
457 432
457 435
457 441
457 541
457 554
457 599
458 9
458 141
458 171
458 367
458 376
458 455
458 465
458 496
458 507
458 552
458 566
458 576
459 85
459 88
459 191
459 474
459 486
459 510
459 533
459 535
459 577
459 579
459 582
459 597
460 64
460 249
460 345
460 448
460 463
460 495
460 502
460 529
460 586
460 588
461 8
461 206
461 216
461 283
461 314
461 362
461 424
461 446
461 531
461 540
461 567
461 589
462 175
462 242
462 245
462 300
462 348
462 399
462 425
462 435
462 506
462 515
462 522
462 527
463 68
463 122
463 281
463 309
463 345
463 448
463 460
463 502
463 529
463 566
463 569
463 597
464 0
464 133
464 159
464 240
464 387
464 421
464 426
464 436
464 439
464 526
464 530
464 577
465 202
465 226
465 266
465 327
465 353
465 374
465 380
465 458
465 503
465 527
465 543
465 565
465 569
466 17
466 112
466 125
466 185
466 350
466 410
466 423
466 428
466 495
466 548
466 568
466 583
466 586
467 41
467 106
467 165
467 401
467 417
467 432
467 453
467 456
467 481
467 508
467 527
467 560
467 564
468 53
468 127
468 143
468 176
468 203
468 251
468 366
468 381
468 532
468 546
468 552
468 559
468 568
469 109
469 123
469 135
469 155
469 238
469 288
469 335
469 364
469 377
469 398
469 488
469 565
469 597
470 50
470 70
470 98
470 266
470 349
470 393
470 411
470 481
470 483
470 494
470 558
470 573
470 575
471 25
471 26
471 126
471 257
471 258
471 344
471 361
471 424
471 489
471 534
471 566
471 567
471 589
472 75
472 76
472 83
472 132
472 185
472 329
472 441
472 477
472 478
472 510
472 557
472 577
472 582
473 27
473 30
473 129
473 179
473 241
473 315
473 324
473 408
473 414
473 435
473 508
473 518
473 556
474 16
474 38
474 146
474 198
474 237
474 265
474 280
474 387
474 459
474 484
474 523
474 535
474 577
475 38
475 75
475 173
475 199
475 209
475 244
475 344
475 346
475 394
475 438
475 479
475 556
475 566
476 58
476 222
476 286
476 431
476 480
476 503
476 506
476 532
476 562
476 569
476 592
476 593
476 595
477 31
477 56
477 89
477 92
477 108
477 233
477 328
477 369
477 373
477 397
477 406
477 472
477 511
478 11
478 127
478 281
478 287
478 351
478 437
478 472
478 493
478 504
478 562
478 570
478 587
478 597
479 171
479 189
479 200
479 267
479 308
479 401
479 412
479 449
479 475
479 498
479 524
479 552
479 562
480 10
480 151
480 336
480 343
480 352
480 432
480 456
480 476
480 486
480 491
480 517
480 564
480 572
481 19
481 23
481 98
481 155
481 243
481 290
481 354
481 467
481 470
481 487
481 493
481 568
481 593
482 39
482 108
482 207
482 218
482 263
482 312
482 347
482 348
482 398
482 412
482 430
482 484
482 524
483 54
483 114
483 115
483 121
483 188
483 392
483 470
483 494
483 509
483 519
483 541
483 556
483 572
484 18
484 120
484 177
484 189
484 207
484 256
484 347
484 378
484 412
484 474
484 482
484 487
484 552
485 17
485 56
485 59
485 69
485 137
485 145
485 178
485 186
485 366
485 400
485 442
485 445
485 523
486 32
486 112
486 184
486 188
486 196
486 390
486 427
486 459
486 480
486 548
486 571
486 572
486 573
487 90
487 162
487 196
487 232
487 372
487 381
487 390
487 481
487 484
487 519
487 553
487 559
487 568
487 580
488 52
488 121
488 138
488 288
488 291
488 330
488 360
488 390
488 436
488 469
488 490
488 505
488 565
488 599
489 22
489 60
489 72
489 84
489 134
489 148
489 174
489 249
489 454
489 471
489 499
489 533
489 547
489 589
490 64
490 153
490 187
490 251
490 274
490 290
490 293
490 326
490 350
490 402
490 405
490 488
490 547
490 594
491 37
491 48
491 63
491 119
491 167
491 277
491 345
491 360
491 361
491 437
491 480
491 499
491 517
491 581
492 114
492 120
492 167
492 225
492 250
492 263
492 286
492 310
492 333
492 363
492 496
492 500
492 513
492 526
493 3
493 33
493 242
493 249
493 281
493 298
493 322
493 351
493 411
493 478
493 481
493 504
493 570
493 576
494 87
494 226
494 302
494 357
494 359
494 392
494 439
494 470
494 483
494 524
494 535
494 536
494 558
494 589
495 63
495 210
495 306
495 397
495 418
495 422
495 460
495 466
495 515
495 516
495 529
495 540
495 550
495 555
496 20
496 52
496 160
496 168
496 208
496 225
496 338
496 358
496 363
496 406
496 458
496 492
496 513
496 549
497 29
497 174
497 194
497 220
497 236
497 262
497 344
497 357
497 368
497 392
497 396
497 538
497 547
497 583
498 41
498 98
498 151
498 180
498 214
498 224
498 303
498 311
498 432
498 434
498 456
498 479
498 527
498 547
499 90
499 153
499 239
499 253
499 269
499 278
499 324
499 424
499 433
499 489
499 491
499 501
499 534
499 590
500 20
500 227
500 229
500 234
500 325
500 381
500 388
500 439
500 443
500 492
500 509
500 545
500 588
500 591
501 49
501 248
501 259
501 293
501 300
501 380
501 395
501 428
501 433
501 447
501 499
501 526
501 544
501 592
501 594
502 33
502 68
502 107
502 122
502 228
502 242
502 309
502 326
502 345
502 406
502 448
502 460
502 463
502 510
502 529
503 136
503 144
503 148
503 164
503 166
503 291
503 322
503 374
503 416
503 465
503 476
503 515
503 554
503 567
503 593
504 5
504 47
504 68
504 253
504 319
504 322
504 415
504 478
504 493
504 539
504 561
504 569
504 570
504 587
504 588
505 2
505 45
505 182
505 266
505 270
505 279
505 288
505 291
505 297
505 330
505 377
505 378
505 488
505 553
505 565
506 86
506 93
506 142
506 158
506 235
506 251
506 266
506 346
506 378
506 397
506 462
506 476
506 527
506 532
506 565
507 9
507 10
507 17
507 138
507 141
507 157
507 213
507 215
507 358
507 367
507 455
507 458
507 534
507 549
507 555
508 35
508 129
508 179
508 202
508 255
508 315
508 341
508 348
508 408
508 414
508 454
508 467
508 473
508 556
508 587
509 50
509 142
509 158
509 234
509 294
509 388
509 421
509 443
509 483
509 500
509 510
509 514
509 550
509 561
509 588
510 16
510 38
510 191
510 265
510 329
510 369
510 384
510 429
510 459
510 472
510 502
510 509
510 511
510 535
510 582
511 40
511 75
511 92
511 152
511 214
511 250
511 273
511 353
511 393
511 406
511 452
511 477
511 510
511 554
511 570
512 163
512 195
512 236
512 271
512 296
512 311
512 330
512 389
512 396
512 406
512 450
512 517
512 555
512 571
512 590
513 104
513 167
513 174
513 208
513 225
513 310
513 333
513 363
513 438
513 492
513 496
513 514
513 524
513 583
513 594
514 16
514 39
514 62
514 96
514 195
514 214
514 236
514 283
514 389
514 396
514 450
514 509
514 513
514 516
514 550
514 590
515 63
515 91
515 102
515 264
515 413
515 418
515 462
515 495
515 503
515 516
515 527
515 540
515 555
515 558
515 578
515 599
516 57
516 63
516 79
516 154
516 184
516 306
516 422
516 453
516 495
516 514
516 515
516 540
516 555
516 574
516 578
516 595
517 41
517 49
517 119
517 299
517 322
517 401
517 433
517 434
517 453
517 480
517 491
517 512
517 533
517 536
517 564
517 581
518 1
518 5
518 106
518 118
518 147
518 289
518 318
518 342
518 353
518 391
518 394
518 436
518 452
518 473
518 558
518 574
519 24
519 88
519 100
519 133
519 217
519 246
519 273
519 281
519 332
519 483
519 487
519 530
519 533
519 546
519 551
519 579
520 22
520 154
520 205
520 212
520 216
520 241
520 249
520 259
520 261
520 297
520 304
520 317
520 364
520 419
520 422
520 562
521 47
521 58
521 72
521 268
521 342
521 356
521 365
521 411
521 414
521 415
521 437
521 539
521 555
521 557
521 570
521 587
522 11
522 96
522 190
522 207
522 294
522 324
522 350
522 364
522 395
522 433
522 462
522 537
522 569
522 571
522 585
522 594
523 103
523 240
523 298
523 321
523 355
523 375
523 387
523 412
523 415
523 451
523 474
523 485
523 526
523 558
523 560
523 596
524 35
524 131
524 267
524 308
524 312
524 347
524 412
524 425
524 430
524 449
524 479
524 482
524 494
524 513
524 574
524 583
525 55
525 161
525 183
525 318
525 324
525 364
525 406
525 534
525 535
525 549
525 562
525 571
525 574
525 576
525 584
525 594
526 42
526 232
526 268
526 355
526 395
526 405
526 438
526 451
526 464
526 492
526 501
526 523
526 528
526 541
526 560
526 585
527 224
527 234
527 272
527 287
527 331
527 360
527 456
527 462
527 465
527 467
527 498
527 506
527 515
527 564
527 577
527 595
528 103
528 159
528 268
528 321
528 340
528 371
528 410
528 421
528 426
528 440
528 526
528 538
528 541
528 561
528 565
528 576
528 585
529 68
529 107
529 122
529 159
529 205
529 293
529 309
529 345
529 415
529 432
529 448
529 460
529 463
529 495
529 502
529 534
529 559
530 30
530 66
530 95
530 143
530 217
530 246
530 332
530 372
530 373
530 407
530 464
530 519
530 536
530 537
530 562
530 568
530 593
531 125
531 133
531 146
531 267
531 273
531 298
531 325
531 340
531 355
531 461
531 533
531 537
531 539
531 541
531 560
531 563
531 585
532 118
532 218
532 226
532 265
532 316
532 329
532 389
532 393
532 405
532 416
532 444
532 468
532 476
532 506
532 543
532 553
532 569
533 26
533 110
533 140
533 176
533 198
533 216
533 239
533 261
533 354
533 459
533 489
533 517
533 519
533 531
533 538
533 542
533 571
534 15
534 106
534 155
534 187
534 293
534 311
534 364
534 405
534 425
534 433
534 441
534 471
534 499
534 507
534 525
534 529
534 590
535 4
535 76
535 85
535 192
535 198
535 203
535 420
535 426
535 459
535 474
535 494
535 510
535 525
535 542
535 577
535 582
535 597
536 81
536 134
536 196
536 229
536 260
536 376
536 390
536 421
536 427
536 494
536 517
536 530
536 543
536 558
536 573
536 575
536 583
537 57
537 197
537 215
537 233
537 270
537 276
537 302
537 307
537 320
537 374
537 382
537 400
537 402
537 429
537 522
537 530
537 531
537 545
538 28
538 82
538 112
538 156
538 177
538 239
538 303
538 317
538 332
538 343
538 357
538 389
538 454
538 497
538 528
538 533
538 547
538 562
539 33
539 54
539 170
539 188
539 193
539 319
539 323
539 356
539 383
539 404
539 427
539 437
539 504
539 521
539 531
539 549
539 570
539 576
540 27
540 57
540 194
540 230
540 260
540 306
540 308
540 413
540 416
540 418
540 422
540 461
540 495
540 515
540 516
540 555
540 568
540 578
541 1
541 56
541 103
541 192
541 244
541 257
541 276
541 379
541 399
541 403
541 425
541 452
541 457
541 483
541 526
541 528
541 531
541 560
542 1
542 117
542 147
542 156
542 176
542 177
542 262
542 315
542 335
542 354
542 386
542 444
542 454
542 533
542 535
542 551
542 571
542 590
543 107
543 144
543 154
543 215
543 252
543 269
543 380
543 383
543 417
543 455
543 465
543 532
543 536
543 545
543 547
543 590
543 595
543 596
544 2
544 55
544 70
544 177
544 228
544 253
544 255
544 280
544 343
544 423
544 428
544 430
544 501
544 548
544 583
544 586
544 597
544 598
545 28
545 128
545 185
545 197
545 215
545 233
545 249
545 276
545 302
545 307
545 382
545 384
545 400
545 430
545 500
545 537
545 543
545 555
545 594
546 53
546 84
546 95
546 157
546 217
546 290
546 310
546 324
546 341
546 358
546 372
546 381
546 432
546 468
546 519
546 548
546 549
546 553
546 579
547 82
547 129
547 134
547 149
547 176
547 205
547 223
547 254
547 262
547 345
547 357
547 386
547 489
547 490
547 497
547 498
547 538
547 543
547 562
548 113
548 131
548 145
548 213
548 228
548 255
548 274
548 280
548 339
548 420
548 466
548 486
548 544
548 546
548 560
548 583
548 586
548 597
548 598
549 9
549 20
549 36
549 50
549 138
549 141
549 171
549 231
549 266
549 292
549 358
549 396
549 410
549 455
549 496
549 507
549 525
549 539
549 546
550 195
550 197
550 229
550 234
550 248
550 301
550 304
550 325
550 343
550 371
550 388
550 443
550 451
550 495
550 509
550 514
550 588
550 591
550 596
551 31
551 42
551 62
551 143
551 173
551 187
551 194
551 205
551 212
551 216
551 249
551 261
551 339
551 368
551 393
551 454
551 519
551 542
551 562
552 43
552 97
552 120
552 149
552 200
552 253
552 267
552 270
552 312
552 329
552 337
552 412
552 430
552 454
552 458
552 468
552 479
552 484
552 579
553 51
553 86
553 119
553 162
553 200
553 203
553 222
553 246
553 325
553 341
553 407
553 434
553 441
553 487
553 505
553 532
553 546
553 559
553 566
553 579
554 24
554 175
554 213
554 220
554 227
554 231
554 242
554 245
554 247
554 342
554 386
554 388
554 399
554 403
554 411
554 435
554 441
554 457
554 503
554 511
555 27
555 39
555 79
555 102
555 131
555 225
555 264
555 306
555 413
555 422
555 495
555 507
555 512
555 515
555 516
555 521
555 540
555 545
555 578
555 587
556 34
556 35
556 83
556 129
556 179
556 202
556 241
556 292
556 315
556 334
556 408
556 414
556 473
556 475
556 483
556 508
556 557
556 558
556 563
556 568
557 94
557 105
557 109
557 180
557 186
557 221
557 256
557 294
557 297
557 305
557 344
557 404
557 409
557 472
557 521
557 556
557 561
557 572
557 573
557 596
558 3
558 70
558 77
558 99
558 228
558 350
558 376
558 385
558 392
558 470
558 494
558 515
558 518
558 523
558 536
558 556
558 572
558 573
558 575
558 596
559 47
559 53
559 72
559 166
559 203
559 222
559 246
559 301
559 324
559 372
559 381
559 407
559 443
559 468
559 487
559 529
559 553
559 567
559 568
559 593
560 43
560 163
560 187
560 231
560 250
560 273
560 340
560 355
560 379
560 404
560 451
560 467
560 523
560 526
560 531
560 541
560 548
560 563
560 585
560 589
561 63
561 67
561 74
561 94
561 105
561 210
561 224
561 238
561 304
561 374
561 404
561 409
561 440
561 504
561 509
561 528
561 557
561 568
561 578
561 590
562 22
562 110
562 147
562 177
562 220
562 242
562 249
562 259
562 282
562 290
562 339
562 476
562 478
562 479
562 520
562 525
562 530
562 538
562 547
562 551
563 139
563 163
563 165
563 190
563 233
563 321
563 346
563 373
563 379
563 387
563 418
563 421
563 426
563 436
563 445
563 451
563 531
563 556
563 560
563 585
564 23
564 102
564 165
564 181
564 262
564 277
564 283
564 294
564 313
564 330
564 331
564 333
564 352
564 361
564 379
564 420
564 467
564 480
564 517
564 527
565 12
565 31
565 52
565 91
565 123
565 127
565 135
565 278
565 291
565 330
565 370
565 377
565 398
565 465
565 469
565 488
565 505
565 506
565 528
565 598
566 61
566 71
566 206
566 223
566 257
566 258
566 272
566 275
566 283
566 362
566 384
566 424
566 443
566 456
566 458
566 463
566 471
566 475
566 553
566 567
566 589
567 26
567 61
567 99
567 101
567 192
567 206
567 300
567 314
567 315
567 316
567 362
567 364
567 384
567 399
567 446
567 461
567 471
567 503
567 559
567 566
567 589
568 45
568 69
568 143
568 194
568 217
568 240
568 372
568 381
568 401
568 407
568 414
568 466
568 468
568 481
568 487
568 530
568 540
568 556
568 559
568 561
568 579
569 149
569 151
569 154
569 164
569 231
569 252
569 312
569 349
569 366
569 383
569 397
569 427
569 463
569 465
569 476
569 504
569 522
569 532
569 576
569 579
569 598
570 37
570 47
570 170
570 175
570 212
570 214
570 313
570 351
570 356
570 411
570 415
570 428
570 478
570 493
570 504
570 511
570 521
570 539
570 574
570 576
570 578
571 14
571 60
571 111
571 155
571 156
571 174
571 262
571 368
571 431
571 433
571 486
571 512
571 522
571 525
571 533
571 542
571 592
571 593
571 594
571 595
571 599
572 70
572 80
572 115
572 172
572 184
572 338
572 359
572 365
572 415
572 417
572 420
572 425
572 429
572 480
572 483
572 486
572 557
572 558
572 575
572 577
572 592
573 51
573 77
573 87
573 140
573 155
573 230
573 256
573 260
573 291
573 359
573 386
573 420
573 422
573 452
573 470
573 486
573 536
573 557
573 558
573 583
573 596
574 40
574 91
574 108
574 152
574 219
574 250
574 289
574 316
574 353
574 369
574 373
574 406
574 446
574 452
574 516
574 518
574 524
574 525
574 570
574 590
574 595
575 40
575 54
575 90
575 110
575 139
575 142
575 188
575 195
575 196
575 266
575 359
575 376
575 381
575 399
575 400
575 427
575 439
575 470
575 536
575 558
575 572
575 582
576 58
576 127
576 174
576 193
576 237
576 311
576 323
576 351
576 365
576 403
576 411
576 415
576 437
576 458
576 493
576 525
576 528
576 539
576 569
576 570
576 587
576 599
577 4
577 65
577 75
577 85
577 198
577 237
577 265
577 266
577 275
577 305
577 362
577 390
577 418
577 455
577 459
577 464
577 472
577 474
577 527
577 535
577 572
577 582
578 27
578 57
578 79
578 87
578 102
578 158
578 201
578 264
578 306
578 404
578 413
578 418
578 422
578 431
578 515
578 516
578 540
578 555
578 561
578 570
578 581
578 591
579 19
579 22
579 66
579 84
579 88
579 143
579 157
579 211
579 222
579 284
579 332
579 337
579 359
579 372
579 459
579 519
579 546
579 552
579 553
579 568
579 569
579 583
580 21
580 29
580 46
580 64
580 80
580 113
580 136
580 140
580 151
580 169
580 172
580 204
580 242
580 285
580 322
580 352
580 385
580 419
580 487
580 584
580 589
580 599
581 25
581 48
581 49
581 224
581 272
581 277
581 288
581 312
581 331
581 336
581 352
581 361
581 399
581 401
581 432
581 442
581 455
581 491
581 517
581 578
581 587
581 595
582 0
582 12
582 38
582 65
582 122
582 130
582 132
582 192
582 237
582 244
582 250
582 252
582 265
582 334
582 434
582 459
582 472
582 510
582 535
582 575
582 577
582 587
583 30
583 54
583 55
583 170
583 228
583 253
583 255
583 271
583 274
583 423
583 428
583 466
583 497
583 513
583 524
583 536
583 544
583 548
583 573
583 579
583 597
583 598
584 7
584 21
584 29
584 52
584 64
584 119
584 136
584 140
584 172
584 204
584 212
584 242
584 253
584 343
584 354
584 419
584 431
584 525
584 580
584 590
584 594
584 599
585 38
585 66
585 92
585 133
585 146
585 199
585 210
585 268
585 298
585 379
585 408
585 416
585 421
585 436
585 451
585 522
585 526
585 528
585 531
585 560
585 563
585 591
585 592
586 17
586 89
586 113
586 125
586 126
586 213
586 245
586 280
586 295
586 296
586 319
586 336
586 423
586 428
586 430
586 432
586 453
586 460
586 466
586 544
586 548
586 597
586 598
587 6
587 33
587 37
587 44
587 74
587 170
587 261
587 280
587 299
587 319
587 322
587 323
587 356
587 365
587 411
587 478
587 504
587 508
587 521
587 555
587 576
587 581
587 582
588 42
588 82
588 97
588 158
588 229
588 294
588 301
588 325
588 337
588 371
588 378
588 388
588 405
588 426
588 443
588 460
588 500
588 504
588 509
588 550
588 591
588 596
588 597
589 59
589 71
589 99
589 101
589 126
589 176
589 223
589 226
589 257
589 303
589 362
589 424
589 446
589 449
589 461
589 471
589 489
589 494
589 560
589 566
589 567
589 580
589 592
590 6
590 39
590 206
590 236
590 271
590 298
590 311
590 314
590 347
590 350
590 386
590 396
590 405
590 447
590 499
590 512
590 514
590 534
590 542
590 543
590 561
590 574
590 584
590 593
591 32
591 42
591 50
591 53
591 120
591 209
591 234
591 239
591 278
591 282
591 294
591 301
591 325
591 370
591 371
591 385
591 419
591 500
591 550
591 578
591 585
591 588
591 594
591 596
592 8
592 15
592 124
592 166
592 168
592 241
592 251
592 252
592 261
592 278
592 366
592 383
592 405
592 416
592 418
592 431
592 444
592 447
592 476
592 501
592 571
592 572
592 585
592 589
593 33
593 86
593 114
593 142
593 148
593 187
593 195
593 235
593 278
593 284
593 339
593 349
593 376
593 378
593 397
593 405
593 416
593 424
593 476
593 481
593 503
593 530
593 559
593 571
593 590
594 11
594 110
594 116
594 150
594 153
594 189
594 290
594 292
594 326
594 350
594 360
594 370
594 395
594 437
594 438
594 447
594 490
594 501
594 513
594 522
594 525
594 545
594 571
594 584
594 591
595 40
595 164
595 168
595 187
595 201
595 231
595 235
595 251
595 258
595 269
595 284
595 316
595 328
595 374
595 389
595 417
595 444
595 455
595 476
595 516
595 527
595 543
595 571
595 574
595 581
596 42
596 115
596 137
596 145
596 160
596 188
596 193
596 203
596 260
596 264
596 275
596 301
596 359
596 385
596 442
596 446
596 447
596 523
596 543
596 550
596 557
596 558
596 573
596 588
596 591
597 17
597 30
597 58
597 73
597 89
597 153
597 213
597 274
597 280
597 295
597 330
597 400
597 423
597 428
597 459
597 463
597 469
597 478
597 535
597 544
597 548
597 583
597 586
597 588
597 598
598 27
598 30
598 73
598 88
598 89
598 113
598 125
598 130
598 213
598 228
598 255
598 274
598 295
598 340
598 366
598 410
598 426
598 440
598 544
598 548
598 565
598 569
598 583
598 586
598 597
599 3
599 7
599 21
599 29
599 46
599 64
599 80
599 136
599 137
599 140
599 172
599 204
599 253
599 305
599 307
599 343
599 383
599 419
599 457
599 488
599 515
599 571
599 576
599 580
599 584
