0 51
0 265
0 414
0 472
0 564
1 119
1 471
1 473
1 550
1 571
2 409
2 482
2 569
2 571
2 580
3 333
3 485
3 509
3 561
3 565
4 23
4 59
4 328
4 431
4 553
5 415
5 464
5 470
5 493
5 577
6 199
6 513
6 523
6 557
6 589
7 356
7 454
7 455
7 552
7 582
8 425
8 454
8 491
8 559
8 588
9 306
9 398
9 423
9 500
9 552
10 49
10 280
10 303
10 584
10 586
11 238
11 349
11 399
11 425
11 594
12 396
12 456
12 475
12 543
12 565
13 432
13 510
13 556
13 561
13 582
14 86
14 191
14 493
14 535
14 592
15 67
15 467
15 531
15 566
15 594
16 336
16 426
16 483
16 526
16 584
17 241
17 250
17 409
17 571
17 586
18 214
18 485
18 515
18 548
18 549
19 427
19 456
19 478
19 495
19 565
20 210
20 275
20 317
20 551
20 598
21 229
21 357
21 380
21 412
21 422
22 166
22 238
22 366
22 438
22 592
23 4
23 140
23 221
23 571
23 583
24 123
24 127
24 390
24 429
24 595
25 440
25 469
25 470
25 538
25 590
26 401
26 477
26 567
26 573
26 585
27 261
27 405
27 431
27 518
27 532
28 284
28 328
28 378
28 544
28 588
29 350
29 484
29 566
29 573
29 586
30 87
30 509
30 541
30 570
30 585
31 341
31 378
31 446
31 593
31 598
32 48
32 178
32 180
32 537
32 582
33 138
33 217
33 334
33 594
33 597
34 400
34 449
34 544
34 576
34 581
35 106
35 531
35 557
35 559
35 574
36 88
36 522
36 559
36 566
36 570
37 125
37 200
37 282
37 323
37 580
38 65
38 232
38 368
38 460
38 528
39 190
39 367
39 399
39 471
39 570
40 442
40 525
40 530
40 549
40 562
41 57
41 369
41 370
41 371
41 536
42 397
42 405
42 470
42 590
42 596
43 159
43 282
43 316
43 379
43 439
44 90
44 130
44 424
44 453
44 541
45 169
45 302
45 585
45 594
45 595
46 301
46 434
46 516
46 564
46 568
47 376
47 462
47 479
47 530
47 555
48 32
48 130
48 235
48 502
48 505
49 10
49 431
49 469
49 506
49 522
50 210
50 265
50 464
50 496
50 590
51 0
51 464
51 473
51 583
51 585
52 157
52 362
52 389
52 465
52 493
53 430
53 458
53 472
53 484
53 562
54 320
54 493
54 509
54 564
54 568
55 275
55 384
55 395
55 578
55 581
56 382
56 497
56 548
56 591
56 598
57 41
57 208
57 392
57 414
57 499
58 72
58 145
58 341
58 347
58 532
59 4
59 67
59 310
59 322
59 538
60 451
60 488
60 501
60 535
60 577
61 342
61 374
61 520
61 548
61 560
62 66
62 277
62 429
62 489
62 564
63 94
63 461
63 487
63 488
63 537
64 175
64 423
64 488
64 530
64 577
65 38
65 246
65 259
65 383
65 566
66 62
66 201
66 347
66 380
66 500
67 15
67 59
67 273
67 394
67 566
68 396
68 408
68 540
68 550
68 572
69 523
69 528
69 530
69 557
69 596
70 208
70 324
70 350
70 489
70 582
71 204
71 410
71 449
71 562
71 573
72 58
72 182
72 355
72 500
72 578
73 458
73 562
73 569
73 573
73 597
74 81
74 114
74 158
74 408
74 590
75 376
75 401
75 543
75 554
75 561
76 178
76 333
76 509
76 565
76 575
77 271
77 534
77 546
77 562
77 585
78 446
78 482
78 542
78 558
78 597
79 129
79 361
79 450
79 498
79 512
80 157
80 472
80 482
80 567
80 571
81 74
81 428
81 514
81 554
81 593
82 305
82 384
82 583
82 586
82 589
83 211
83 224
83 337
83 400
83 535
84 187
84 479
84 501
84 530
84 573
85 301
85 402
85 473
85 499
85 511
86 14
86 349
86 413
86 474
86 582
87 30
87 275
87 365
87 461
87 527
88 36
88 183
88 448
88 548
88 591
89 220
89 384
89 506
89 559
89 596
90 44
90 307
90 396
90 469
90 506
91 131
91 144
91 174
91 565
91 566
92 319
92 468
92 510
92 536
92 543
93 96
93 575
93 587
93 593
93 599
94 63
94 294
94 336
94 433
94 505
95 499
95 529
95 534
95 547
95 592
96 93
96 185
96 257
96 486
96 591
97 264
97 339
97 399
97 507
97 540
98 242
98 463
98 468
98 493
98 497
99 512
99 578
99 580
99 591
99 598
100 144
100 159
100 428
100 514
100 590
101 175
101 400
101 426
101 585
101 590
102 152
102 183
102 318
102 395
102 542
103 339
103 516
103 548
103 580
103 598
104 294
104 441
104 491
104 560
104 585
105 327
105 519
105 551
105 594
105 596
106 35
106 322
106 478
106 488
106 522
107 160
107 507
107 545
107 554
107 580
108 270
108 408
108 420
108 471
108 517
109 201
109 290
109 351
109 507
109 545
110 338
110 364
110 516
110 524
110 560
111 371
111 373
111 422
111 523
111 528
112 129
112 229
112 363
112 568
112 574
113 178
113 273
113 473
113 489
113 577
114 74
114 123
114 316
114 364
114 514
115 344
115 424
115 483
115 518
115 551
116 330
116 449
116 455
116 500
116 510
117 144
117 481
117 483
117 567
117 584
118 361
118 519
118 541
118 594
118 597
119 1
119 258
119 288
119 304
119 594
120 320
120 355
120 498
120 527
120 543
120 595
121 195
121 359
121 396
121 491
121 531
121 566
122 288
122 291
122 299
122 457
122 464
122 468
123 24
123 114
123 342
123 447
123 520
123 555
124 388
124 398
124 511
124 594
124 596
124 597
125 37
125 319
125 362
125 580
125 591
125 598
126 417
126 489
126 491
126 507
126 510
126 545
127 24
127 239
127 334
127 375
127 460
127 498
128 369
128 466
128 477
128 520
128 555
128 560
129 79
129 112
129 161
129 178
129 527
129 595
130 44
130 48
130 303
130 459
130 492
130 546
131 91
131 307
131 322
131 435
131 462
131 545
132 367
132 429
132 495
132 562
132 563
132 586
133 401
133 415
133 457
133 495
133 508
133 554
134 239
134 309
134 396
134 431
134 466
134 506
135 336
135 376
135 442
135 501
135 530
135 599
136 309
136 404
136 417
136 575
136 593
136 599
137 238
137 366
137 403
137 413
137 425
137 500
138 33
138 398
138 470
138 501
138 594
138 597
139 293
139 441
139 497
139 526
139 583
139 592
140 23
140 323
140 335
140 457
140 576
140 578
141 380
141 400
141 464
141 471
141 473
141 540
142 261
142 290
142 512
142 530
142 543
142 595
143 149
143 433
143 512
143 551
143 553
143 595
144 91
144 100
144 117
144 185
144 303
144 539
145 58
145 198
145 321
145 388
145 475
145 532
146 155
146 176
146 508
146 519
146 574
146 596
147 284
147 347
147 385
147 518
147 559
147 588
148 314
148 513
148 553
148 556
148 566
148 571
149 143
149 439
149 506
149 516
149 563
149 590
150 269
150 418
150 457
150 535
150 567
150 578
151 296
151 321
151 388
151 410
151 532
151 554
152 102
152 371
152 440
152 521
152 544
152 577
153 211
153 231
153 361
153 480
153 535
153 538
154 340
154 464
154 484
154 508
154 542
154 574
155 146
155 181
155 494
155 524
155 555
155 589
156 267
156 505
156 513
156 541
156 547
156 561
157 52
157 80
157 265
157 340
157 526
157 570
158 74
158 364
158 379
158 514
158 516
158 563
159 43
159 100
159 372
159 379
159 514
159 592
160 107
160 286
160 538
160 551
160 571
160 587
161 129
161 217
161 316
161 364
161 385
161 514
162 249
162 292
162 351
162 377
162 485
162 556
163 181
163 403
163 485
163 510
163 551
163 563
164 202
164 350
164 425
164 508
164 540
164 542
165 188
165 320
165 441
165 452
165 504
165 546
166 22
166 215
166 227
166 421
166 438
166 582
167 346
167 355
167 508
167 519
167 594
167 597
168 360
168 439
168 484
168 504
168 527
168 563
169 45
169 213
169 368
169 428
169 454
169 537
170 281
170 398
170 407
170 409
170 464
170 476
171 227
171 377
171 480
171 504
171 546
171 592
172 329
172 348
172 462
172 500
172 536
172 585
173 446
173 503
173 518
173 536
173 561
173 588
174 91
174 300
174 383
174 522
174 571
174 589
175 64
175 101
175 369
175 456
175 563
175 586
176 146
176 459
176 503
176 542
176 552
176 574
177 228
177 265
177 414
177 515
177 557
177 583
178 32
178 76
178 113
178 129
178 280
178 306
179 434
179 499
179 520
179 525
179 549
179 556
180 32
180 232
180 302
180 424
180 439
180 444
181 155
181 163
181 315
181 402
181 510
181 554
182 72
182 412
182 418
182 500
182 581
182 593
183 88
183 102
183 389
183 500
183 512
183 515
184 219
184 285
184 355
184 407
184 517
184 535
185 96
185 144
185 335
185 381
185 583
185 598
186 213
186 338
186 502
186 514
186 526
186 539
187 84
187 380
187 499
187 503
187 581
187 582
188 165
188 442
188 479
188 501
188 519
188 530
189 218
189 386
189 412
189 463
189 497
189 513
190 39
190 339
190 407
190 411
190 471
190 499
191 14
191 283
191 357
191 505
191 546
191 547
192 207
192 289
192 419
192 459
192 478
192 596
193 309
193 372
193 444
193 469
193 504
193 506
194 219
194 230
194 480
194 485
194 496
194 517
195 121
195 282
195 307
195 395
195 462
195 511
196 241
196 465
196 494
196 530
196 555
196 589
197 344
197 353
197 354
197 357
197 453
197 527
198 145
198 388
198 439
198 487
198 512
198 537
199 6
199 346
199 452
199 456
199 528
199 557
200 37
200 300
200 486
200 529
200 548
200 598
201 66
201 109
201 448
201 548
201 580
201 591
202 164
202 273
202 339
202 437
202 440
202 597
203 420
203 482
203 567
203 577
203 583
203 589
204 71
204 375
204 552
204 561
204 573
204 578
205 224
205 234
205 395
205 396
205 456
205 506
206 371
206 421
206 474
206 513
206 570
206 585
206 592
207 192
207 358
207 377
207 525
207 562
207 569
207 586
208 57
208 70
208 251
208 277
208 311
208 363
208 554
209 264
209 333
209 350
209 480
209 517
209 535
209 573
210 20
210 50
210 221
210 271
210 381
210 548
210 580
211 83
211 153
211 213
211 219
211 373
211 517
211 587
212 295
212 418
212 431
212 432
212 548
212 557
212 578
213 169
213 186
213 211
213 298
213 419
213 478
213 584
214 18
214 248
214 269
214 305
214 330
214 524
214 549
215 166
215 407
215 411
215 423
215 436
215 472
215 555
216 285
216 357
216 416
216 427
216 475
216 565
216 589
217 33
217 161
217 455
217 496
217 576
217 579
217 587
218 189
218 223
218 356
218 443
218 542
218 558
218 596
219 184
219 194
219 211
219 483
219 517
219 552
219 595
220 89
220 310
220 445
220 491
220 522
220 544
220 562
221 23
221 210
221 241
221 428
221 531
221 553
221 571
222 223
222 297
222 308
222 399
222 402
222 499
222 523
223 218
223 222
223 296
223 443
223 558
223 572
223 594
224 83
224 205
224 383
224 480
224 488
224 517
224 535
225 323
225 346
225 371
225 457
225 475
225 495
225 576
226 294
226 325
226 442
226 513
226 526
226 536
226 541
227 166
227 171
227 230
227 349
227 413
227 474
227 559
228 177
228 242
228 293
228 470
228 490
228 533
228 583
229 21
229 112
229 538
229 565
229 568
229 575
229 587
230 194
230 227
230 455
230 480
230 517
230 535
230 583
231 153
231 484
231 490
231 517
231 569
231 573
231 586
232 38
232 180
232 365
232 409
232 461
232 465
232 520
233 287
233 328
233 411
233 492
233 528
233 553
233 562
234 205
234 332
234 372
234 396
234 431
234 506
234 546
235 48
235 261
235 516
235 533
235 575
235 593
235 599
236 333
236 472
236 492
236 553
236 566
236 571
236 576
237 321
237 519
237 538
237 543
237 568
237 579
237 587
238 11
238 22
238 137
238 438
238 474
238 494
238 524
239 127
239 134
239 281
239 495
239 562
239 569
239 586
240 486
240 487
240 521
240 575
240 593
240 598
240 599
241 17
241 196
241 221
241 411
241 472
241 492
241 572
242 98
242 228
242 293
242 314
242 397
242 528
242 590
243 261
243 281
243 304
243 405
243 443
243 463
243 532
244 292
244 360
244 470
244 474
244 501
244 567
244 570
245 375
245 484
245 504
245 549
245 564
245 596
245 597
246 65
246 263
246 275
246 287
246 313
246 435
246 491
247 274
247 383
247 393
247 547
247 567
247 577
247 592
248 214
248 257
248 266
248 282
248 301
248 434
248 507
249 162
249 297
249 345
249 347
249 451
249 534
249 550
250 17
250 458
250 550
250 568
250 569
250 573
250 586
251 208
251 270
251 273
251 335
251 380
251 419
251 584
252 394
252 406
252 452
252 523
252 528
252 572
252 594
253 287
253 314
253 428
253 492
253 531
253 553
253 571
254 379
254 461
254 479
254 491
254 499
254 514
254 540
255 338
255 410
255 483
255 490
255 539
255 578
255 584
256 320
256 437
256 486
256 503
256 548
256 580
256 591
257 96
257 248
257 258
257 310
257 454
257 559
257 566
258 119
258 257
258 281
258 444
258 532
258 550
258 595
259 65
259 297
259 378
259 385
259 462
259 577
259 588
260 368
260 414
260 476
260 500
260 537
260 569
260 582
261 27
261 142
261 235
261 243
261 444
261 467
261 532
262 520
262 533
262 558
262 575
262 580
262 593
262 599
263 246
263 397
263 460
263 461
263 487
263 522
263 578
264 97
264 209
264 334
264 480
264 517
264 535
264 549
265 0
265 50
265 157
265 177
265 369
265 536
265 597
266 248
266 374
266 430
266 507
266 528
266 555
266 589
267 156
267 291
267 299
267 346
267 457
267 477
267 484
268 401
268 415
268 417
268 507
268 527
268 570
268 584
269 150
269 214
269 318
269 330
269 331
269 337
269 502
270 108
270 251
270 412
270 430
270 439
270 451
270 473
271 77
271 210
271 295
271 337
271 542
271 544
271 582
272 290
272 329
272 368
272 412
272 537
272 595
272 597
273 67
273 113
273 202
273 251
273 379
273 540
273 561
274 247
274 343
274 440
274 472
274 534
274 589
274 590
275 20
275 55
275 87
275 246
275 317
275 580
275 598
276 365
276 472
276 547
276 570
276 572
276 575
276 582
276 584
277 62
277 208
277 451
277 489
277 533
277 540
277 559
277 593
278 342
278 404
278 446
278 467
278 515
278 520
278 524
278 552
279 304
279 341
279 348
279 408
279 529
279 550
279 588
279 597
280 10
280 178
280 370
280 410
280 424
280 451
280 502
280 529
281 170
281 239
281 243
281 258
281 288
281 321
281 504
281 596
282 37
282 43
282 195
282 248
282 295
282 318
282 367
282 561
283 191
283 456
283 521
283 533
283 555
283 575
283 593
283 599
284 28
284 147
284 417
284 462
284 496
284 529
284 536
284 538
285 184
285 216
285 329
285 378
285 481
285 518
285 529
285 536
286 160
286 490
286 538
286 539
286 560
286 579
286 587
286 588
287 233
287 246
287 253
287 508
287 558
287 570
287 596
287 597
288 119
288 122
288 281
288 321
288 405
288 427
288 444
288 500
289 192
289 326
289 356
289 424
289 443
289 539
289 553
289 584
290 109
290 142
290 272
290 460
290 512
290 557
290 587
290 595
291 122
291 267
291 335
291 376
291 457
291 493
291 576
291 581
292 162
292 244
292 372
292 389
292 486
292 544
292 554
292 561
293 139
293 228
293 242
293 332
293 414
293 488
293 590
293 591
294 94
294 104
294 226
294 342
294 477
294 541
294 564
294 565
295 212
295 271
295 282
295 432
295 458
295 483
295 512
295 572
296 151
296 223
296 311
296 338
296 388
296 540
296 549
296 553
297 222
297 249
297 259
297 308
297 334
297 451
297 499
297 587
298 213
298 299
298 346
298 347
298 413
298 477
298 546
298 576
299 122
299 267
299 298
299 335
299 407
299 430
299 510
299 576
300 174
300 200
300 306
300 322
300 435
300 479
300 491
300 531
301 46
301 85
301 248
301 345
301 478
301 556
301 560
301 569
302 45
302 180
302 305
302 378
302 498
302 512
302 537
302 547
303 10
303 130
303 144
303 401
303 453
303 539
303 556
303 579
304 119
304 243
304 279
304 388
304 412
304 444
304 532
304 545
305 82
305 214
305 302
305 385
305 549
305 555
305 560
305 582
306 9
306 178
306 300
306 365
306 439
306 512
306 524
306 563
307 90
307 131
307 195
307 448
307 455
307 511
307 525
307 544
308 222
308 297
308 322
308 434
308 452
308 556
308 560
308 589
309 134
309 136
309 193
309 431
309 469
309 492
309 506
309 519
310 59
310 220
310 257
310 383
310 522
310 568
310 587
310 592
311 208
311 296
311 420
311 451
311 471
311 489
311 578
311 587
312 450
312 485
312 521
312 524
312 533
312 546
312 575
312 599
313 246
313 360
313 362
313 391
313 394
313 557
313 567
313 581
314 148
314 242
314 253
314 379
314 407
314 476
314 561
314 571
315 181
315 364
315 416
315 417
315 445
315 485
315 535
315 543
316 43
316 114
316 161
316 317
316 428
316 433
316 512
316 514
317 20
317 275
317 316
317 486
317 501
317 564
317 591
317 598
318 102
318 269
318 282
318 328
318 389
318 438
318 483
318 572
319 92
319 125
319 425
319 507
319 545
319 550
319 554
319 574
320 54
320 120
320 165
320 256
320 327
320 421
320 539
320 547
321 145
321 151
321 237
321 281
321 288
321 354
321 444
321 593
322 59
322 106
322 131
322 300
322 308
322 509
322 534
322 559
323 37
323 140
323 225
323 335
323 457
323 503
323 576
323 583
324 70
324 374
324 386
324 422
324 468
324 473
324 497
324 530
325 226
325 434
325 466
325 516
325 549
325 556
325 574
325 584
326 289
326 342
326 354
326 358
326 516
326 524
326 535
326 589
327 105
327 320
327 445
327 487
327 526
327 534
327 570
327 585
328 4
328 28
328 233
328 318
328 411
328 472
328 553
328 586
329 172
329 272
329 285
329 387
329 462
329 518
329 544
329 588
329 589
330 116
330 214
330 269
330 436
330 510
330 523
330 552
330 572
330 581
331 269
331 420
331 440
331 488
331 494
331 569
331 577
331 580
331 583
332 234
332 293
332 377
332 398
332 433
332 443
332 542
332 558
332 597
333 3
333 76
333 209
333 236
333 342
333 456
333 475
333 509
333 565
334 33
334 127
334 264
334 297
334 350
334 402
334 504
334 540
334 550
335 140
335 185
335 251
335 291
335 299
335 323
335 346
335 457
335 591
336 16
336 94
336 135
336 353
336 419
336 433
336 526
336 569
336 584
337 83
337 269
337 271
337 493
337 503
337 511
337 542
337 544
337 561
338 110
338 186
338 255
338 296
338 410
338 433
338 463
338 478
338 505
339 97
339 103
339 190
339 202
339 402
339 436
339 467
339 516
339 550
340 154
340 157
340 362
340 511
340 543
340 546
340 547
340 567
340 585
341 31
341 58
341 279
341 344
341 385
341 462
341 507
341 529
341 578
342 61
342 123
342 278
342 294
342 326
342 333
342 447
342 450
342 560
343 274
343 354
343 437
343 481
343 512
343 538
343 551
343 568
343 576
344 115
344 197
344 341
344 391
344 426
344 505
344 531
344 539
344 590
345 249
345 301
345 430
345 447
345 515
345 524
345 572
345 578
345 595
346 167
346 199
346 225
346 267
346 298
346 335
346 457
346 498
346 509
347 58
347 66
347 147
347 249
347 298
347 399
347 408
347 471
347 585
348 172
348 279
348 387
348 446
348 518
348 521
348 536
348 547
348 578
349 11
349 86
349 227
349 351
349 383
349 425
349 458
349 465
349 474
350 29
350 70
350 164
350 209
350 334
350 362
350 402
350 408
350 489
351 109
351 162
351 349
351 401
351 417
351 423
351 545
351 558
351 590
352 358
352 359
352 373
352 394
352 452
352 453
352 523
352 528
352 557
353 197
353 336
353 416
353 427
353 454
353 475
353 509
353 533
353 565
354 197
354 321
354 326
354 343
354 391
354 410
354 424
354 505
354 563
355 72
355 120
355 167
355 184
355 490
355 496
355 576
355 579
355 587
356 7
356 218
356 289
356 459
356 483
356 485
356 502
356 505
356 591
357 21
357 191
357 197
357 216
357 412
357 422
357 463
357 468
357 583
358 207
358 326
358 352
358 465
358 466
358 529
358 555
358 560
358 589
359 121
359 352
359 383
359 384
359 414
359 435
359 454
359 462
359 531
360 168
360 244
360 313
360 382
360 388
360 421
360 541
360 570
360 585
361 79
361 118
361 153
361 376
361 386
361 442
361 479
361 501
361 525
362 52
362 125
362 313
362 340
362 350
362 426
362 553
362 564
362 592
363 112
363 208
363 447
363 490
363 494
363 496
363 551
363 568
363 579
364 110
364 114
364 158
364 161
364 315
364 379
364 428
364 514
364 540
365 87
365 232
365 276
365 306
365 433
365 461
365 518
365 543
365 585
366 22
366 137
366 413
366 425
366 429
366 437
366 438
366 440
366 474
367 39
367 132
367 282
367 393
367 418
367 511
367 572
367 578
367 592
368 38
368 169
368 260
368 272
368 477
368 514
368 537
368 543
368 587
369 41
369 128
369 175
369 265
369 392
369 535
369 577
369 582
369 590
370 41
370 280
370 397
370 406
370 441
370 504
370 564
370 567
370 592
371 41
371 111
371 152
371 206
371 225
371 397
371 470
371 583
371 590
372 159
372 193
372 234
372 292
372 396
372 419
372 431
372 469
372 506
372 526
373 111
373 211
373 352
373 452
373 482
373 523
373 528
373 557
373 575
373 599
374 61
374 266
374 324
374 386
374 412
374 422
374 468
374 487
374 497
374 540
375 127
375 204
375 245
375 418
375 436
375 503
375 533
375 552
375 561
375 596
376 47
376 75
376 135
376 291
376 361
376 380
376 479
376 501
376 515
376 530
377 162
377 171
377 207
377 332
377 458
377 484
377 492
377 495
377 569
377 586
378 28
378 31
378 259
378 285
378 302
378 395
378 515
378 528
378 529
378 588
379 43
379 158
379 159
379 254
379 273
379 314
379 364
379 403
379 428
379 593
380 21
380 66
380 141
380 187
380 251
380 376
380 392
380 399
380 489
380 499
381 185
381 210
381 385
381 410
381 431
381 448
381 566
381 580
381 591
381 598
382 56
382 360
382 432
382 461
382 500
382 503
382 517
382 552
382 572
382 582
383 65
383 174
383 224
383 247
383 310
383 349
383 359
383 435
383 515
383 559
384 55
384 82
384 89
384 359
384 454
384 494
384 522
384 566
384 596
384 598
385 147
385 161
385 259
385 305
385 341
385 381
385 518
385 536
385 552
385 588
386 189
386 324
386 361
386 374
386 411
386 463
386 468
386 494
386 497
386 599
387 329
387 348
387 390
387 409
387 446
387 499
387 518
387 529
387 588
387 594
388 124
388 145
388 151
388 198
388 296
388 304
388 360
388 405
388 424
388 532
389 52
389 183
389 292
389 318
389 390
389 393
389 503
389 540
389 572
389 598
390 24
390 387
390 389
390 460
390 498
390 527
390 539
390 545
390 563
390 595
391 313
391 344
391 354
391 447
391 459
391 474
391 478
391 483
391 502
391 567
392 57
392 369
392 380
392 397
392 414
392 440
392 447
392 508
392 549
392 590
393 247
393 367
393 389
393 511
393 541
393 543
393 544
393 578
393 581
393 591
394 67
394 252
394 313
394 352
394 402
394 474
394 523
394 528
394 548
394 557
395 55
395 102
395 195
395 205
395 378
395 436
395 554
395 555
395 561
395 582
396 12
396 68
396 90
396 121
396 134
396 205
396 234
396 372
396 469
396 576
397 42
397 242
397 263
397 370
397 371
397 392
397 486
397 488
397 514
397 583
398 9
398 124
398 138
398 170
398 332
398 512
398 534
398 574
398 594
398 597
399 11
399 39
399 97
399 222
399 347
399 380
399 425
399 531
399 544
399 550
400 34
400 83
400 101
400 141
400 470
400 488
400 521
400 557
400 583
400 590
401 26
401 75
401 133
401 268
401 303
401 351
401 415
401 483
401 554
401 557
402 85
402 181
402 222
402 334
402 339
402 350
402 394
402 476
402 540
402 579
403 137
403 163
403 379
403 414
403 415
403 445
403 485
403 507
403 545
403 556
404 136
404 278
404 405
404 450
404 533
404 563
404 575
404 580
404 593
404 599
405 27
405 42
405 243
405 288
405 388
405 404
405 427
405 444
405 532
405 553
406 252
406 370
406 450
406 467
406 521
406 551
406 575
406 590
406 593
406 599
407 170
407 184
407 190
407 215
407 299
407 314
407 434
407 476
407 492
407 553
408 68
408 74
408 108
408 279
408 347
408 350
408 499
408 550
408 565
408 584
409 2
409 17
409 170
409 232
409 387
409 482
409 553
409 571
409 576
409 597
410 71
410 151
410 255
410 280
410 338
410 354
410 381
410 502
410 524
410 584
411 190
411 215
411 233
411 241
411 328
411 386
411 472
411 476
411 482
411 547
411 591
412 21
412 182
412 189
412 270
412 272
412 304
412 357
412 374
412 414
412 463
412 497
413 86
413 137
413 227
413 298
413 366
413 425
413 438
413 474
413 494
413 558
413 560
414 0
414 57
414 177
414 260
414 293
414 359
414 392
414 403
414 412
414 477
414 577
415 5
415 133
415 268
415 401
415 403
415 455
415 510
415 532
415 541
415 548
415 554
416 216
416 315
416 353
416 427
416 456
416 465
416 475
416 492
416 509
416 565
416 570
417 126
417 136
417 268
417 284
417 315
417 351
417 423
417 485
417 554
417 565
417 566
418 150
418 182
418 212
418 367
418 375
418 439
418 448
418 530
418 551
418 552
418 561
419 192
419 213
419 251
419 336
419 372
419 433
419 502
419 522
419 537
419 567
419 584
420 108
420 203
420 311
420 331
420 455
420 488
420 526
420 559
420 577
420 583
420 590
421 166
421 206
421 320
421 360
421 453
421 469
421 476
421 477
421 564
421 585
421 586
422 21
422 111
422 324
422 357
422 374
422 458
422 463
422 468
422 497
422 500
422 537
423 9
423 64
423 215
423 351
423 417
423 468
423 511
423 544
423 550
423 572
423 581
424 44
424 115
424 180
424 280
424 289
424 354
424 388
424 449
424 459
424 483
424 598
425 8
425 11
425 137
425 164
425 319
425 349
425 366
425 399
425 413
425 438
425 474
426 16
426 101
426 344
426 362
426 477
426 513
426 545
426 547
426 558
426 570
426 592
427 19
427 216
427 288
427 353
427 405
427 416
427 456
427 509
427 522
427 549
427 565
428 81
428 100
428 169
428 221
428 253
428 316
428 364
428 379
428 480
428 514
428 528
429 24
429 62
429 132
429 366
429 481
429 493
429 496
429 525
429 551
429 568
429 579
430 53
430 266
430 270
430 299
430 345
430 447
430 465
430 494
430 555
430 556
430 577
431 4
431 27
431 49
431 134
431 212
431 234
431 309
431 372
431 381
431 469
431 506
432 13
432 212
432 295
432 382
432 435
432 503
432 546
432 552
432 576
432 577
432 578
433 94
433 143
433 316
433 332
433 336
433 338
433 365
433 419
433 453
433 505
433 584
434 46
434 179
434 248
434 308
434 325
434 407
434 515
434 549
434 550
434 593
434 597
435 131
435 246
435 300
435 359
435 383
435 432
435 474
435 521
435 522
435 532
435 559
435 566
436 215
436 330
436 339
436 375
436 395
436 455
436 481
436 498
436 537
436 564
436 572
436 581
437 202
437 256
437 343
437 366
437 519
437 541
437 542
437 558
437 574
437 594
437 596
437 597
438 22
438 166
438 238
438 318
438 366
438 413
438 425
438 441
438 474
438 481
438 581
438 585
439 43
439 149
439 168
439 180
439 198
439 270
439 306
439 418
439 460
439 498
439 519
439 582
440 25
440 152
440 202
440 274
440 331
440 366
440 392
440 460
440 533
440 539
440 567
440 577
441 104
441 139
441 165
441 370
441 438
441 483
441 521
441 534
441 541
441 542
441 564
441 598
442 40
442 135
442 188
442 226
442 361
442 471
442 479
442 501
442 525
442 530
442 535
442 565
443 218
443 223
443 243
443 289
443 332
443 541
443 542
443 573
443 574
443 583
443 594
443 596
444 180
444 193
444 258
444 261
444 288
444 304
444 321
444 405
444 497
444 532
444 558
444 559
445 220
445 315
445 327
445 403
445 447
445 459
445 485
445 507
445 510
445 545
445 554
445 570
446 31
446 78
446 173
446 278
446 348
446 387
446 513
446 529
446 536
446 555
446 588
446 595
447 123
447 342
447 345
447 363
447 391
447 392
447 430
447 445
447 466
447 549
447 579
447 589
448 88
448 201
448 307
448 381
448 418
448 453
448 510
448 548
448 568
448 580
448 591
448 598
449 34
449 71
449 116
449 424
449 451
449 465
449 484
449 495
449 562
449 569
449 573
449 586
450 79
450 312
450 342
450 404
450 406
450 467
450 521
450 533
450 567
450 582
450 593
450 599
451 60
451 249
451 270
451 277
451 280
451 297
451 311
451 449
451 466
451 489
451 491
451 550
452 165
452 199
452 252
452 308
452 352
452 373
452 456
452 462
452 498
452 523
452 528
452 557
453 44
453 197
453 303
453 352
453 421
453 433
453 448
453 478
453 505
453 520
453 525
453 539
454 7
454 8
454 169
454 257
454 353
454 359
454 384
454 491
454 531
454 559
454 562
454 566
454 567
455 7
455 116
455 217
455 230
455 307
455 415
455 420
455 436
455 552
455 572
455 578
455 581
455 591
456 12
456 19
456 175
456 199
456 205
456 283
456 333
456 416
456 427
456 452
456 475
456 509
456 565
457 122
457 133
457 140
457 150
457 225
457 267
457 291
457 323
457 335
457 346
457 502
457 503
457 546
458 53
458 73
458 250
458 295
458 349
458 377
458 422
458 463
458 489
458 495
458 563
458 573
458 586
459 130
459 176
459 192
459 356
459 391
459 424
459 445
459 464
459 478
459 534
459 541
459 555
459 584
460 38
460 127
460 263
460 290
460 390
460 439
460 440
460 482
460 487
460 510
460 555
460 588
460 595
461 63
461 87
461 232
461 254
461 263
461 365
461 382
461 511
461 512
461 514
461 527
461 591
461 595
462 47
462 131
462 172
462 195
462 259
462 284
462 329
462 341
462 359
462 452
462 518
462 529
462 588
463 98
463 189
463 243
463 338
463 357
463 386
463 412
463 422
463 458
463 468
463 497
463 519
463 544
464 5
464 50
464 51
464 122
464 141
464 154
464 170
464 459
464 488
464 567
464 577
464 590
464 598
465 52
465 196
465 232
465 349
465 358
465 416
465 430
465 449
465 466
465 516
465 536
465 556
465 589
466 128
466 134
466 325
466 358
466 447
466 451
466 465
466 496
466 502
466 515
466 517
466 524
466 589
467 15
467 261
467 278
467 339
467 406
467 450
467 473
467 521
467 527
467 533
467 575
467 593
467 599
468 92
468 98
468 122
468 324
468 357
468 374
468 386
468 422
468 423
468 463
468 497
468 587
468 592
469 25
469 49
469 90
469 193
469 309
469 372
469 396
469 421
469 431
469 488
469 492
469 506
469 547
470 5
470 25
470 42
470 138
470 228
470 244
470 371
470 400
470 471
470 501
470 515
470 578
470 583
471 1
471 39
471 108
471 141
471 190
471 311
471 347
471 442
471 470
471 545
471 550
471 564
471 587
472 0
472 53
472 80
472 215
472 236
472 241
472 274
472 276
472 328
472 411
472 482
472 561
472 593
473 1
473 51
473 85
473 113
473 141
473 270
473 324
473 467
473 489
473 498
473 550
473 580
473 597
474 86
474 206
474 227
474 238
474 244
474 349
474 366
474 391
474 394
474 413
474 425
474 435
474 438
475 12
475 145
475 216
475 225
475 333
475 353
475 416
475 456
475 492
475 504
475 509
475 565
475 592
476 170
476 260
476 314
476 402
476 407
476 411
476 421
476 482
476 487
476 492
476 553
476 571
476 585
477 26
477 128
477 267
477 294
477 298
477 368
477 414
477 421
477 426
477 526
477 570
477 585
477 592
478 19
478 106
478 192
478 213
478 301
478 338
478 391
478 453
478 459
478 487
478 502
478 507
478 514
479 47
479 84
479 188
479 254
479 300
479 361
479 376
479 442
479 489
479 501
479 530
479 552
479 587
480 153
480 171
480 194
480 209
480 224
480 230
480 264
480 428
480 517
480 535
480 558
480 563
480 589
481 117
481 285
481 343
481 429
481 436
481 438
481 490
481 496
481 517
481 538
481 568
481 587
481 595
482 2
482 78
482 80
482 203
482 373
482 409
482 411
482 460
482 472
482 476
482 486
482 492
482 539
482 571
483 16
483 115
483 117
483 219
483 255
483 295
483 318
483 356
483 391
483 401
483 424
483 441
483 573
483 584
484 29
484 53
484 154
484 168
484 231
484 245
484 267
484 377
484 449
484 495
484 569
484 573
484 575
484 586
485 3
485 18
485 162
485 163
485 194
485 312
485 315
485 356
485 403
485 417
485 445
485 488
485 510
485 543
486 96
486 200
486 240
486 256
486 292
486 317
486 397
486 482
486 547
486 548
486 557
486 580
486 591
486 598
487 63
487 198
487 240
487 263
487 327
487 374
487 460
487 476
487 478
487 498
487 512
487 537
487 563
487 595
488 60
488 63
488 64
488 106
488 224
488 293
488 331
488 397
488 400
488 420
488 464
488 469
488 485
488 596
489 62
489 70
489 113
489 126
489 277
489 311
489 350
489 380
489 451
489 458
489 473
489 479
489 491
489 598
490 228
490 231
490 255
490 286
490 355
490 363
490 481
490 498
490 538
490 542
490 551
490 571
490 579
490 587
491 8
491 104
491 121
491 126
491 220
491 246
491 254
491 300
491 451
491 454
491 489
491 522
491 531
491 559
492 130
492 233
492 236
492 241
492 253
492 309
492 377
492 407
492 416
492 469
492 475
492 476
492 482
492 553
493 5
493 14
493 52
493 54
493 98
493 291
493 337
493 429
493 526
493 534
493 547
493 564
493 585
493 592
494 155
494 196
494 238
494 331
494 363
494 384
494 386
494 413
494 430
494 520
494 524
494 556
494 560
494 589
495 19
495 132
495 133
495 225
495 239
495 377
495 449
495 458
495 484
495 523
495 562
495 573
495 589
495 590
496 50
496 194
496 217
496 284
496 355
496 363
496 429
496 466
496 481
496 529
496 568
496 576
496 579
496 587
497 56
497 98
497 139
497 189
497 324
497 374
497 386
497 412
497 422
497 444
497 463
497 468
497 498
497 522
497 560
498 79
498 120
498 127
498 302
498 346
498 390
498 436
498 439
498 452
498 473
498 487
498 490
498 497
498 527
498 595
499 57
499 85
499 95
499 179
499 187
499 190
499 222
499 254
499 297
499 380
499 387
499 408
499 540
499 550
499 580
500 9
500 66
500 72
500 116
500 137
500 172
500 182
500 183
500 260
500 288
500 382
500 422
500 503
500 511
500 594
501 60
501 84
501 135
501 138
501 188
501 244
501 317
501 361
501 376
501 442
501 470
501 479
501 525
501 530
501 540
502 48
502 186
502 269
502 280
502 356
502 391
502 410
502 419
502 457
502 466
502 478
502 508
502 524
502 539
502 573
503 173
503 176
503 187
503 256
503 323
503 337
503 375
503 382
503 389
503 432
503 457
503 500
503 511
503 545
503 582
504 165
504 168
504 171
504 193
504 245
504 281
504 334
504 370
504 475
504 513
504 526
504 541
504 563
504 564
504 567
505 48
505 94
505 156
505 191
505 338
505 344
505 354
505 356
505 433
505 453
505 525
505 539
505 564
505 581
505 586
506 49
506 89
506 90
506 134
506 149
506 193
506 205
506 234
506 309
506 372
506 431
506 469
506 547
506 552
506 577
507 97
507 107
507 109
507 126
507 248
507 266
507 268
507 319
507 341
507 403
507 445
507 478
507 543
507 545
507 593
508 133
508 146
508 154
508 164
508 167
508 287
508 392
508 502
508 519
508 523
508 542
508 562
508 594
508 596
508 597
509 3
509 30
509 54
509 76
509 322
509 333
509 346
509 353
509 416
509 427
509 456
509 475
509 513
509 565
509 576
510 13
510 92
510 116
510 126
510 163
510 181
510 299
510 330
510 415
510 445
510 448
510 460
510 485
510 545
510 554
511 85
511 124
511 195
511 307
511 337
511 340
511 367
511 393
511 423
511 461
511 500
511 503
511 549
511 564
511 578
511 582
512 79
512 99
512 142
512 143
512 183
512 198
512 290
512 295
512 302
512 306
512 316
512 343
512 398
512 461
512 487
512 563
513 6
513 148
513 156
513 189
513 206
513 226
513 426
513 446
513 504
513 509
513 526
513 534
513 546
513 547
513 570
513 590
514 81
514 100
514 114
514 158
514 159
514 161
514 186
514 254
514 316
514 364
514 368
514 397
514 428
514 461
514 478
514 527
515 18
515 177
515 183
515 278
515 345
515 376
515 378
515 383
515 434
515 466
515 470
515 549
515 555
515 560
515 572
515 589
516 46
516 103
516 110
516 149
516 158
516 235
516 325
516 326
516 339
516 465
516 520
516 538
516 540
516 549
516 556
516 560
517 108
517 184
517 194
517 209
517 211
517 219
517 224
517 230
517 231
517 264
517 382
517 466
517 480
517 481
517 535
517 599
518 27
518 115
518 147
518 173
518 285
518 329
518 348
518 365
518 385
518 387
518 462
518 520
518 522
518 536
518 588
518 598
519 105
519 118
519 146
519 167
519 188
519 237
519 309
519 437
519 439
519 463
519 508
519 542
519 558
519 571
519 574
519 596
520 61
520 123
520 128
520 179
520 232
520 262
520 278
520 453
520 494
520 516
520 518
520 523
520 529
520 539
520 549
520 555
521 152
521 240
521 283
521 312
521 348
521 400
521 406
521 435
521 441
521 450
521 467
521 533
521 575
521 586
521 593
521 599
522 36
522 49
522 106
522 174
522 220
522 263
522 310
522 384
522 419
522 427
522 435
522 491
522 497
522 518
522 531
522 560
523 6
523 69
523 111
523 222
523 252
523 330
523 352
523 373
523 394
523 452
523 495
523 508
523 520
523 528
523 557
523 559
524 110
524 155
524 214
524 238
524 278
524 306
524 312
524 326
524 345
524 410
524 466
524 494
524 502
524 555
524 556
524 572
525 40
525 179
525 207
525 307
525 361
525 429
525 442
525 453
525 501
525 505
525 530
525 551
525 572
525 576
525 579
525 587
526 16
526 139
526 157
526 186
526 226
526 327
526 336
526 372
526 420
526 477
526 493
526 504
526 513
526 546
526 556
526 592
527 87
527 120
527 129
527 168
527 197
527 268
527 390
527 461
527 467
527 498
527 514
527 537
527 540
527 543
527 574
527 595
527 596
528 38
528 69
528 111
528 199
528 233
528 242
528 252
528 266
528 352
528 373
528 378
528 394
528 428
528 452
528 523
528 557
528 576
529 95
529 200
529 279
529 280
529 284
529 285
529 341
529 358
529 378
529 387
529 446
529 462
529 496
529 520
529 536
529 588
529 595
530 40
530 47
530 64
530 69
530 84
530 135
530 142
530 188
530 196
530 324
530 376
530 418
530 442
530 479
530 501
530 525
530 586
531 15
531 35
531 121
531 221
531 253
531 300
531 344
531 359
531 399
531 454
531 491
531 522
531 537
531 557
531 559
531 566
531 592
532 27
532 58
532 145
532 151
532 243
532 258
532 261
532 304
532 388
532 405
532 415
532 435
532 444
532 534
532 537
532 576
532 579
533 228
533 235
533 262
533 277
533 283
533 312
533 353
533 375
533 404
533 440
533 450
533 467
533 521
533 560
533 575
533 593
533 599
534 77
534 95
534 249
534 274
534 322
534 327
534 398
534 441
534 459
534 493
534 513
534 532
534 546
534 564
534 585
534 592
534 595
535 14
535 60
535 83
535 150
535 153
535 184
535 209
535 224
535 230
535 264
535 315
535 326
535 369
535 442
535 480
535 517
535 537
536 41
536 92
536 172
536 173
536 226
536 265
536 284
536 285
536 348
536 385
536 446
536 465
536 518
536 529
536 566
536 569
536 588
537 32
537 63
537 169
537 198
537 260
537 272
537 302
537 368
537 419
537 422
537 436
537 487
537 527
537 531
537 532
537 535
537 553
537 595
538 25
538 59
538 153
538 160
538 229
538 237
538 284
538 286
538 343
538 481
538 490
538 516
538 551
538 568
538 579
538 584
538 587
538 597
539 144
539 186
539 255
539 286
539 289
539 303
539 320
539 344
539 390
539 440
539 453
539 482
539 502
539 505
539 520
539 562
539 584
539 588
540 68
540 97
540 141
540 164
540 254
540 273
540 277
540 296
540 334
540 364
540 374
540 389
540 402
540 499
540 501
540 516
540 527
540 545
541 30
541 44
541 118
541 156
541 226
541 294
541 360
541 393
541 415
541 437
541 441
541 443
541 459
541 504
541 546
541 573
541 585
541 592
542 78
542 102
542 154
542 164
542 176
542 218
542 271
542 332
542 337
542 437
542 441
542 443
542 490
542 508
542 519
542 547
542 574
542 596
543 12
543 75
543 92
543 120
543 142
543 237
543 315
543 340
543 365
543 368
543 393
543 485
543 507
543 527
543 545
543 556
543 579
543 590
544 28
544 34
544 152
544 220
544 271
544 292
544 307
544 329
544 337
544 393
544 399
544 423
544 463
544 552
544 561
544 568
544 572
544 581
545 107
545 109
545 126
545 131
545 304
545 319
545 351
545 390
545 403
545 426
545 445
545 471
545 503
545 507
545 510
545 540
545 543
545 554
546 77
546 130
546 165
546 171
546 191
546 234
546 298
546 312
546 340
546 432
546 457
546 513
546 526
546 534
546 541
546 554
546 564
546 570
547 95
547 156
547 191
547 247
547 276
547 302
547 320
547 340
547 348
547 411
547 426
547 469
547 486
547 493
547 506
547 513
547 542
547 585
548 18
548 56
548 61
548 88
548 103
548 200
548 201
548 210
548 212
548 256
548 394
548 415
548 448
548 486
548 555
548 570
548 591
548 598
549 18
549 40
549 179
549 214
549 245
549 264
549 296
549 305
549 325
549 392
549 427
549 434
549 447
549 511
549 515
549 516
549 520
549 560
549 589
550 1
550 68
550 249
550 250
550 258
550 279
550 319
550 334
550 339
550 399
550 408
550 423
550 434
550 451
550 471
550 473
550 499
550 575
550 576
551 20
551 105
551 115
551 143
551 160
551 163
551 343
551 363
551 406
551 418
551 429
551 490
551 525
551 538
551 568
551 576
551 579
551 581
551 587
552 7
552 9
552 176
552 204
552 219
552 278
552 330
552 375
552 382
552 385
552 418
552 432
552 455
552 479
552 506
552 544
552 570
552 581
552 582
553 4
553 143
553 148
553 221
553 233
553 236
553 253
553 289
553 296
553 328
553 362
553 405
553 407
553 409
553 476
553 492
553 537
553 571
553 588
554 75
554 81
554 107
554 133
554 151
554 181
554 208
554 292
554 319
554 395
554 401
554 415
554 417
554 445
554 510
554 545
554 546
554 579
554 588
555 47
555 123
555 128
555 155
555 196
555 215
555 266
555 283
555 305
555 358
555 395
555 430
555 446
555 459
555 460
555 515
555 520
555 524
555 548
556 13
556 148
556 162
556 179
556 301
556 303
556 308
556 325
556 403
556 430
556 465
556 494
556 516
556 524
556 526
556 543
556 560
556 568
556 589
557 6
557 35
557 69
557 177
557 199
557 212
557 290
557 313
557 352
557 373
557 394
557 400
557 401
557 452
557 486
557 523
557 528
557 531
557 595
558 78
558 218
558 223
558 262
558 287
558 332
558 351
558 413
558 426
558 437
558 444
558 480
558 519
558 559
558 562
558 574
558 594
558 596
558 597
559 8
559 35
559 36
559 89
559 147
559 227
559 257
559 277
559 322
559 383
559 420
559 435
559 444
559 454
559 491
559 523
559 531
559 558
559 561
559 566
560 61
560 104
560 110
560 128
560 286
560 301
560 305
560 308
560 342
560 358
560 413
560 494
560 497
560 515
560 516
560 522
560 533
560 549
560 556
560 585
561 3
561 13
561 75
561 156
561 173
561 204
561 273
561 282
561 292
561 314
561 337
561 375
561 395
561 418
561 472
561 544
561 559
561 572
561 578
561 582
562 40
562 53
562 71
562 73
562 77
562 132
562 207
562 220
562 233
562 239
562 449
562 454
562 495
562 508
562 539
562 558
562 563
562 569
562 573
562 586
563 132
563 149
563 158
563 163
563 168
563 175
563 306
563 354
563 390
563 404
563 458
563 480
563 487
563 504
563 512
563 562
563 569
563 573
563 586
563 599
564 0
564 46
564 54
564 62
564 245
564 294
564 317
564 362
564 370
564 421
564 436
564 441
564 471
564 493
564 504
564 505
564 511
564 534
564 546
564 570
565 3
565 12
565 19
565 76
565 91
565 216
565 229
565 294
565 333
565 353
565 408
565 416
565 417
565 427
565 442
565 456
565 475
565 509
565 581
565 594
566 15
566 29
566 36
566 65
566 67
566 91
566 121
566 148
566 236
566 257
566 381
566 384
566 417
566 435
566 454
566 531
566 536
566 559
566 569
566 577
567 26
567 80
567 117
567 150
567 203
567 244
567 247
567 313
567 340
567 370
567 391
567 419
567 440
567 450
567 454
567 464
567 504
567 571
567 577
567 583
568 46
568 54
568 112
568 229
568 237
568 250
568 310
568 343
568 363
568 429
568 448
568 481
568 496
568 538
568 544
568 551
568 556
568 575
568 579
568 587
569 2
569 73
569 207
569 231
569 239
569 250
569 260
569 301
569 331
569 336
569 377
569 449
569 484
569 536
569 562
569 563
569 566
569 573
569 586
569 592
570 30
570 36
570 39
570 157
570 206
570 244
570 268
570 276
570 287
570 327
570 360
570 416
570 426
570 445
570 477
570 513
570 546
570 548
570 552
570 564
570 585
571 1
571 2
571 17
571 23
571 80
571 148
571 160
571 174
571 221
571 236
571 253
571 314
571 409
571 476
571 482
571 490
571 519
571 553
571 567
571 574
571 584
572 68
572 223
572 241
572 252
572 276
572 295
572 318
572 330
572 345
572 367
572 382
572 389
572 423
572 436
572 455
572 515
572 524
572 525
572 544
572 561
572 581
573 26
573 29
573 71
573 73
573 84
573 204
573 209
573 231
573 250
573 443
573 449
573 458
573 483
573 484
573 495
573 502
573 541
573 562
573 563
573 569
573 586
574 35
574 112
574 146
574 154
574 176
574 319
574 325
574 398
574 437
574 443
574 519
574 527
574 542
574 558
574 571
574 575
574 591
574 594
574 596
574 597
574 599
575 76
575 93
575 136
575 229
575 235
575 240
575 262
575 276
575 283
575 312
575 373
575 404
575 406
575 467
575 484
575 521
575 533
575 550
575 568
575 574
575 593
575 599
576 34
576 140
576 217
576 225
576 236
576 291
576 298
576 299
576 323
576 343
576 355
576 396
576 409
576 432
576 496
576 509
576 525
576 528
576 532
576 550
576 551
576 579
577 5
577 60
577 64
577 113
577 152
577 203
577 247
577 259
577 331
577 369
577 414
577 420
577 430
577 432
577 440
577 464
577 506
577 566
577 567
577 580
577 583
577 595
578 55
578 72
578 99
578 140
578 150
578 204
578 212
578 255
578 263
578 311
578 341
578 345
578 348
578 367
578 393
578 432
578 455
578 470
578 511
578 561
578 581
578 582
579 217
579 237
579 286
579 303
579 355
579 363
579 402
579 429
579 447
579 490
579 496
579 525
579 532
579 538
579 543
579 551
579 554
579 568
579 576
579 584
579 587
579 599
580 2
580 37
580 99
580 103
580 107
580 125
580 201
580 210
580 256
580 262
580 275
580 331
580 381
580 404
580 448
580 473
580 486
580 499
580 577
580 582
580 591
580 598
581 34
581 55
581 182
581 187
581 291
581 313
581 330
581 393
581 423
581 436
581 438
581 455
581 505
581 544
581 551
581 552
581 565
581 572
581 578
581 582
581 584
581 599
582 7
582 13
582 32
582 70
582 86
582 166
582 187
582 260
582 271
582 276
582 305
582 369
582 382
582 395
582 439
582 450
582 503
582 511
582 552
582 561
582 578
582 580
582 581
583 23
583 51
583 82
583 139
583 177
583 185
583 203
583 228
583 230
583 323
583 331
583 357
583 371
583 397
583 400
583 420
583 443
583 470
583 567
583 577
583 586
583 590
583 598
584 10
584 16
584 117
584 213
584 251
584 255
584 268
584 276
584 289
584 325
584 336
584 408
584 410
584 419
584 433
584 459
584 483
584 538
584 539
584 571
584 579
584 581
584 589
585 26
585 30
585 45
585 51
585 77
585 101
585 104
585 172
585 206
585 327
585 340
585 347
585 360
585 365
585 421
585 438
585 476
585 477
585 493
585 534
585 541
585 547
585 560
585 570
586 10
586 17
586 29
586 82
586 132
586 175
586 207
586 231
586 239
586 250
586 328
586 377
586 421
586 449
586 458
586 484
586 505
586 521
586 530
586 562
586 563
586 569
586 573
586 583
587 93
587 160
587 211
587 217
587 229
587 237
587 286
587 290
587 297
587 310
587 311
587 355
587 368
587 468
587 471
587 479
587 481
587 490
587 496
587 525
587 538
587 551
587 568
587 579
588 8
588 28
588 147
588 173
588 259
588 279
588 286
588 329
588 378
588 385
588 387
588 446
588 460
588 462
588 518
588 529
588 536
588 539
588 553
588 554
588 594
588 596
588 597
588 599
589 6
589 82
589 155
589 174
589 196
589 203
589 216
589 266
589 274
589 308
589 326
589 329
589 358
589 447
589 465
589 466
589 480
589 494
589 495
589 515
589 549
589 556
589 584
589 592
590 25
590 42
590 50
590 74
590 100
590 101
590 149
590 242
590 274
590 293
590 344
590 351
590 369
590 371
590 392
590 400
590 406
590 420
590 464
590 495
590 513
590 543
590 583
590 594
591 56
591 88
591 96
591 99
591 125
591 201
591 256
591 293
591 317
591 335
591 356
591 381
591 393
591 411
591 448
591 455
591 461
591 486
591 548
591 574
591 580
591 592
591 593
591 598
592 14
592 22
592 95
592 139
592 159
592 171
592 206
592 247
592 310
592 362
592 367
592 370
592 426
592 468
592 475
592 477
592 493
592 526
592 531
592 534
592 541
592 569
592 589
592 591
593 31
593 81
593 93
593 136
593 182
593 235
593 240
593 262
593 277
593 283
593 321
593 379
593 404
593 406
593 434
593 450
593 467
593 472
593 507
593 521
593 533
593 575
593 591
593 599
594 11
594 15
594 33
594 45
594 105
594 118
594 119
594 124
594 138
594 167
594 223
594 252
594 387
594 398
594 437
594 443
594 500
594 508
594 558
594 565
594 574
594 588
594 590
594 596
595 24
595 45
595 120
595 129
595 142
595 143
595 219
595 258
595 272
595 290
595 345
595 390
595 446
595 460
595 461
595 481
595 487
595 498
595 527
595 529
595 534
595 537
595 557
595 577
595 599
596 42
596 69
596 89
596 105
596 124
596 146
596 192
596 218
596 245
596 281
596 287
596 375
596 384
596 437
596 443
596 488
596 508
596 519
596 527
596 542
596 558
596 574
596 588
596 594
596 597
597 33
597 73
597 78
597 118
597 124
597 138
597 167
597 202
597 245
597 265
597 272
597 279
597 287
597 332
597 398
597 409
597 434
597 437
597 473
597 508
597 538
597 558
597 574
597 588
597 596
598 20
598 31
598 56
598 99
598 103
598 125
598 185
598 200
598 240
598 275
598 317
598 381
598 384
598 389
598 424
598 441
598 448
598 464
598 486
598 489
598 518
598 548
598 580
598 583
598 591
599 93
599 135
599 136
599 235
599 240
599 262
599 283
599 312
599 373
599 386
599 404
599 406
599 450
599 467
599 517
599 521
599 533
599 563
599 574
599 575
599 579
599 581
599 588
599 593
599 595
