56 444
398 542
495 542
178 444
341 421
403 574
143 512
552 597
114 487
6 98
480 592
528 596
313 596
494 533
286 518
324 426
181 597
292 584
325 437
419 583
380 587
310 442
275 388
443 538
155 398
14 568
126 328
398 493
244 328
447 542
198 558
153 530
528 578
242 437
391 393
341 463
363 395
61 533
278 464
402 574
95 374
177 571
87 583
310 436
467 561
360 575
1 584
328 520
295 433
79 580
54 56
422 572
443 499
232 568
203 572
421 565
225 583
334 366
157 314
286 397
485 552
209 542
213 446
177 565
267 480
220 589
431 557
328 428
0 153
364 512
356 569
218 518
135 463
320 388
269 587
273 325
472 569
113 332
43 399
482 580
47 177
399 450
24 464
408 506
374 388
447 571
200 305
1 381
80 364
412 528
287 388
437 520
302 398
323 346
353 556
194 213
244 520
48 562
365 568
475 597
333 452
481 528
157 587
130 472
356 583
322 339
305 556
530 594
292 318
165 579
70 320
147 280
333 509
170 545
466 542
218 504
364 367
153 421
181 511
346 446
328 594
443 578
371 596
504 596
211 584
72 386
326 509
475 562
408 463
360 413
143 403
167 446
319 505
58 568
278 408
48 584
284 444
360 373
73 545
333 570
392 415
361 592
16 437
301 332
33 253
56 533
334 533
302 578
175 367
244 511
163 397
38 298
330 422
493 591
558 589
210 583
582 589
34 418
516 542
480 502
62 527
112 316
22 306
423 575
432 525
436 442
461 568
396 421
144 406
327 485
497 506
333 596
322 592
52 471
79 159
11 512
546 576
49 152
506 574
145 314
435 480
214 557
346 413
371 399
47 562
449 455
69 481
264 481
413 575
198 597
223 599
502 522
454 455
37 357
535 575
495 537
443 527
284 360
53 528
418 482
57 597
24 480
403 577
378 596
350 477
116 448
449 518
538 568
49 138
144 520
219 301
189 589
160 337
306 464
253 396
223 564
258 367
116 463
361 480
159 392
287 583
416 570
306 562
272 494
509 580
331 518
527 596
415 595
381 522
39 452
24 494
187 455
298 411
444 494
309 403
511 572
493 556
439 528
300 314
488 597
3 454
539 542
470 564
159 518
115 592
80 99
461 580
526 582
50 157
560 594
552 587
590 594
295 594
332 472
444 596
83 140
306 597
463 567
277 490
396 565
493 503
186 538
560 585
371 538
100 561
192 333
552 562
40 273
96 478
136 186
466 576
266 488
556 582
150 293
301 380
356 428
467 569
280 435
565 571
45 573
267 402
342 597
275 306
5 523
337 458
392 502
139 521
283 377
34 576
271 536
348 381
136 415
356 570
324 579
343 442
172 373
120 521
284 516
106 241
143 446
199 230
429 499
141 575
452 481
18 52
11 584
33 571
363 374
448 488
232 453
433 580
568 574
241 521
475 558
187 565
151 555
157 267
402 456
219 495
95 592
42 511
298 584
156 363
283 479
552 558
165 324
575 580
392 491
541 596
141 561
218 510
352 361
242 456
6 442
137 441
431 571
430 561
15 440
327 378
226 523
206 487
425 502
285 343
330 387
279 478
500 556
46 447
499 578
139 565
90 211
0 572
408 562
154 518
530 586
180 570
126 129
144 427
475 565
572 592
332 410
70 440
112 590
314 589
170 553
101 478
505 529
345 415
215 572
295 498
442 489
538 578
25 557
137 528
339 406
395 472
269 361
201 409
576 577
42 488
67 480
446 579
487 504
495 505
302 568
530 557
133 499
96 279
442 520
391 433
144 327
201 314
313 574
538 596
10 272
271 587
450 506
480 589
283 432
538 556
156 447
391 430
156 576
343 397
295 366
305 576
253 480
419 594
558 597
481 589
391 569
412 578
505 557
168 571
466 503
200 545
443 464
175 594
493 576
430 467
28 506
302 596
47 597
428 569
391 583
25 277
28 211
450 455
485 521
198 562
553 594
219 447
326 556
3 475
495 545
34 174
225 569
9 15
267 361
378 502
292 375
412 568
38 584
258 287
314 480
393 572
412 482
418 556
1 80
284 494
106 154
309 584
386 557
34 305
87 569
375 584
225 587
133 450
478 562
103 558
2 565
62 587
242 426
578 583
174 575
322 485
444 509
327 446
20 572
365 594
310 397
79 320
100 569
341 587
52 79
5 447
118 472
488 587
272 444
147 220
61 574
443 568
378 418
69 558
475 552
154 594
482 570
103 597
365 580
589 596
38 48
273 468
233 472
286 594
70 574
363 576
165 346
320 413
135 594
89 564
415 482
271 403
100 583
302 511
140 494
323 579
324 485
569 594
264 466
446 485
46 437
103 587
327 418
225 391
135 587
482 596
526 557
103 499
2 450
355 526
209 495
380 542
332 499
333 507
337 579
234 512
235 402
242 448
319 498
263 545
430 569
472 528
253 575
397 442
418 596
318 574
526 564
384 475
388 584
447 495
471 544
419 518
63 512
218 449
298 313
136 468
391 467
263 542
102 436
502 580
413 429
430 576
70 150
13 477
261 463
45 530
362 572
38 563
167 590
455 560
538 586
423 523
562 597
365 504
58 122
111 313
557 559
365 393
186 422
205 575
209 466
373 505
49 584
294 542
98 503
334 539
279 597
48 213
361 402
381 506
320 367
563 583
328 511
418 471
114 563
208 564
430 454
168 422
502 574
412 580
381 499
467 505
69 597
175 487
433 569
397 478
76 521
330 348
371 392
319 359
396 423
163 436
403 495
178 533
412 556
159 415
300 589
319 398
326 578
429 565
422 540
519 571
226 574
62 477
15 18
511 515
58 333
24 597
50 396
180 194
295 569
361 562
313 592
188 574
160 493
426 474
320 574
46 386
398 401
511 520
79 254
499 506
118 528
230 565
35 553
198 578
253 354
327 543
55 556
444 568
211 287
67 226
263 483
470 568
308 309
277 477
7 19
428 561
432 564
291 292
509 570
403 584
80 587
308 587
417 564
21 186
96 442
244 437
359 594
213 579
115 589
495 553
244 292
156 307
214 564
54 406
364 448
225 561
233 395
503 576
140 574
305 505
388 512
337 485
145 395
174 565
178 469
360 571
71 87
326 419
366 431
208 526
135 477
308 492
474 475
116 479
209 545
452 502
578 580
85 564
339 489
16 511
87 561
436 597
163 183
19 337
275 593
437 503
438 495
429 530
247 448
421 521
360 438
553 572
223 557
367 584
262 406
281 578
361 473
203 561
81 413
512 524
130 569
218 570
45 571
264 596
279 436
445 481
406 579
366 557
295 467
339 503
203 458
504 571
569 583
343 436
397 486
572 590
421 571
303 337
166 444
98 478
191 396
47 395
359 542
412 532
366 564
455 598
386 526
294 506
155 503
163 279
348 374
463 488
263 586
396 407
381 549
223 326
264 578
283 472
69 423
52 481
272 284
334 494
201 542
408 597
0 468
330 560
435 592
205 421
213 485
308 463
15 442
272 561
353 570
318 564
373 380
305 545
415 556
558 564
143 578
223 526
41 579
258 341
448 587
16 442
167 552
111 298
43 503
226 512
133 399
561 569
341 364
572 594
373 576
106 518
308 477
499 589
301 319
287 518
151 477
286 572
433 533
89 526
252 545
276 431
576 579
374 487
276 570
25 564
325 520
487 553
199 558
9 232
374 560
521 579
211 258
571 575
157 477
230 360
518 596
150 594
133 506
61 450
177 205
89 470
264 502
449 560
194 446
365 530
419 572
393 518
301 576
73 219
151 488
429 571
106 494
364 587
450 499
151 596
283 395
5 511
359 493
464 558
155 447
433 561
478 596
371 570
194 596
46 557
449 452
178 272
35 594
66 560
481 580
393 560
504 530
346 521
24 558
278 552
46 564
302 308
72 431
413 565
295 561
28 499
0 186
223 494
388 398
322 406
381 526
419 506
330 374
518 560
33 364
72 470
37 589
360 565
62 356
278 570
348 512
511 569
233 283
298 367
306 552
363 399
181 562
194 521
468 533
330 530
106 348
2 413
154 320
325 575
40 502
443 556
504 558
565 575
399 499
113 592
258 375
203 560
84 450
319 549
437 511
371 461
397 545
398 458
338 580
284 520
552 572
129 426
365 585
113 432
5 520
318 379
386 564
326 378
130 561
220 435
366 470
318 512
504 572
305 573
69 103
178 334
568 570
113 472
348 495
482 568
356 383
170 487
481 538
279 573
381 450
399 552
242 469
170 374
67 376
230 339
131 353
25 345
375 558
485 501
392 536
135 448
33 576
363 467
287 554
7 460
430 557
180 509
252 533
220 385
58 100
282 435
396 399
325 511
365 419
118 432
100 155
284 533
252 334
471 481
471 556
310 508
428 468
359 527
159 580
408 558
464 597
502 584
174 462
379 584
323 327
360 518
14 578
128 226
147 245
280 402
562 569
463 505
300 480
129 200
220 271
67 388
488 538
433 452
309 463
420 521
137 233
48 375
428 467
126 426
288 560
314 422
436 568
199 571
43 512
526 570
165 482
557 588
95 333
520 552
523 597
140 252
359 573
269 277
362 578
219 503
346 555
223 276
557 564
462 471
86 579
533 597
93 521
150 560
3 507
481 575
193 470
358 509
286 366
380 503
109 538
455 487
432 531
364 488
317 574
468 596
382 587
202 366
330 443
115 502
25 431
116 488
332 395
155 201
447 576
95 435
167 475
263 505
412 591
286 559
576 594
463 477
47 552
93 485
272 375
359 503
40 45
276 470
426 583
423 571
464 552
304 482
346 516
114 552
208 557
200 247
20 533
9 471
580 589
428 430
505 562
96 518
246 520
248 343
54 533
218 594
188 318
207 450
565 578
332 432
373 466
413 571
452 522
168 406
170 422
464 550
528 570
40 228
42 520
67 512
528 585
459 481
441 545
201 589
130 595
193 548
251 589
35 265
17 419
38 507
482 538
198 552
326 538
111 143
62 559
181 552
455 516
193 202
277 341
316 587
174 199
214 276
234 574
129 503
411 592
28 450
2 165
19 443
426 437
278 562
402 480
493 545
467 583
11 435
472 553
28 584
232 468
443 502
112 552
295 583
35 455
287 574
136 578
319 466
180 481
363 380
468 509
93 579
167 267
480 520
175 187
0 596
98 436
578 596
322 323
433 583
187 487
150 530
153 187
160 542
175 526
253 421
292 413
398 545
275 428
302 392
412 472
395 432
343 478
436 470
504 580
175 422
415 568
435 589
292 309
10 494
452 468
408 552
542 576
34 363
89 569
181 488
129 520
66 485
19 41
244 533
542 568
58 509
286 560
487 572
292 574
426 520
61 444
353 568
301 493
504 594
452 545
167 597
115 403
495 503
45 452
242 511
139 589
393 455
269 364
233 432
252 494
324 470
325 480
263 373
339 579
386 528
42 325
318 494
430 583
114 572
208 431
18 365
310 343
151 587
408 475
363 545
471 570
242 520
314 592
319 412
505 542
16 426
263 528
530 553
14 596
509 538
226 528
353 579
378 471
194 421
545 576
214 366
201 592
332 528
464 562
324 521
111 323
214 391
54 252
219 428
406 521
130 583
428 583
327 339
114 553
140 533
37 592
20 504
156 200
448 561
505 576
359 495
470 557
464 475
66 419
226 403
337 503
209 570
11 313
139 579
506 578
18 572
320 375
391 579
56 583
278 558
87 449
334 444
273 353
181 558
37 361
133 549
153 415
428 556
2 575
147 592
367 574
423 429
23 509
449 530
301 529
73 447
195 419
341 448
494 550
150 388
464 533
451 560
163 452
398 503
205 396
518 553
561 583
200 276
402 592
431 474
393 553
18 553
504 553
14 464
180 598
219 565
1 506
396 571
402 568
493 505
423 466
478 566
278 563
51 406
105 580
112 562
356 467
66 530
3 562
386 470
153 449
174 579
274 493
137 488
249 371
356 561
193 526
1 499
395 528
144 485
325 426
145 572
243 356
341 575
271 275
339 521
273 576
346 579
168 521
399 506
168 323
421 575
518 530
483 557
482 575
157 308
251 435
10 509
53 431
556 570
324 569
350 569
7 564
233 475
312 475
20 449
203 348
6 163
10 533
446 560
126 249
155 347
232 556
452 580
589 592
442 478
121 584
116 280
373 375
378 425
185 271
186 560
118 447
264 581
52 492
309 512
380 493
491 562
37 343
41 345
3 558
66 371
199 429
436 478
43 506
353 550
147 530
422 594
112 597
542 569
466 545
220 592
41 322
245 584
273 556
43 499
5 328
375 574
49 403
526 561
269 393
115 402
7 431
138 560
548 558
95 589
64 542
302 418
253 571
350 533
476 512
430 433
96 397
177 441
306 543
139 446
180 468
208 416
309 430
471 580
209 477
279 491
395 547
277 587
584 590
16 427
80 477
49 309
353 578
7 526
348 553
61 140
310 478
477 561
193 429
408 524
137 472
429 575
467 500
267 589
404 568
371 561
160 576
463 587
33 423
381 399
56 437
280 328
423 565
466 505
306 334
205 487
280 589
352 570
230 575
191 449
