250 312
491 517
258 593
323 534
197 588
289 368
205 550
6 537
376 545
255 522
239 507
495 551
351 579
544 547
63 117
247 504
525 550
565 585
250 549
233 555
329 383
331 473
30 111
124 414
125 179
321 454
266 321
515 529
164 577
368 551
86 524
231 411
479 567
189 440
460 555
31 529
531 591
162 269
513 531
131 496
539 543
4 479
406 554
224 376
44 563
353 527
465 514
299 599
303 456
486 599
82 342
15 117
474 476
357 417
125 282
351 553
515 543
204 427
425 568
120 245
102 368
559 560
158 550
17 584
496 579
208 514
522 556
23 498
64 193
192 507
30 64
195 598
340 547
494 582
462 559
293 515
544 591
245 539
397 549
89 588
312 462
21 426
349 589
117 299
197 553
507 535
347 539
577 592
101 434
32 497
235 538
291 486
297 326
515 525
535 598
14 532
532 548
187 573
227 300
124 330
146 497
99 540
232 550
429 500
55 517
60 478
8 556
152 476
172 410
110 570
36 441
497 535
206 514
161 566
524 595
212 554
179 291
161 380
344 524
26 367
281 592
338 461
304 581
386 416
26 158
236 246
437 462
404 535
389 550
32 237
453 537
185 270
132 259
192 424
178 577
434 471
344 531
92 580
385 410
350 404
171 546
84 474
484 540
435 551
40 469
349 544
243 408
6 340
83 546
9 240
425 541
407 522
12 519
508 585
290 417
171 539
546 549
288 572
417 511
164 522
459 517
267 544
439 460
83 555
377 458
148 546
407 425
217 564
308 527
44 290
448 591
340 597
59 496
294 483
405 586
102 438
484 514
17 465
127 394
53 563
400 487
537 541
228 498
317 553
285 298
241 566
369 599
215 581
173 496
523 598
122 488
224 546
411 538
12 462
509 543
458 531
497 564
349 523
251 517
394 599
424 558
210 588
160 563
582 586
94 401
296 488
458 501
523 591
176 595
270 427
288 577
188 535
498 581
439 567
173 593
75 492
457 486
97 517
245 555
108 566
496 554
490 591
128 523
254 497
347 555
21 491
352 548
261 316
376 532
108 161
239 500
439 440
459 550
249 331
490 551
184 585
349 476
407 458
237 497
297 383
141 577
162 534
76 573
121 189
268 321
405 483
497 500
315 474
498 534
179 401
383 492
227 445
390 598
108 547
349 445
519 559
445 479
125 524
184 599
384 548
77 94
439 539
510 517
496 598
351 438
119 591
248 546
238 410
441 559
197 457
182 567
390 405
321 335
206 296
260 510
81 335
445 465
221 266
241 510
166 405
387 543
210 541
29 344
152 456
368 598
438 489
559 563
382 524
424 599
351 420
585 599
255 407
409 567
91 536
39 141
132 497
304 544
416 582
182 536
354 555
489 516
532 549
110 274
491 582
387 460
65 524
206 515
86 414
92 260
238 351
239 599
394 536
336 434
134 590
288 559
417 492
411 427
128 349
293 573
457 588
227 460
250 595
146 535
434 573
354 581
246 384
312 491
352 514
407 517
508 586
344 539
138 567
340 591
358 529
389 459
307 590
183 543
238 368
192 525
407 424
184 534
516 546
445 539
385 516
354 599
81 501
410 516
532 593
465 585
486 540
30 329
256 390
369 598
355 573
196 350
416 513
517 543
149 379
196 493
270 417
169 562
410 527
190 591
508 599
269 527
239 342
297 404
76 529
352 484
207 499
335 592
377 476
51 424
255 455
229 537
474 554
310 476
99 485
65 578
138 555
469 534
566 571
182 593
454 458
221 522
261 537
10 593
490 588
524 541
119 539
372 466
198 595
260 372
121 407
245 504
484 551
432 517
453 582
158 510
217 277
347 547
510 536
19 523
235 578
362 531
241 418
63 546
182 547
370 460
227 439
465 541
136 523
160 492
487 595
259 573
522 566
342 567
169 387
152 570
387 555
83 248
247 590
474 519
59 534
461 593
544 549
122 529
382 536
21 591
259 505
260 265
354 508
268 377
379 492
236 530
225 231
152 513
9 453
372 559
289 514
416 449
92 516
473 574
185 593
94 373
336 547
322 352
359 595
443 540
345 383
238 551
159 483
22 500
317 338
473 519
55 547
581 599
271 524
206 548
285 534
164 473
191 257
590 595
240 579
577 580
120 462
255 547
293 450
29 594
104 525
249 510
470 588
345 472
275 590
222 459
323 497
240 401
20 311
258 454
244 566
483 544
265 579
586 591
481 522
392 496
268 501
57 484
149 598
60 458
296 587
118 368
29 449
84 554
161 585
189 592
195 236
378 513
104 231
525 584
105 562
31 259
543 546
146 500
510 550
190 526
434 529
149 453
441 577
32 535
50 577
203 459
21 64
540 541
154 547
128 581
349 409
335 529
543 555
285 585
470 593
257 434
85 433
107 435
454 526
71 532
352 442
374 591
141 422
197 537
355 507
195 504
196 573
162 294
297 438
554 598
544 598
479 539
299 372
35 529
240 268
517 547
427 456
229 588
196 548
44 519
261 588
525 539
120 543
146 527
185 536
336 417
307 593
110 461
404 551
171 315
425 516
109 438
483 586
303 362
51 370
164 563
74 221
474 483
57 236
555 598
169 445
281 385
105 536
456 484
148 265
204 414
251 256
342 500
311 554
350 515
554 586
268 351
347 479
434 591
290 456
36 239
149 541
243 344
441 519
29 531
176 548
555 567
425 465
282 400
176 248
231 456
387 567
142 588
125 172
77 510
296 465
358 489
124 484
376 387
71 598
74 317
457 537
222 593
27 581
142 599
256 539
171 453
411 492
122 259
44 586
394 590
91 453
352 573
424 517
500 535
12 142
473 563
224 593
336 566
445 567
540 548
82 546
251 300
285 522
476 591
145 595
240 453
519 577
22 507
362 501
290 492
30 591
86 247
358 551
64 390
246 457
462 577
217 245
311 519
457 524
476 582
212 515
231 492
146 599
4 585
138 179
29 501
268 531
216 228
169 543
390 591
490 491
85 260
377 384
384 573
262 420
409 555
91 524
202 537
534 581
84 549
411 456
13 404
57 74
316 331
390 582
496 591
522 544
550 551
148 483
77 78
416 586
296 581
297 345
127 590
586 588
362 489
469 595
534 599
370 409
304 546
274 489
331 559
425 550
532 536
394 532
336 454
23 544
90 108
329 551
74 191
400 529
123 236
158 445
532 551
88 414
190 424
190 566
376 590
438 540
65 117
400 510
457 585
350 573
162 581
207 440
256 555
93 599
546 558
142 534
416 598
477 510
462 519
567 590
222 420
299 486
389 547
468 567
378 539
329 418
352 434
501 553
514 559
74 573
471 486
94 440
387 431
98 541
340 405
141 559
313 544
293 548
22 535
424 482
390 540
377 454
162 599
382 593
409 451
104 196
221 382
169 451
8 394
315 595
294 581
498 599
228 554
342 507
509 522
460 543
210 348
490 598
99 355
243 531
151 255
407 540
142 486
215 585
204 273
539 555
134 236
445 537
215 574
532 595
55 300
347 424
216 541
448 554
582 598
256 567
276 336
132 573
439 595
65 185
119 447
156 427
123 530
220 501
169 560
4 409
498 585
227 592
563 577
439 479
462 473
465 576
121 166
274 329
355 548
362 548
456 492
248 473
85 516
467 514
170 351
13 351
78 240
338 527
32 461
235 598
385 508
282 525
247 376
109 525
346 401
207 506
460 515
133 483
301 460
490 586
254 500
173 583
192 389
196 437
182 224
239 497
369 370
281 516
502 566
90 188
537 589
369 451
22 135
259 380
315 318
529 548
188 317
444 476
75 270
519 587
82 257
177 531
514 540
296 448
313 486
498 538
134 532
393 414
509 591
321 377
32 185
490 557
519 563
134 493
139 303
105 595
424 525
372 546
340 523
438 551
91 251
400 575
383 489
78 487
544 551
256 451
496 594
508 541
521 535
189 300
27 433
81 425
322 382
216 229
401 546
400 566
460 464
453 575
458 548
561 577
230 414
158 587
214 420
500 507
358 583
345 420
127 164
60 566
250 337
73 307
188 338
44 559
461 471
27 212
429 536
303 468
451 567
303 559
202 229
590 593
130 179
270 492
469 585
336 531
340 474
298 595
195 316
17 588
490 513
238 329
50 473
270 580
146 507
255 400
434 446
345 438
36 288
297 321
317 467
462 563
270 358
293 527
357 546
486 581
68 573
476 555
68 588
517 566
384 515
317 379
134 595
441 473
240 385
75 465
183 479
261 369
26 550
282 588
176 524
581 585
290 370
461 507
254 420
312 586
355 514
469 508
290 427
257 548
289 404
307 382
109 566
294 498
354 585
227 567
179 453
243 516
102 534
36 577
496 523
68 529
78 149
377 515
217 567
508 581
307 479
238 479
312 349
335 501
445 543
513 582
109 221
65 532
197 389
307 595
554 582
68 536
71 182
145 532
166 473
172 491
85 172
405 598
311 559
204 496
369 439
342 535
409 460
191 347
238 489
523 586
249 459
121 510
274 420
60 501
207 582
490 566
171 299
282 407
394 595
235 349
241 547
171 440
27 585
229 541
235 490
224 590
262 351
261 541
8 329
88 567
496 497
335 344
281 401
215 599
307 315
237 507
291 469
176 590
411 489
164 441
82 372
281 410
237 500
131 549
537 588
573 577
78 410
465 537
544 554
311 563
347 439
496 549
345 551
127 315
416 544
75 414
148 440
131 384
224 595
316 457
304 513
148 303
246 515
102 551
529 540
490 554
489 546
291 599
382 532
81 344
145 593
534 585
173 457
36 522
260 527
390 586
316 588
586 593
39 344
370 539
119 483
101 409
120 451
124 411
59 544
104 514
265 372
469 567
184 260
107 550
291 581
496 586
173 537
222 563
122 434
235 554
513 534
132 527
131 513
441 563
559 577
293 540
57 72
136 547
311 535
26 485
283 510
303 324
585 594
147 501
97 451
336 458
338 482
466 581
132 502
441 564
176 536
401 531
275 595
222 462
83 516
251 592
161 550
183 545
519 534
425 588
483 549
63 508
300 405
105 590
312 549
367 586
262 404
541 588
534 597
42 383
23 549
581 582
410 589
288 311
107 525
454 531
420 489
483 554
232 362
13 358
457 465
517 565
138 543
237 451
166 522
387 459
137 394
54 555
390 553
183 567
593 597
206 257
355 540
524 593
469 498
92 440
222 559
197 425
414 492
72 590
183 305
317 512
468 554
234 379
479 543
285 498
148 385
207 299
82 125
250 266
566 577
440 500
385 565
294 585
297 443
143 234
451 539
27 498
446 573
126 593
110 288
439 582
262 368
12 335
202 557
51 547
228 457
482 595
11 158
451 512
486 508
592 599
97 392
479 525
63 281
265 466
514 548
262 513
548 557
166 566
478 484
23 582
369 445
246 581
264 372
266 527
88 547
231 560
17 537
355 386
161 282
315 423
228 588
382 461
213 514
414 456
199 409
172 599
252 340
217 479
401 586
459 566
246 548
84 508
212 230
51 566
123 350
439 473
225 536
389 517
154 532
490 582
113 543
59 234
500 517
265 453
266 477
13 234
107 211
417 532
582 591
420 551
94 410
30 598
184 354
368 463
243 458
461 570
248 516
250 523
415 514
93 484
173 588
227 354
215 508
254 535
257 529
517 525
195 455
515 571
189 573
304 483
71 595
77 221
168 370
237 535
73 590
310 312
210 465
514 515
289 489
473 559
321 501
304 523
571 591
411 414
216 588
527 580
76 515
354 486
41 75
404 489
498 508
262 438
90 335
459 581
405 513
90 584
144 534
461 596
266 296
484 554
274 280
8 383
70 379
510 519
165 541
524 527
357 432
88 241
204 293
385 453
563 567
97 547
370 451
101 369
401 440
8 358
476 496
123 593
469 581
53 331
405 531
228 541
127 581
119 586
508 534
290 394
416 476
289 501
117 513
234 590
515 540
248 372
486 585
379 513
39 519
212 540
469 486
247 593
357 427
469 599
491 598
274 551
243 268
162 369
400 550
204 417
97 249
26 55
68 123
510 547
231 357
124 417
491 591
60 454
304 549
593 595
50 462
427 591
134 593
355 497
4 101
296 566
191 529
222 441
237 590
53 577
76 588
184 400
192 550
250 586
379 389
549 598
474 582
370 567
99 514
376 593
362 454
368 438
59 490
331 577
294 599
217 555
459 525
389 544
216 523
394 524
257 563
357 456
249 525
285 599
347 460
491 544
299 440
202 491
39 577
229 461
86 590
474 484
311 577
424 550
549 586
236 384
190 331
535 536
77 566
299 516
229 357
342 497
536 537
350 540
554 591
465 588
210 338
108 598
377 531
12 563
107 221
474 549
256 522
4 501
88 190
513 598
91 590
297 551
31 329
110 338
427 513
142 585
357 492
131 582
529 559
400 459
239 535
259 384
460 519
389 525
289 358
291 563
132 212
316 537
404 484
497 507
501 531
376 531
31 573
149 546
104 434
484 598
216 582
457 541
261 405
31 224
289 383
128 513
92 498
254 507
476 484
255 459
315 536
254 543
152 491
321 500
