544 556
346 525
20 273
371 405
426 479
550 575
67 541
287 437
363 524
203 528
386 499
156 394
564 575
204 446
544 547
108 546
239 546
421 454
61 490
208 541
565 585
250 549
503 590
485 564
211 434
287 580
383 592
97 303
137 363
392 424
413 494
436 494
220 536
594 599
297 507
10 305
137 500
304 393
259 553
518 567
405 502
406 492
361 490
382 432
6 495
340 471
534 561
79 481
184 501
408 414
478 588
470 474
356 469
140 311
469 589
269 544
382 443
149 437
150 301
395 406
324 391
312 455
59 175
496 579
226 436
315 573
100 317
343 348
63 589
156 494
527 563
180 484
368 588
494 561
278 482
64 495
15 458
112 475
21 426
479 546
90 440
507 535
63 176
467 590
341 574
452 599
145 377
437 518
494 585
268 564
252 523
381 446
78 454
299 503
468 550
12 395
424 580
212 547
503 555
309 573
552 575
315 587
262 539
138 541
217 585
131 492
442 468
296 567
8 556
248 283
284 297
415 507
54 553
127 406
292 515
3 253
7 567
568 573
524 595
195 589
431 505
159 595
148 363
202 569
189 524
463 520
175 307
568 597
536 574
32 237
51 580
2 54
147 524
424 562
6 598
10 541
345 541
318 360
523 547
302 550
399 562
477 580
317 507
183 264
425 503
154 574
525 541
378 551
43 266
261 479
105 552
34 414
125 565
481 553
337 589
142 395
296 556
25 549
502 591
267 544
253 545
360 521
496 526
208 589
136 442
504 596
525 534
414 544
241 573
289 458
516 545
521 556
219 499
190 208
588 597
323 564
533 585
145 454
517 528
186 215
188 211
244 496
381 596
311 552
46 533
111 570
348 595
404 471
91 109
261 529
248 325
175 476
292 597
21 556
424 475
324 341
363 536
506 567
272 529
22 567
169 590
136 342
375 541
474 564
335 458
248 484
515 573
241 315
376 392
504 520
92 499
6 551
117 501
339 346
474 575
3 467
313 481
307 520
220 478
273 407
335 556
290 552
313 377
98 599
185 585
419 558
207 237
431 446
287 325
551 596
18 589
251 550
147 589
183 481
10 476
377 567
324 329
87 545
383 544
244 474
428 558
551 589
476 579
561 588
305 507
431 479
213 329
105 432
212 535
158 591
196 262
158 469
251 564
507 536
255 494
372 572
474 531
326 528
240 327
167 532
295 547
169 256
175 286
69 573
532 535
68 304
525 592
275 301
255 553
437 572
95 399
179 493
75 595
194 201
493 496
256 428
262 504
335 521
432 467
342 597
248 422
27 562
387 455
133 284
406 572
129 570
3 586
324 579
256 419
7 590
264 291
395 523
334 481
372 521
549 572
287 544
589 597
303 495
396 546
2 499
475 558
482 564
395 512
550 589
183 475
291 407
22 208
227 460
389 549
356 552
300 494
69 529
317 541
312 590
458 591
136 284
404 419
523 546
10 38
4 536
304 460
36 424
208 599
526 556
68 396
51 588
203 579
575 589
58 504
58 574
61 579
561 571
504 597
87 275
269 541
127 226
471 545
185 213
481 545
414 437
272 414
307 599
201 563
521 596
321 494
103 313
123 528
196 493
467 488
208 572
486 535
378 561
236 567
131 238
358 570
7 44
61 452
392 592
12 548
420 546
444 530
541 561
546 582
199 507
4 397
25 512
430 596
161 523
128 311
148 592
220 376
289 356
291 565
551 569
475 529
204 574
387 573
264 529
227 359
373 550
448 573
503 530
434 490
289 469
456 579
273 371
458 484
186 225
386 585
302 589
52 327
396 539
100 535
158 592
126 531
325 449
332 437
524 532
229 523
123 591
291 478
570 585
6 504
339 458
401 562
535 574
38 114
85 386
252 405
80 595
377 503
147 583
41 72
30 575
84 428
105 308
177 476
90 599
197 454
401 555
168 553
266 577
19 424
233 387
219 592
577 586
233 300
252 370
35 98
255 573
167 507
356 432
361 573
72 552
87 544
90 139
515 531
351 586
12 481
519 551
460 549
248 547
65 435
372 391
377 590
503 577
233 530
145 590
419 590
442 591
521 538
116 471
577 579
230 550
358 577
416 562
36 304
595 598
267 531
400 401
111 248
295 442
443 533
207 564
85 413
305 532
219 561
61 506
482 529
13 172
307 499
384 563
315 550
264 414
229 559
274 555
167 535
317 476
412 496
127 591
61 556
229 443
194 207
428 541
504 556
6 262
244 344
371 541
85 279
105 585
514 586
197 558
145 568
234 549
386 469
319 571
340 487
315 342
91 399
184 389
258 449
547 551
344 512
76 424
404 407
269 506
136 582
139 409
108 437
18 384
436 460
207 515
375 599
323 597
450 544
242 245
334 375
175 525
140 545
126 245
289 300
507 558
277 546
287 547
406 564
267 575
185 410
536 569
63 409
375 556
66 495
12 119
547 580
533 563
220 319
389 588
211 497
250 585
452 560
507 551
195 504
52 407
132 495
188 201
11 474
129 523
264 323
105 549
89 168
0 550
36 346
182 482
443 591
562 571
377 455
405 434
558 567
372 496
432 496
363 574
132 590
27 529
412 443
454 495
455 503
4 512
319 580
371 428
252 467
244 536
558 574
531 536
215 590
471 501
25 72
545 546
358 452
31 38
340 599
573 575
591 597
148 580
64 475
415 531
292 302
58 226
264 455
13 553
182 286
442 526
481 492
137 536
562 597
529 562
201 571
256 495
245 413
323 575
533 592
126 590
204 211
545 572
18 446
562 588
324 526
241 597
258 579
46 546
327 494
475 481
312 392
493 589
241 550
204 512
406 460
31 140
289 467
499 545
358 562
202 432
504 515
69 597
496 556
317 562
531 564
570 591
412 579
515 575
301 437
391 585
136 351
351 490
407 574
301 546
571 579
94 283
376 401
162 532
78 526
251 547
342 564
290 492
94 371
131 391
91 309
303 455
13 499
78 529
342 591
290 545
521 528
387 531
358 591
4 585
512 551
182 562
360 579
401 444
26 412
117 136
147 596
387 536
266 484
553 579
237 474
266 375
72 592
94 586
536 589
550 551
552 589
34 588
256 312
64 592
305 524
446 515
341 577
586 588
38 377
297 305
27 389
172 272
326 521
358 446
324 567
64 599
396 481
532 536
493 494
244 574
305 492
129 452
78 346
11 597
360 528
237 342
535 595
203 458
495 589
396 549
111 541
572 590
335 528
482 571
183 476
68 183
287 546
237 446
386 526
389 478
360 535
329 552
94 123
422 489
351 413
160 531
0 76
309 515
404 422
171 501
195 507
548 573
0 251
64 525
484 528
328 551
353 545
381 574
111 547
476 567
31 599
196 355
360 402
507 575
327 598
452 591
417 507
224 528
527 528
567 583
78 478
84 340
340 363
241 569
125 348
253 434
184 529
96 499
365 372
220 556
223 415
314 409
261 547
104 482
34 383
125 446
36 591
532 596
404 544
576 588
557 572
562 563
140 413
476 517
166 329
89 185
92 597
520 551
10 413
46 311
301 597
58 596
405 599
90 542
114 574
300 469
561 562
148 564
47 455
13 552
452 533
272 376
474 550
185 553
143 592
333 567
172 481
261 533
428 599
292 553
352 553
520 582
521 579
512 581
123 555
313 572
44 162
484 563
329 502
280 493
22 471
116 502
312 376
480 574
356 414
123 509
274 409
207 597
466 506
428 581
563 591
239 531
518 591
62 475
490 586
387 575
179 202
306 437
40 132
241 431
458 482
8 536
171 452
302 595
304 521
157 574
202 440
76 383
331 532
27 200
11 89
258 489
266 556
311 417
404 495
194 432
215 496
362 529
91 117
129 493
184 571
294 512
155 577
194 233
396 524
133 469
250 550
454 590
2 432
131 204
8 460
372 546
34 544
309 580
150 284
46 168
391 553
512 545
143 375
139 471
309 358
226 561
345 562
35 151
148 478
8 499
27 433
577 584
412 570
43 228
85 545
484 591
563 570
571 592
273 501
202 469
328 542
383 406
175 506
18 579
212 523
49 479
528 567
486 547
531 595
0 590
129 496
351 556
328 443
381 431
110 546
226 592
207 566
375 586
326 416
96 363
43 590
376 570
89 250
240 378
556 586
406 545
52 300
90 558
168 512
443 556
139 506
12 68
108 523
186 492
409 564
227 512
156 490
84 564
413 501
75 596
356 574
89 592
126 575
341 570
346 588
233 469
422 503
211 490
334 484
524 551
95 596
494 596
7 471
339 533
116 286
375 558
167 169
475 592
399 561
147 383
455 590
26 592
526 552
195 197
415 550
533 570
111 546
49 546
227 572
245 586
250 391
273 558
292 573
156 381
328 340
533 579
475 561
474 597
0 575
296 528
139 391
179 467
253 573
44 504
526 570
422 590
479 523
65 377
211 573
395 552
549 588
476 541
147 551
240 574
169 419
422 577
580 592
407 532
240 307
442 524
98 506
179 432
245 490
227 595
212 229
328 580
460 526
335 339
392 571
213 504
309 474
412 591
197 495
515 563
401 588
571 574
479 490
150 595
375 512
415 515
376 529
326 574
188 253
137 520
156 297
490 501
112 399
419 454
496 558
460 572
524 536
63 315
65 325
35 573
131 549
387 591
317 444
196 520
342 428
571 588
311 329
504 524
563 599
57 592
197 590
552 595
21 496
524 535
301 544
52 474
145 422
156 392
564 573
495 549
150 501
528 570
76 392
404 503
274 573
484 577
506 588
573 595
158 577
239 414
21 258
261 275
577 591
84 252
358 589
363 504
255 574
506 599
32 526
256 300
526 579
446 535
229 547
383 580
273 599
91 434
114 442
258 458
501 586
204 596
520 536
367 589
428 506
412 521
345 428
434 538
8 572
86 286
178 458
306 544
328 525
378 415
533 549
421 567
260 481
447 523
525 588
341 591
323 387
19 561
409 571
289 554
275 414
296 420
195 407
381 416
535 596
350 561
26 580
233 467
162 561
162 506
415 586
76 596
38 487
457 558
261 486
460 589
283 563
140 549
126 241
309 575
334 553
412 543
31 471
251 363
325 544
244 314
323 598
182 399
303 339
315 411
376 592
566 590
274 531
116 530
7 470
23 571
49 273
304 466
158 283
179 511
22 539
389 568
422 495
272 286
312 570
209 515
541 599
35 506
492 553
218 499
65 537
529 587
346 425
526 553
69 541
325 510
342 515
116 405
407 520
283 467
395 573
564 589
287 392
53 443
254 579
455 582
127 533
39 585
139 286
449 492
311 585
520 595
407 431
549 578
114 291
541 553
16 444
95 578
54 567
58 570
26 419
525 529
233 432
328 348
254 478
140 366
34 520
239 479
458 460
3 501
295 537
117 585
512 585
215 326
295 494
188 209
125 437
48 589
68 512
378 562
255 477
2 585
351 499
558 580
286 476
362 405
252 340
185 559
548 595
5 275
303 404
137 178
521 577
317 425
504 506
109 380
44 599
562 587
85 499
102 563
563 584
87 325
189 405
371 558
101 531
46 545
525 572
327 491
570 579
257 529
149 547
467 525
383 523
74 245
75 532
248 523
429 586
267 326
240 458
348 574
474 561
570 586
18 431
127 452
540 552
188 245
305 378
272 525
256 503
25 272
172 571
284 413
13 335
253 501
203 215
348 431
409 597
295 570
412 597
571 580
2 72
239 547
419 503
133 467
507 520
586 599
419 580
444 580
52 596
112 215
117 575
150 274
328 399
274 589
213 552
133 476
290 572
528 577
269 552
595 597
444 562
319 422
356 444
182 561
202 467
109 490
291 580
258 496
186 533
460 545
100 520
284 490
446 532
51 401
92 469
255 492
290 567
552 585
531 597
57 478
296 577
188 599
304 567
319 561
213 585
92 251
201 452
108 526
312 454
476 599
26 482
112 562
203 262
356 467
553 585
326 533
132 503
43 212
334 591
395 396
145 274
399 588
295 431
162 567
479 547
327 442
11 346
434 444
220 588
386 571
196 595
360 556
197 422
303 590
329 396
20 592
148 525
172 525
212 546
525 580
475 580
409 515
494 595
495 590
547 579
572 585
244 512
32 415
521 570
312 313
484 532
196 577
267 563
186 577
482 561
523 544
262 532
250 267
506 523
21 237
484 531
36 580
201 515
443 586
150 434
227 499
324 481
20 471
264 588
49 544
413 586
19 588
184 525
404 424
389 444
452 586
549 553
492 545
313 549
478 482
414 479
35 371
252 558
169 595
482 592
533 577
520 596
167 596
499 585
253 586
109 550
291 392
95 589
386 396
261 544
179 469
532 599
351 501
69 415
295 536
387 597
401 592
237 415
492 535
535 536
133 356
419 469
65 455
32 323
57 240
183 389
478 526
327 574
114 137
334 532
545 575
401 585
297 551
327 493
434 501
194 469
504 507
108 371
275 546
490 575
346 571
319 378
109 413
558 599
307 317
92 573
499 549
125 494
571 585
296 526
75 535
258 493
378 588
307 405
169 404
409 595
269 572
442 551
