0 3 4 54 70 73 77 81 87 112 114 115 139 180 184 188 196 221 230 256 260 266 275 316 334 338 359 376 390 392 420 427 429 439 470 483 486 494 536 557 558 572 573 575 596
1 5 14 31 40 92 108 118 152 161 219 250 254 289 318 328 353 369 373 391 393 406 452 477 511 518 525 574
2 52 91 109 121 123 135 279 288 291 297 330 370 377 398 469 488 505 565
4 12 16 38 65 75 76 85 132 185 191 192 198 237 265 305 329 334 459 472 474 510 535 577 582
6 11 15 23 49 90 93 106 110 111 116 117 144 150 153 155 169 187 190 243 248 278 290 293 300 324 326 335 350 364 386 395 405 433 447 481 490 499 501 522 525 534 571 590 594
7 21 29 46 64 80 136 140 172 204 242 253 343 419 580 584 599
8 18 24 78 175 192 227 242 245 247 285 300 342 348 387 399 403 425 435 441 457 462 541 554
9 10 20 36 138 141 171 292 358 367 410 455 458 496 507 549
13 103 133 146 159 163 190 232 240 268 273 298 321 340 355 379 387 421 426 436 451 464 523 526 528 531 541 560 563 585
15 86 100 114 124 142 144 148 149 154 164 166 168 187 201 226 231 235 251 252 266 269 275 278 284 316 327 329 349 366 374 378 380 383 397 405 416 417 431 444 465 476 503 506 532 543 569 592 593 595
17 30 55 73 89 113 125 213 228 253 255 274 280 295 423 428 466 544 548 583 586 597 598
19 45 51 53 66 72 84 88 95 100 119 143 157 162 203 211 217 222 246 332 341 366 372 381 407 468 481 487 519 530 546 553 559 568 579
22 51 60 72 82 110 134 147 156 174 176 177 194 205 212 216 220 239 249 259 261 262 273 317 339 354 357 368 386 454 489 497 520 533 538 542 547 551 562 571
25 41 48 98 119 151 165 181 183 224 272 277 287 299 303 313 331 336 352 360 361 401 420 432 434 453 456 467 480 491 498 517 527 564 581
26 61 71 99 101 126 206 223 257 258 283 314 362 384 424 446 449 461 471 566 567 589
27 57 63 79 102 264 306 413 418 422 495 515 516 540 555 578
28 128 197 215 233 270 276 302 307 382 400 402 537 545
32 42 50 158 160 229 234 282 294 301 325 371 385 388 443 500 509 550 588 591 596
33 37 44 47 58 127 170 193 281 319 322 323 351 356 365 411 415 437 478 493 504 521 539 570 576 587
34 35 83 129 179 202 241 315 408 414 473 508 556
39 62 96 130 195 214 236 271 296 311 320 389 396 450 512 514 590
43 97 120 131 189 200 207 218 263 267 308 312 337 347 412 430 449 479 482 484 524 552
56 59 69 137 145 178 339 442 445 485
67 74 94 105 186 210 238 304 404 409 440 557 561
68 107 122 159 309 345 448 460 463 502 529
93 173 182 199 209 244 344 346 375 394 438 475
104 167 208 225 286 310 333 363 492 496 513
