0 5 25 34 41 42 50 51 57 60 64 101 152 175 177 203 228 242 244 265 274 293 331 369 371 392 397 400 414 420 440 464 470 488 567 577 583 590
1 39 58 62 66 68 70 85 97 108 113 141 164 190 202 208 222 249 251 254 270 273 277 296 297 311 334 339 347 350 380 399 402 408 451 471 473 489 499 540 550
2 4 17 23 80 148 170 215 221 233 236 241 253 314 328 407 409 411 472 476 482 492 553 571
3 12 19 76 216 333 353 416 427 456 475 509 565
6 69 111 199 252 313 352 373 394 452 523 528 557
7 9 13 34 55 72 102 116 150 182 183 187 195 204 212 215 260 269 271 276 282 292 295 307 318 330 337 367 375 382 389 393 395 418 423 432 436 455 500 503 511 544 552 561 572 578 581 582
8 15 35 36 59 65 67 82 89 91 106 121 131 174 220 246 257 263 300 310 322 359 383 384 435 454 491 522 531 559 566
10 16 44 48 94 115 117 130 144 186 192 197 213 255 280 289 303 336 338 344 354 356 391 410 419 424 433 453 459 478 483 502 505 539 584
11 22 86 137 166 227 238 349 366 413 425 438 474
14 26 30 52 54 77 95 104 139 156 157 165 171 191 206 226 244 245 247 274 276 294 313 320 327 340 360 362 370 421 426 441 477 493 504 513 526 534 541 546 547 564 567 570 585 592
18 46 61 82 110 123 128 155 179 196 214 248 266 278 301 305 308 325 326 342 345 358 430 434 447 465 466 494 515 516 520 524 549 555 556 560 589
20 37 56 88 96 99 103 125 185 200 201 210 256 275 317 381 448 486 548 580 591 598
21 98 189 324 357 374 386 412 422 463 468 497
24 32 38 45 63 79 87 120 127 129 142 143 149 168 169 178 180 198 232 260 263 272 290 302 306 365 368 390 439 460 461 487 498 512 527 537 543 563 595
27 58 119 145 151 243 258 261 281 288 296 304 321 388 405 444 532
28 31 147 172 173 259 279 284 285 329 341 348 378 385 387 446 462 518 529 536 588
29 53 71 73 132 207 231 239 250 377 449 458 484 495 562 563 569 573 586
33 78 105 118 124 138 146 154 167 176 218 223 245 287 332 398 437 443 508 519 542 558 574 594 596 597
40 47 84 135 188 361 376 442 479 501 525 530
43 74 81 100 114 158 159 161 254 316 364 379 428 514
49 90 134 193 205 234 309 372 396 431 469 506
60 83 153 184 194 209 211 219 224 230 264 480 517 535
75 92 107 109 126 133 162 163 181 268 292 315 319 351 401 403 415 417 445 485 507 510 543 545 554
93 136 235 240 262 283 312 404 406 450 467 521 533 575 593 599
112 160 217 229 237 286 343 355 363 429 481 490 496 525 538 551 568 576 579 587
122 140 225 267 291 298 299 323 335 346 457 576
