0 18 20 35 66 106 114 150 153 154 170 175 186 187 195 203 218 286 330 348 365 374 393 419 422 449 455 487 504 518 530 553 560 572 594
1 28 43 133 207 381 399 450 499 506
2 33 45 174 177 199 205 230 253 360 396 413 421 423 429 565 571 575
3 24 47 69 103 112 167 181 198 278 306 408 464 475 552 558 562 597
4 101 120 138 169 183 217 227 245 256 347 369 370 387 409 439 445 451 460 479 539 543 555 567
5 16 42 126 129 242 244 325 328 426 437 511 520
6 96 98 163 279 310 343 397 436 442 478
7 25 46 72 89 193 202 208 214 223 276 366 386 431 470 526 557 564
8 13 102 238 262 274 289 297 329 345 351 358 368 383 404 420 438 489 551
9 15 63 78 82 83 85 92 94 117 125 148 149 171 172 179 240 248 260 265 281 299 372 385 401 410 440 453 516 546
10 54 56 61 140 178 252 272 284 334 444 494 533
11 38 48 49 67 70 90 111 143 188 211 226 234 258 287 292 298 309 313 317 318 320 367 375 379 388 403 512 574 584
12 36 39 44 50 53 141 164 222 288 311 331 441 462 473 519 559 563 577
14 19 40 45 52 58 79 110 136 159 180 232 264 273 302 303 326 333 338 353 362 371 378 392 412 415 418 425 443 452 461 468 471 481 482 502 509 522 527 528 538 556 568 570 578 580 596
17 173 197 210 216 228 229 261 316 425 457 465 537 541 588
19 41 93 139 144 165 168 194 213 303 322 323 324 327 337 339 346 406 446 485 521 579
21 23 30 59 64 84 119 128 131 152 235 250 304 312 340 349 390 405 416 474 476 483 484 490 491 496 513 523 544 549 554 582 586 591 598
22 32 146 237 239 254 342 497 500 507 535
26 51 55 77 88 97 107 108 109 121 158 161 166 190 192 221 241 249 255 282 336 389 400 407 424 459 510 517 522 525 547 550 566
27 142 162 184 215 285 291 294 354 469 486 498 508 534 581 585 599
29 60 81 243 268 321 335 336 344 362 377 454 458 501 531
31 57 68 74 76 99 104 122 123 132 191 196 206 212 236 246 257 259 293 350 352 355 384 434 484 514 515 529 540 548 573
34 73 155 156 160 200 209 219 263 301 305 319 359 363 373 380 398 447 466 493 495 503 505 542 545 576
37 95 115 147 189 201 220 251 267 280 300 314 361 402 435 480 589 592
62 80 116 135 151 157 266 269 277 296 308 341 364 448 463 477 488 527 587
65 71 86 91 105 127 134 145 176 182 185 224 247 271 275 307 315 376 382 394 524 532 536 590 593 595
75 124 204 231 270 290 357 411 414 417 427 456 492
87 100 130 225 295 356 391 428 430 433 467 561 569 583
113 118 137 233 283 332 395 432 472 528
