0 11 32 47 63 69 92 126 180 207 214 230 235 237 241 251 267 268 274 292 302 309 315 323 342 387 409 415 474 515 531 550 564 568 573 575 589 595 597
1 48 73 97 113 119 144 157 161 174 191 206 210 222 226 234 249 308 314 350 357 366 373 382 403 416 420 433 436 447 480 489 517 534 565 594
2 4 8 12 13 25 46 68 72 85 89 105 131 140 142 168 185 187 213 227 244 250 255 269 290 311 313 324 329 334 344 362 372 386 391 395 396 406 460 481 492 499 512 526 545 549 552 553 572 585
3 91 109 117 136 150 188 211 245 253 284 351 413 434 490 501 586
4 50 83 122 187 259 280 397 448 472 485 493 510
5 121 155 224 243 282 379 418 445 459 500 543
6 18 52 58 75 95 100 114 125 137 147 156 167 195 196 204 244 255 262 295 297 305 317 321 327 328 348 363 381 407 431 442 446 493 494 504 507 520 524 532 535 536 537 551 574 589 595 596
7 10 20 22 31 35 38 44 84 90 98 116 139 162 175 190 208 252 269 273 286 307 317 340 345 362 371 375 405 428 471 476 487 506 541 558 567 599
9 67 70 115 171 218 235 278 279 310 339 374 385 402 423 462 530 542 554 566
14 17 23 42 48 54 80 103 124 153 165 189 217 223 236 238 304 347 354 364 393 421 450 457 466 505 511 514 518 519 567
15 29 33 37 93 128 135 176 181 265 336 350 365 388 417 426 440 463 487 488 497 509 557 568 569
16 24 30 55 56 94 96 102 151 152 158 160 170 192 283 330 352 384 435 444 462 485 508 527 563 584 593
19 26 27 36 51 57 64 76 78 112 148 172 182 183 184 201 219 220 226 240 264 272 291 319 328 346 376 378 383 389 392 399 401 424 444 475 478 482 525 529 561 562 571 580 588 592
21 53 61 81 94 99 123 127 129 158 180 186 201 203 215 225 240 254 258 266 267 296 326 334 335 339 341 358 360 375 412 443 452 458 484 496 521 526 528 533 556 563 570 577 579 586 591
28 37 39 40 45 101 134 138 163 177 198 199 209 231 263 270 271 276 285 293 298 320 321 322 344 353 367 369 380 410 425 427 438 451 477 483 486 498 516 537 539 560 581 587
34 49 65 87 108 111 149 161 212 229 239 248 261 275 287 301 306 325 383 414 437 479 523 544 546 547
41 60 62 70 71 86 246 355 390 456 465 522 582
43 65 132 145 169 193 197 228 256 299 303 312 377 404 419 422 454 455 495 503 590
59 66 82 88 118 164 200 205 221 242 260 277 294 316 331 338 341 398 400 439 441 464 470 502 540 548 555
74 154 166 216 219 232 257 281 333 343 453 582
77 79 107 141 143 159 178 221 288 332 359 368 370 394 426 430 468 472 473 559 576 578 593
104 106 110 120 130 146 173 247 254 318 337 349 361 372 408 411 429 449 461 491 513 538 583 598
133 179 194 202 233 289 300 356 432 467 469
