0 54 70 87 93 127 139 151 160 175 184 200 214 217 222 231 235 257 272 301 304 308 327 371 382 406 461 465 475 478 505 518 584 594
1 36 118 202 285 337 356 364 401 403 409 444 524
2 14 42 56 60 99 119 137 158 177 205 219 228 242 281 311 313 340 389 394 396 402 413 429 439 462 488 490 508 539 551 566 568 577 580 590 599
3 8 12 16 26 40 43 67 69 71 73 80 98 101 105 136 174 182 232 243 253 260 282 284 300 309 316 333 355 357 369 370 390 418 420 432 438 444 450 494 506 510 520 526 534 538 542 570 573 585
4 23 29 37 82 85 104 123 129 155 234 236 248 254 273 275 278 294 358 379 422 474 560
5 45 49 62 79 96 148 161 163 201 221 223 240 246 249 252 264 266 280 290 305 306 338 343 345 377 384 386 392 395 423 437 441 453 476 495 501 504 509 525 530 533 548 556 589
6 10 57 63 66 81 89 108 112 138 142 180 195 239 277 320 324 325 349 421 426 428 434 440 468 483 541 553
7 25 28 76 88 121 143 161 164 169 176 181 190 194 199 206 208 210 212 244 250 270 274 297 298 346 347 430 485 521 544 547 549 551 563 565 567 571 580 587
9 11 44 47 51 69 84 92 125 144 159 172 186 197 215 220 229 234 255 271 323 339 348 350 354 376 380 387 401 445 454 455 458 472 499 520 527 546 561 562 579
13 17 27 55 110 132 147 153 156 250 328 393 407 412 417 470 480 516 535 537 564
15 21 48 77 145 230 321 405 466 510 514 545 557
18 50 59 86 106 111 131 237 416 452 493 507 523 559 582
19 24 34 39 53 75 100 113 115 124 126 130 154 192 203 207 213 256 288 330 341 352 353 359 373 383 385 400 408 414 464 591 597 598
20 37 41 49 51 58 65 117 134 141 146 152 163 167 182 191 198 204 230 233 251 254 268 296 302 303 312 317 318 332 335 361 378 399 424 426 433 442 449 469 481 482 491 503 511 513 593
22 31 35 103 128 133 218 262 279 289 293 295 299 314 329 331 344 446 531 572 575
30 90 107 120 122 165 183 187 189 214 225 226 261 287 310 315 351 367 368 397 415 431 447 477 479 484 492 497 550 558 574 576 586 588 592 595
32 52 91 140 173 196 245 326 334 410 425 455 500 569
33 171 178 216 259 342 363 398 471 487 498 522 540 554
38 47 61 97 109 149 157 166 168 209 241 246 291 319 381 404 448 457 467 502 519 529 536 543 578 583 596
46 68 162 185 199 227 375 411 436 460 477 532
64 78 94 150 170 179 188 213 258 267 292 336 366 391 451 486 489 496 517 528 555
72 95 102 114 171 193 265 276 283 365 374 459 466 473 512 515 581
74 211 263 269 286 360 362 372 388 419 443 503 509
83 116 135 224 238 247 301 307 322 427 435 456 463 552
