18 128
48 112
89 166
85 168
148 171
87 195
51 195
75 78
85 146
149 184
11 48
12 172
127 172
113 195
56 194
86 129
95 190
96 123
73 111
125 148
85 87
27 172
137 144
84 188
73 113
89 175
75 152
4 148
55 56
70 112
74 127
84 154
85 155
139 197
148 152
28 87
35 52
154 188
12 171
76 87
154 166
3 101
4 125
13 150
71 160
76 146
4 12
55 128
56 184
87 96
78 148
9 70
3 152
25 171
11 72
114 152
11 195
113 129
27 72
128 194
52 112
86 185
101 171
155 172
53 195
95 172
17 195
85 127
76 137
125 166
85 89
129 194
146 175
113 160
86 111
48 194
25 172
4 154
13 113
28 143
114 147
172 190
84 168
160 195
78 171
74 75
72 87
111 194
160 185
10 48
9 150
95 143
55 194
26 127
18 48
74 85
139 175
95 149
72 154
111 150
183 190
56 70
89 152
162 171
127 143
60 195
9 112
146 166
85 197
139 155
75 143
11 70
12 72
183 197
3 172
54 56
35 160
4 175
9 60
147 152
4 76
52 70
154 179
13 129
74 197
175 183
36 179
95 146
149 160
151 156
27 146
70 160
10 111
25 148
3 4
50 180
114 171
89 139
25 190
125 146
127 146
56 60
53 60
25 89
72 127
84 190
166 190
148 188
27 95
74 125
30 56
4 75
13 160
148 154
4 188
78 95
86 194
35 54
76 123
25 101
75 95
30 194
35 149
175 188
18 60
48 52
4 127
166 197
168 175
1 13
10 112
146 152
125 171
127 155
28 148
112 160
194 195
4 20
56 160
48 70
12 84
27 84
154 155
52 195
40 44
72 76
4 50
17 30
85 162
28 168
78 166
9 48
74 78
18 55
1 149
87 190
38 50
139 168
26 28
87 148
50 166
76 139
168 188
27 188
111 113
2 166
53 149
166 168
52 53
84 85
13 111
28 137
95 197
36 89
152 162
85 171
50 127
4 162
148 168
72 89
123 183
101 127
95 137
26 125
55 87
40 95
70 149
87 183
28 123
101 188
48 56
24 148
74 162
75 171
85 96
127 137
188 190
87 139
17 127
4 26
52 60
27 171
172 183
146 190
129 149
148 183
28 190
76 96
91 152
30 55
4 78
73 86
48 160
11 52
60 128
4 84
155 188
139 166
12 168
54 195
76 84
18 195
27 148
127 168
123 152
137 168
52 148
139 188
96 146
25 154
96 127
143 146
139 146
89 137
25 188
26 50
11 113
137 148
25 95
53 129
166 188
25 166
148 190
29 33
84 166
4 53
51 87
56 129
50 75
4 190
17 146
9 13
13 184
56 112
152 197
155 171
17 87
35 195
12 155
46 179
89 146
9 195
101 146
70 194
166 183
25 175
70 111
95 125
17 28
72 171
17 139
27 76
60 150
84 139
72 84
17 54
4 195
11 56
18 53
91 162
4 96
17 72
71 149
95 168
11 30
85 123
27 152
112 195
40 96
12 25
111 149
52 128
12 146
55 149
85 101
27 190
101 155
162 172
51 52
146 171
28 50
52 55
28 139
53 54
50 152
24 91
125 127
3 171
50 125
4 172
84 146
175 197
95 139
28 95
149 185
17 166
27 123
132 179
89 95
123 175
76 166
48 129
38 148
76 95
44 85
27 183
127 139
70 71
30 128
148 194
74 148
25 84
146 188
54 60
89 168
125 143
152 171
4 171
30 53
4 72
53 160
25 197
148 159
50 78
149 194
11 54
35 53
9 10
155 190
28 76
48 184
28 197
60 113
74 171
139 190
96 148
149 150
168 172
25 152
44 76
84 127
111 129
12 101
60 111
26 171
139 148
84 101
35 71
171 175
53 56
137 154
146 183
13 194
54 55
87 95
4 146
28 183
91 147
132 155
75 125
30 60
148 166
48 89
72 166
18 30
129 184
28 75
18 56
101 172
40 85
111 160
4 123
17 85
96 171
139 183
48 149
38 152
72 146
123 137
27 28
50 171
146 148
25 139
10 70
2 171
123 197
10 160
25 72
95 127
17 18
150 194
9 52
111 195
17 52
55 195
139 172
86 149
27 154
127 166
12 27
9 111
60 194
89 96
9 113
139 152
123 127
166 172
5 151
18 129
48 113
152 166
85 183
148 180
26 95
76 101
25 123
113 150
13 95
28 89
74 95
17 190
76 89
127 175
11 128
113 194
56 195
24 152
137 171
17 89
12 139
36 152
76 190
95 185
44 87
27 137
10 195
71 73
1 53
76 148
89 132
52 56
27 175
4 143
78 146
74 146
3 146
27 197
48 78
70 113
10 188
84 155
156 179
4 74
85 154
9 129
35 55
17 56
95 152
17 183
48 51
87 166
13 149
137 172
26 143
95 166
101 139
146 155
12 152
85 95
127 152
48 111
3 155
87 89
89 183
152 180
9 160
12 91
27 85
52 194
11 194
75 127
28 175
26 75
4 95
128 195
52 113
95 129
112 113
144 166
18 54
150 184
40 87
4 101
155 175
76 172
53 194
95 175
72 148
17 194
89 123
123 139
25 137
28 146
70 73
3 25
146 172
166 171
4 18
48 195
171 188
4 155
143 171
3 166
4 56
85 172
148 175
28 166
3 76
2 114
35 128
18 184
148 149
11 60
17 76
76 171
95 148
11 18
72 155
87 146
24 147
87 113
25 146
74 143
139 154
3 137
4 25
125 152
127 148
50 148
3 175
53 185
89 171
129 150
4 168
55 60
17 128
27 89
72 95
30 54
10 56
78 85
11 53
35 48
27 127
72 188
26 152
12 175
54 194
78 127
18 194
101 166
87 171
17 95
36 154
25 155
27 139
127 183
17 113
4 137
50 143
89 172
85 190
114 156
4 52
56 128
85 152
50 74
13 86
148 155
132 166
40 76
30 195
13 185
53 86
12 166
56 111
28 72
101 175
48 53
70 152
155 168
2 152
76 183
12 188
95 160
96 168
127 188
101 137
3 12
143 152
10 113
12 154
86 113
27 166
127 154
12 127
25 168
75 146
54 128
12 85
114 151
148 162
17 148
53 95
4 89
10 52
17 55
50 95
85 139
18 52
101 168
26 148
139 171
28 125
12 24
95 183
89 148
111 112
53 148
4 28
89 190
52 54
35 86
171 190
53 55
9 86
25 76
3 168
95 123
9 56
85 148
72 183
3 84
155 166
96 166
13 60
164 184
137 166
162 166
143 148
4 27
46 166
171 183
78 143
50 146
137 146
25 85
86 95
95 96
25 127
30 52
149 195
28 85
11 55
38 180
72 190
60 129
76 127
154 190
4 85
52 111
129 160
13 53
78 125
86 160
76 85
127 171
52 149
168 171
36 132
114 166
96 137
5 156
171 172
4 139
28 152
54 149
172 175
53 128
85 188
132 154
3 188
85 166
78 162
73 160
129 185
17 60
56 113
89 197
72 139
17 171
25 27
12 190
95 162
28 96
48 148
127 190
35 194
12 148
87 127
44 96
9 194
9 73
52 160
70 195
46 154
75 148
4 152
172 188
52 87
85 175
148 172
4 166
28 171
84 148
72 85
17 53
85 137
27 101
143 197
25 28
26 146
76 168
95 171
28 127
11 17
27 155
55 113
89 127
73 149
74 166
12 147
44 95
146 168
26 166
166 175
25 183
9 157
13 157
18 135
30 59
33 69
35 169
35 69
35 157
48 135
52 193
53 82
53 193
53 196
53 163
54 196
54 193
55 196
56 196
56 163
60 196
60 191
72 173
86 193
87 135
89 135
95 193
95 157
113 182
127 135
141 148
149 163
149 157
149 191
126 150
157 160
69 160
135 183
69 194
35 191
