34 153
92 135
94 167
59 131
98 186
104 130
174 176
130 170
136 157
135 191
92 120
59 97
57 59
104 122
98 181
61 63
7 167
15 103
181 193
64 107
109 170
80 107
99 108
69 135
94 145
59 145
131 169
103 104
6 92
135 173
31 108
64 98
39 109
80 98
100 109
6 196
109 122
63 130
135 170
108 131
42 196
23 106
62 131
64 121
65 109
39 106
94 131
6 191
103 158
0 100
80 135
135 163
37 178
23 99
8 115
120 141
138 161
32 105
0 130
39 99
43 100
99 131
63 105
97 105
167 191
64 169
34 39
58 161
134 165
0 153
109 142
94 141
59 189
97 98
6 169
62 90
34 62
79 167
81 121
135 145
136 167
49 80
31 64
97 153
42 177
122 131
90 104
109 135
163 169
57 97
58 81
170 192
99 177
173 181
59 178
98 107
64 167
34 57
135 142
83 169
161 186
163 193
116 167
140 170
90 115
57 106
117 192
7 97
69 109
77 157
167 170
83 193
31 161
83 174
157 182
93 174
42 163
23 135
145 170
110 121
165 167
58 99
43 64
7 94
121 142
104 178
41 122
59 192
100 134
104 193
77 103
23 47
79 178
66 133
31 63
88 170
107 134
110 145
93 167
8 22
120 176
92 174
170 189
191 193
102 153
0 94
122 167
67 167
32 131
14 23
58 117
167 192
99 173
77 136
6 140
61 121
62 121
64 131
59 79
82 100
32 43
69 176
57 134
21 104
22 110
104 167
37 104
6 135
59 68
45 105
49 110
32 34
107 109
110 170
39 90
42 135
7 45
90 94
39 43
117 173
83 117
121 170
6 126
62 107
100 186
31 130
59 93
45 98
32 57
42 142
98 169
117 182
177 193
105 186
34 102
92 107
59 82
68 140
88 141
97 193
122 187
67 131
57 153
94 189
59 141
131 181
8 136
117 191
34 97
59 107
110 191
39 65
59 130
131 186
121 189
104 131
31 121
92 121
65 153
49 138
0 167
118 134
69 157
131 163
98 178
61 62
77 94
107 177
37 134
59 121
64 108
120 121
135 196
49 131
90 138
109 169
103 107
37 62
6 93
83 135
59 126
62 153
64 99
65 107
39 108
80 99
43 105
63 122
104 105
94 153
131 145
22 31
79 90
108 109
109 121
37 39
82 157
182 192
64 122
65 108
120 135
163 181
22 167
63 99
68 126
34 186
153 165
7 141
103 153
34 45
63 138
92 93
169 182
23 98
8 116
120 142
49 182
32 106
90 103
0 131
39 98
99 130
7 117
63 104
93 107
59 167
97 104
130 134
157 170
31 90
97 135
169 191
62 178
45 170
32 97
68 108
19 23
7 131
31 178
34 63
81 120
82 134
157 163
39 131
145 191
109 134
121 131
68 107
131 141
22 59
97 122
98 104
43 61
145 176
57 105
37 115
94 124
98 99
61 109
43 165
82 120
49 65
161 178
97 170
62 167
32 118
43 67
124 174
98 122
100 135
21 131
77 102
65 169
83 182
49 122
31 62
107 121
97 163
116 182
39 63
115 118
98 130
170 186
99 167
191 192
69 94
94 110
98 117
34 67
66 157
31 39
93 191
39 167
69 182
77 135
100 181
42 157
23 173
120 191
69 191
92 189
176 192
130 196
42 98
80 177
62 97
0 45
49 109
107 108
23 170
122 182
47 90
133 178
62 104
82 196
34 108
59 92
43 134
45 97
65 181
88 135
118 178
121 178
19 79
77 178
61 131
82 191
67 100
31 138
34 103
0 59
68 141
0 170
93 131
7 34
63 65
69 170
59 140
47 104
106 161
124 192
100 169
108 153
21 169
59 106
65 135
39 64
32 167
57 161
131 189
117 135
100 193
174 182
88 126
80 157
82 177
45 59
34 121
59 99
39 121
43 122
99 105
100 121
130 163
135 182
31 97
37 133
59 120
64 109
138 178
49 130
14 90
141 167
39 118
34 169
174 192
103 106
6 82
61 167
82 163
83 134
66 82
31 110
107 169
108 134
0 7
21 196
64 100
65 106
115 134
80 100
43 104
104 106
69 142
58 157
77 79
130 181
80 130
66 173
182 193
117 121
65 99
120 136
39 100
43 97
63 98
131 153
6 189
0 102
42 58
136 187
135 157
107 167
92 94
169 181
8 117
65 100
32 107
140 191
14 47
80 82
63 107
105 110
34 178
61 65
130 135
61 178
82 140
63 178
83 157
66 191
157 169
39 133
97 134
122 134
32 98
7 109
177 191
68 109
69 121
59 191
131 135
7 130
19 135
79 161
82 135
68 182
39 130
120 157
49 167
32 121
140 173
90 118
121 130
69 98
93 124
131 140
97 121
98 105
173 196
176 189
130 153
82 126
135 136
66 177
157 187
68 189
110 116
57 104
21 82
7 99
69 107
93 117
61 108
100 153
15 80
63 169
49 64
107 131
97 169
42 161
7 88
94 100
21 130
23 41
81 98
68 163
31 57
106 122
182 191
57 122
21 100
39 62
98 131
115 121
69 93
80 196
34 64
0 80
82 107
68 170
14 106
8 31
189 192
32 133
92 167
57 131
124 189
19 59
42 120
59 65
82 98
68 145
106 108
120 192
170 173
121 167
104 169
42 99
45 103
93 176
97 181
69 167
80 169
6 124
62 105
34 109
110 192
92 110
23 77
32 59
68 135
121 192
34 130
98 167
106 167
61 130
100 163
34 100
68 142
22 134
99 122
63 64
69 169
8 138
117 189
88 120
77 170
131 196
6 110
100 170
92 124
59 109
65 134
140 157
90 134
109 181
110 189
115 178
142 173
94 170
130 169
49 63
21 177
59 98
32 64
88 157
14 80
141 173
98 193
99 104
100 122
94 173
59 157
131 165
108 121
82 169
63 153
135 177
116 120
109 167
57 65
105 122
57 178
131 170
6 192
117 136
7 153
174 193
133 158
63 134
135 174
66 83
102 167
31 105
39 153
65 105
43 107
100 104
63 100
104 107
69 141
57 187
117 145
106 130
130 178
80 131
135 167
23 103
8 79
62 134
45 182
65 98
117 120
109 153
63 109
68 120
124 141
94 134
34 43
0 103
105 134
134 161
32 108
63 106
105 109
61 64
6 68
82 141
42 181
32 99
68 110
69 120
124 131
37 79
131 134
34 61
15 77
110 131
37 161
64 65
32 122
145 189
99 178
6 167
62 64
41 158
43 63
134 138
145 182
110 117
98 142
7 98
68 92
124 145
94 98
61 107
41 135
59 61
43 167
77 107
107 130
67 186
110 124
104 181
98 120
6 145
61 100
104 196
19 157
88 173
141 157
42 169
23 153
57 121
21 99
39 57
115 120
99 169
69 92
124 167
126 135
34 65
82 104
93 189
32 134
57 130
104 163
41 105
42 121
6 131
64 134
103 170
31 153
59 64
43 138
82 99
106 109
93 182
69 189
92 191
106 178
126 177
31 134
43 131
79 138
65 178
32 37
107 110
110 169
42 130
92 182
98 173
42 107
100 165
105 182
34 106
110 193
59 94
115 167
34 131
131 177
126 163
42 82
49 157
80 122
131 182
7 173
100 196
47 106
126 170
58 135
107 196
59 108
69 145
92 131
57 167
59 135
131 191
8 178
7 170
104 134
126 173
58 142
6 102
135 187
102 170
31 122
107 189
181 196
64 104
134 186
32 65
109 173
57 63
80 104
99 107
118 133
98 177
117 142
174 191
108 122
135 176
31 99
107 178
59 122
23 80
116 121
120 124
135 193
57 64
21 42
105 121
69 131
34 167
92 145
131 173
6 193
79 94
15 104
6 80
135 169
66 80
31 104
65 104
120 131
163 177
39 105
115 136
43 106
99 153
100 105
104 108
69 140
57 186
59 170
8 167
106 131
0 97
133 134
23 102
65 97
121 124
49 178
43 99
63 108
105 107
68 121
69 117
94 135
59 163
153 170
130 138
43 186
6 66
62 63
107 153
0 23
97 131
65 122
120 145
32 109
163 191
169 196
99 135
173 191
105 108
69 126
97 109
6 170
7 135
58 173
6 69
157 167
134 153
45 167
32 100
109 138
98 108
82 133
135 141
68 176
43 57
49 165
109 131
110 115
163 173
22 79
99 181
7 100
173 177
59 182
167 169
62 65
176 191
0 77
68 191
169 174
43 62
45 153
110 122
165 186
21 80
68 93
94 99
77 153
61 106
64 178
176 182
21 135
66 134
93 170
39 178
23 131
120 173
69 193
145 174
98 134
99 163
69 82
126 157
59 196
98 121
61 99
100 130
77 99
82 110
45 122
68 173
31 59
107 122
182 189
145 167
92 170
21 98
94 109
41 103
62 122
34 94
65 167
31 32
14 104
186 187
7 59
21 107
117 167
124 191
93 94
64 135
108 176
0 41
59 67
102 103
49 105
141 142
110 167
97 178
58 120
124 182
42 97
62 100
59 88
43 130
88 131
22 138
42 131
23 167
67 153
98 170
117 169
47 103
106 186
42 104
34 107
23 79
45 94
65 138
32 61
90 178
93 135
69 174
98 165
99 196
104 153
15 23
131 193
100 173
34 98
21 173
65 131
23 181
61 153
82 181
135 189
105 167
92 126
45 80
98 196
59 134
104 135
130 167
92 117
59 100
23 90
64 105
57 62
39 122
80 105
99 106
131 167
81 142
117 141
41 182
77 90
6 94
82 167
45 49
31 98
107 181
134 178
135 192
140 141
39 115
63 121
81 135
8 161
106 153
0 107
82 158
31 107
107 170
21 193
23 104
121 122
39 104
80 103
43 109
100 106
104 109
94 157
59 173
0 98
135 161
105 131
107 163
169 177
42 193
39 97
43 98
7 120
193 196
105 106
93 110
97 107
167 189
6 176
153 169
181 182
66 163
157 173
97 130
8 120
134 167
65 121
22 178
99 134
97 108
167 186
153 178
43 178
83 158
107 145
39 134
134 158
90 106
0 158
57 99
98 109
34 59
19 136
130 157
82 130
135 140
157 191
31 79
68 192
109 130
57 100
121 135
177 181
37 118
93 121
94 121
98 100
173 193
31 167
81 117
163 196
110 136
169 173
43 49
120 167
32 115
57 109
121 136
68 94
61 105
34 77
59 63
23 45
43 153
66 135
157 177
68 167
31 61
120 174
69 192
115 117
98 135
170 191
121 145
68 69
124 170
94 107
42 117
61 98
64 138
100 131
15 90
77 98
23 42
66 158
68 174
106 121
97 167
116 178
122 153
67 165
21 97
39 59
66 102
59 77
79 134
82 102
45 131
67 170
98 153
47 80
126 140
62 98
100 177
82 97
106 107
97 177
58 121
19 69
41 80
80 181
82 88
45 100
32 39
122 178
34 134
92 176
106 187
77 181
61 134
62 108
100 167
34 104
108 167
21 163
59 80
82 83
32 62
69 173
94 191
41 49
8 134
177 196
131 192
42 80
80 163
107 193
34 99
59 105
65 130
97 196
67 134
121 191
130 173
77 167
66 69
49 59
102 177
34 122
21 181
59 110
116 117
90 133
109 178
43 121
8 37
99 100
104 121
59 153
117 131
82 173
135 181
31 100
107 191
64 106
141 170
57 61
93 145
99 109
32 178
34 170
174 189
41 181
42 77
83 133
102 163
157 193
31 109
59 124
64 97
32 90
141 163
115 133
80 97
100 108
68 117
34 165
41 45
106 134
15 106
130 182
63 131
105 153
31 106
107 173
108 130
37 138
59 117
23 107
117 124
62 130
134 170
66 193
39 107
22 161
43 108
100 107
63 97
68 124
94 130
153 167
0 99
130 177
66 169
105 130
32 104
169 193
37 90
59 165
97 106
131 157
6 177
88 94
37 43
8 121
145 192
43 90
68 98
69 124
124 135
94 140
59 186
97 99
130 131
6 59
82 136
31 65
189 191
122 130
92 192
57 98
165 182
22 37
97 100
6 163
98 106
153 186
167 178
43 170
82 131
63 167
161 187
43 59
45 158
68 193
141 192
57 107
117 193
121 134
69 110
93 120
94 126
49 67
8 110
67 182
110 120
57 108
58 98
93 192
43 65
104 177
15 47
94 97
59 193
6 157
61 104
59 62
82 117
107 135
97 173
42 173
14 15
39 61
115 116
80 193
61 97
82 108
102 107
31 37
14 103
107 124
120 182
32 130
165 170
94 192
167 193
99 170
121 153
61 122
64 130
178 182
19 167
23 34
31 34
90 167
45 130
120 189
122 161
32 153
69 177
126 141
42 100
62 99
64 153
100 178
66 126
103 167
108 178
59 69
23 59
68 157
31 43
94 178
117 174
104 173
124 176
130 193
77 187
80 182
6 121
62 106
105 178
31 131
108 169
0 34
59 90
45 99
116 136
69 163
99 193
126 191
19 77
80 173
62 109
82 193
67 98
105 187
34 105
32 63
68 131
88 140
99 121
122 186
131 178
98 163
117 176
88 117
77 173
42 81
6 107
107 192
59 104
0 73
6 54
6 18
6 52
6 195
6 160
6 111
6 129
6 71
6 149
6 184
6 9
6 35
6 113
6 60
6 86
6 55
6 73
6 150
6 194
6 128
6 10
6 70
6 13
6 48
6 112
8 188
8 152
8 70
8 10
18 19
19 86
10 22
22 188
23 73
30 31
10 31
31 60
31 188
34 73
10 37
37 188
49 52
49 113
49 55
49 195
17 49
49 87
48 59
59 71
59 150
9 59
59 113
59 87
51 59
52 59
59 149
59 128
13 59
59 194
54 59
56 59
55 59
59 60
53 59
59 129
59 111
59 160
17 59
59 195
35 59
18 59
11 59
16 61
66 148
66 195
52 66
66 149
35 66
66 194
53 66
48 66
54 66
55 66
66 86
48 68
68 87
13 68
9 68
68 149
68 194
68 111
68 72
68 86
53 68
68 185
68 95
68 160
68 129
68 113
68 150
68 89
60 68
68 85
69 149
69 184
53 69
69 111
69 166
69 86
69 95
69 150
69 185
60 69
69 129
56 69
13 69
69 72
9 69
48 69
69 87
69 113
69 85
18 69
73 77
38 79
79 188
10 79
79 180
55 80
54 80
80 194
35 80
52 80
80 149
80 195
56 82
82 113
54 82
55 82
82 194
82 149
70 82
82 86
35 82
11 82
51 82
52 82
48 82
82 148
82 195
33 82
82 89
82 184
83 194
83 128
56 88
88 148
88 195
92 129
92 113
53 92
93 129
93 113
53 93
87 98
72 98
102 160
102 111
86 102
71 102
102 149
102 113
70 102
9 102
73 102
73 103
60 105
30 105
73 107
72 109
87 109
110 195
56 110
52 110
110 152
30 110
110 194
55 110
53 110
70 110
60 110
70 115
115 152
38 115
115 180
116 152
70 116
24 116
117 152
117 128
78 117
48 117
70 117
118 119
120 195
48 120
70 120
120 152
56 120
70 121
121 152
60 122
30 122
53 124
124 150
48 124
89 124
124 129
113 124
95 124
126 149
126 194
60 126
126 184
111 126
13 126
113 126
48 126
9 126
126 129
55 130
87 130
113 130
52 130
17 130
130 195
17 131
52 131
55 131
87 131
113 131
131 195
133 194
10 134
134 194
134 188
4 135
135 139
125 135
74 135
113 135
78 135
17 135
50 135
135 166
135 148
95 135
135 195
135 171
76 135
135 160
135 190
72 135
135 150
135 143
28 135
135 162
135 184
75 135
56 135
135 137
128 135
16 135
85 135
44 135
129 135
135 149
135 146
96 135
40 135
70 136
136 152
10 138
138 188
129 140
9 140
113 140
111 140
60 140
140 194
13 140
140 150
78 141
48 141
141 160
56 141
141 184
141 149
113 141
95 141
141 195
78 142
87 142
72 142
48 142
129 145
145 150
53 145
113 145
73 153
111 157
87 157
150 157
60 157
54 157
157 195
56 157
52 157
113 157
157 185
17 157
70 157
129 157
10 157
55 157
112 157
53 157
48 157
157 194
158 194
10 161
161 188
48 161
163 194
163 185
48 163
111 163
129 163
55 163
73 163
86 163
95 163
113 163
163 195
13 163
70 163
71 163
160 163
52 163
35 163
54 163
9 163
112 163
10 163
152 167
53 167
73 167
167 194
70 167
169 194
52 169
30 169
149 169
54 169
128 169
55 169
169 195
53 169
11 169
73 170
125 173
53 173
143 173
146 173
87 173
74 173
50 173
75 173
35 173
148 173
78 173
48 173
128 174
60 176
129 176
150 176
53 176
53 177
54 177
55 177
154 177
35 177
177 195
148 177
48 177
52 177
149 177
25 177
137 177
177 194
10 178
178 188
52 182
128 182
182 195
17 182
55 182
87 182
113 189
129 189
53 189
150 189
129 191
56 191
184 191
33 191
86 191
53 191
13 191
127 191
150 191
95 191
48 191
160 191
9 191
111 191
175 191
18 191
113 191
185 191
129 192
150 192
113 192
53 192
193 195
149 193
13 193
35 193
4 193
17 193
55 193
185 193
56 193
18 193
128 193
48 193
193 194
129 193
148 193
11 193
30 193
160 193
60 193
35 196
17 196
195 196
52 196
128 196
4 196
194 196
18 196
30 196
11 196
6 56
86 157
191 194
