135 921
31 856
252 1313
475 1951
482 2044
251 558
252 951
385 1224
556 1311
1792 1796
252 1543
1355 1746
341 1842
711 1544
774 969
1182 2010
160 973
573 1913
256 463
816 1889
856 2082
577 1387
713 1166
713 1729
89 228
989 1353
510 1801
256 749
387 1163
703 2042
558 1318
1826 1889
152 942
709 858
1157 1800
684 981
80 107
1453 1911
123 370
213 252
1544 1568
1536 2059
633 1166
177 836
31 1889
992 1590
1486 1553
1232 1424
367 569
371 839
393 873
674 919
125 759
697 929
533 1616
370 991
1184 1737
294 561
1205 1865
119 1870
1166 1729
16 1615
602 1543
54 1642
536 586
461 726
371 991
213 886
430 1177
551 1714
522 1112
1205 1968
1977 2108
1158 1875
350 783
371 1619
929 1295
1161 1163
482 1809
231 393
1086 1536
2044 2096
556 1542
463 2044
2096 2109
1102 1720
1148 1205
304 1792
1774 1792
235 1816
123 991
1051 1500
142 2052
304 446
533 547
1839 1889
1032 1683
1381 1536
856 1889
410 1424
836 1503
393 819
544 1501
252 1912
1099 1543
71 366
475 1889
1449 1921
774 1788
1612 1977
1172 2078
1511 2009
213 446
767 1452
802 1174
1534 1546
1540 1977
1328 1709
631 711
1642 1948
427 1991
931 1849
213 1429
638 1813
258 660
370 1969
666 1730
901 1816
1453 1680
1680 1730
252 1792
89 482
535 711
697 2044
80 1681
385 1205
463 749
176 895
160 371
1507 1675
367 1032
449 1351
1311 1726
986 1126
235 429
331 926
1181 1683
601 1080
1809 1985
747 1783
475 1105
290 1516
290 1945
951 1615
895 1788
371 2096
371 1809
802 1849
92 1177
799 1931
1424 1931
1126 1762
31 1557
1162 1387
92 981
113 1077
974 992
760 993
991 1748
1849 1992
428 2044
1294 1751
269 406
893 2033
396 943
992 1045
290 1737
258 1598
200 391
304 459
393 475
94 1097
428 1311
1459 1849
119 1391
252 1376
895 1849
94 1842
40 1157
136 205
304 1546
539 593
1536 1744
1126 1272
228 290
409 533
35 1732
895 1984
125 304
702 928
371 1990
372 1598
1166 1453
440 1816
274 457
1274 1680
556 2044
285 2053
119 1849
840 1741
169 995
545 1391
1333 1790
1158 1356
625 688
759 1895
499 1045
152 393
900 1501
567 1969
674 991
253 319
1298 1870
1621 1693
148 715
499 1816
367 811
169 1835
258 1955
791 2073
845 1302
294 370
136 1035
797 1535
1501 1642
125 1205
816 2082
1355 1443
402 518
1327 1737
1508 1954
120 992
961 1940
16 294
269 385
1609 1730
561 1311
1094 1598
354 1531
123 1656
213 2038
535 1302
809 1621
1946 1955
1327 1889
1086 2059
1704 1800
440 895
897 1410
1097 1249
486 737
123 697
855 1384
31 1839
421 1504
1720 1920
839 1954
711 1027
109 1122
666 929
1549 1988
1516 1708
6 304
120 895
218 759
440 774
463 732
415 1282
142 590
107 213
1202 1729
1737 1839
929 1947
1327 1355
331 929
1450 2062
1563 1609
378 1849
759 1503
499 774
903 986
459 1544
934 1529
698 1675
1384 1553
294 1809
70 1092
142 593
730 1934
1536 1870
265 1783
551 1085
385 1439
991 2012
63 907
445 913
365 2065
611 1737
123 2044
1136 1837
258 966
981 1536
52 1889
18 688
535 1027
593 812
331 1301
957 1816
1162 1623
228 1780
370 463
904 1921
253 1889
486 1012
1099 1940
1051 1387
1144 1516
1164 1239
1642 1692
1205 1774
89 1726
142 350
18 1509
1450 1965
769 1902
1557 1737
120 440
487 1553
630 926
774 974
1184 1889
539 1249
1295 1688
463 1730
464 1247
258 1251
1163 1940
387 966
665 1940
1353 1791
252 1164
1444 1931
7 1080
895 1265
1094 2078
2 1302
533 1355
523 531
925 966
142 464
1162 2097
244 2082
3 1387
1588 1726
198 2082
917 1164
350 1851
1126 1700
966 2087
89 1311
1334 1969
92 1032
27 702
463 697
1097 1730
1792 1811
824 911
633 1972
556 592
304 1811
802 986
74 1617
667 2094
1728 1748
645 1970
463 991
1726 2012
125 1164
1398 2109
643 1543
539 713
22 31
645 1544
1071 1274
856 1737
1816 1991
285 1598
1007 1598
1503 1733
819 1889
9 1589
31 942
802 981
1553 2101
74 1045
408 1816
1302 1737
539 1598
216 1748
258 457
370 697
294 1291
1164 1792
566 1262
31 204
895 1617
1027 1544
1746 1951
331 463
242 341
499 1066
1533 1563
125 648
195 1846
576 760
633 1529
294 1726
1405 1729
205 992
633 925
136 408
1669 1969
1080 1730
427 1816
1165 1737
499 1788
304 1534
304 1027
152 1889
1147 1800
350 1497
725 1720
592 1503
1008 1988
1656 1809
1799 1889
558 690
633 934
82 1018
1446 1730
486 1816
1594 2052
24 533
304 2001
710 2052
463 1080
396 1102
628 929
685 1051
1381 1945
515 2082
206 1642
482 1311
89 556
535 1865
370 2096
697 1947
928 1155
593 2056
371 1808
633 741
408 774
1126 1921
304 759
1311 1809
839 1508
586 635
697 1730
1035 1804
428 482
995 1931
1261 1553
1186 1228
1746 1889
666 1166
285 350
966 1163
72 1291
181 285
201 1501
370 556
1748 2072
981 1148
1113 2041
34 1153
142 539
213 1897
440 1752
153 1333
475 2082
611 711
700 1355
203 1381
793 1945
136 969
510 1314
759 1897
886 1811
203 2049
482 697
709 731
1579 1849
406 1849
1811 1968
31 1105
290 845
1486 1889
1589 1733
258 1880
1558 2009
366 1546
1327 2082
153 1970
258 1694
262 479
674 1302
929 1491
1086 1381
684 1443
428 463
142 1919
412 638
145 1598
1546 1811
370 1232
1205 1823
1404 1633
1153 1501
1099 2034
290 667
551 1954
327 1097
294 371
1553 2052
39 1166
393 1889
231 475
213 759
702 1445
393 856
895 1215
768 956
523 585
304 610
1664 1729
125 1543
0 697
77 890
1166 1274
89 463
475 515
545 1400
469 1590
35 522
1553 1784
556 1809
123 482
929 1374
269 981
16 711
461 1453
502 593
1355 2082
934 1730
1589 1744
593 1709
702 1049
228 852
709 1783
1543 1897
1045 1849
964 1351
625 713
1726 1809
1074 1163
228 1449
1835 1931
586 839
981 2070
697 1446
187 240
294 611
1557 1951
688 1647
963 966
440 1183
371 1311
387 1538
1732 1833
393 1327
16 535
533 611
533 1737
1447 2096
350 464
331 1166
1912 2082
285 421
934 1097
145 1094
206 1413
350 355
385 1744
963 1940
304 535
366 1792
1174 1707
205 969
319 1162
1543 1685
1184 2044
1660 1951
398 1446
1182 1450
369 1046
10 865
119 1126
768 1832
177 622
917 1811
461 1730
633 1041
611 1302
393 1224
500 895
463 1311
969 1788
531 1381
381 631
539 2052
1799 1951
593 634
385 1536
575 702
411 2044
702 1529
396 1205
586 1800
566 1977
1432 2044
1182 1282
385 449
1616 1737
216 1414
385 2096
479 1553
1112 1732
1010 1940
148 1072
258 550
633 1163
1453 1730
1839 2082
986 1302
1028 1540
1355 1660
1847 2082
74 440
443 741
727 1947
61 1587
1037 1902
573 1823
358 1122
556 924
629 1197
1051 2083
1164 1811
1553 1972
393 1355
213 304
917 1543
225 675
873 1889
1097 1729
466 591
1376 1966
569 851
1117 1535
1197 1744
457 1655
759 1685
1275 1969
895 1503
347 724
304 1320
444 1558
446 648
1446 1758
1685 1764
844 1745
371 1216
649 851
331 1964
31 198
770 1224
539 633
556 697
836 1744
925 1163
1446 2039
31 1698
1673 1926
120 136
252 759
92 649
93 1589
702 2033
1800 1827
425 1012
151 369
1080 1446
136 1536
992 1035
904 1095
1035 1816
1443 1945
1536 1849
1127 1563
1473 1563
1931 1980
393 1737
1166 1947
1501 1868
343 463
727 1331
1338 1940
364 2041
515 1355
1013 1224
339 2041
304 1205
428 1809
1080 1453
1404 1838
113 1870
45 483
670 2030
89 697
347 1453
65 522
18 77
370 482
151 875
370 1656
136 981
1845 1864
989 1613
716 1744
39 491
231 2082
1544 1816
123 1966
1105 1355
556 1267
1770 1849
63 187
1446 1453
213 1681
94 1202
1184 2082
978 1386
558 1355
367 1590
961 1337
1265 1355
556 895
461 760
176 1315
925 1940
125 1792
1126 1809
959 1162
1737 1799
486 851
1228 1954
638 1615
19 688
1327 1443
633 966
906 1112
708 759
52 1737
1340 1516
593 1156
331 1453
486 957
873 2082
1105 1889
952 2052
81 216
1259 1870
1076 1800
895 1652
638 964
505 1224
802 1870
310 510
354 2096
461 834
1090 2044
1381 1930
887 1355
499 1804
758 1800
759 1792
63 611
106 2077
410 1232
120 1045
445 1775
702 1940
252 1205
1355 1463
1543 1796
1617 1816
366 1205
556 1353
404 1198
228 768
216 445
767 1800
89 991
1453 1947
998 1954
142 393
440 1045
702 934
350 1889
1557 2082
1251 1694
1238 1298
688 1166
586 1366
839 1751
328 1443
350 501
725 865
52 1355
968 1471
124 1813
290 611
667 1381
244 911
1333 1970
449 1313
836 1355
697 991
1355 2103
591 2052
240 1934
1086 1945
574 1542
370 1431
666 1176
1498 1557
52 1443
585 815
895 947
112 1693
539 688
518 1666
449 1862
911 1998
1101 1972
142 1208
187 907
466 1141
463 1680
1536 1945
1822 1954
1660 1737
963 1163
688 1729
142 783
1447 2109
1823 1855
463 721
483 1730
31 1746
385 943
385 1298
230 2041
16 2009
1872 1945
440 1066
131 911
702 1658
1730 1911
661 836
370 2044
228 482
844 1090
643 1027
109 2072
943 1205
1313 1809
1084 1800
285 790
1165 1889
327 705
440 1788
294 991
370 475
759 1320
1205 1897
586 1601
934 1841
383 1845
702 1025
1166 1680
1355 1951
1443 1889
881 1812
550 1694
861 1302
294 697
1408 1501
819 1355
195 1902
1232 1931
684 852
206 1151
1126 2073
454 1112
1454 1870
25 213
446 1543
389 1800
1355 1799
697 1311
539 751
1291 1954
759 797
1328 1533
136 351
986 1285
1501 1612
1158 1755
1800 1936
371 1739
408 895
966 1597
31 1737
440 901
308 1694
1302 2094
887 1889
142 713
1316 1471
143 367
290 324
1042 1177
1513 1800
142 888
875 1251
182 1609
1536 2096
371 973
791 1057
824 1503
1503 1768
1339 1870
461 697
331 1730
873 1737
31 556
294 428
152 1355
22 1951
730 1748
929 1964
94 258
510 738
1166 1786
1277 1623
1387 1889
252 602
702 2087
336 2087
1510 1870
351 774
924 1963
216 913
1737 2082
759 1774
6 535
943 1865
446 1811
320 1155
840 1647
586 674
1158 1299
1416 1721
218 1205
919 1745
1496 1744
1376 1543
213 1534
661 1503
216 1736
218 1792
1302 1708
1112 1200
294 1311
774 1045
31 279
1205 2096
642 1723
350 888
1587 1800
446 1164
1737 1889
1520 1540
160 1166
341 1202
840 1509
697 2096
683 1316
393 1839
1648 1726
31 816
1311 2096
251 1197
992 1617
41 1471
294 1302
1166 1911
786 1162
89 317
1105 1737
1419 1800
26 1248
463 1889
410 799
467 2051
589 1353
614 688
515 1889
1074 1841
495 1291
586 1687
711 1302
895 1262
18 890
550 606
715 1850
1351 1372
411 556
482 1291
100 2096
692 1450
1443 1746
1951 2082
1849 1865
890 1842
252 1796
711 1728
0 463
367 992
760 1893
1291 2044
393 816
1543 1968
341 1446
1503 1589
1249 1598
1912 1920
721 932
1443 2082
463 1911
1248 1332
929 1453
205 774
777 1181
258 813
1184 1355
1684 1875
9 1503
942 2082
1321 1389
774 1992
463 483
162 1153
385 711
285 507
125 252
846 2111
1250 1471
27 966
142 1889
52 393
929 1446
1560 1783
1302 1340
1381 1443
393 1165
851 1042
1205 1849
1589 1768
757 1758
2022 2041
981 1823
410 1835
436 721
225 2068
327 1705
74 1183
499 969
569 774
251 1318
1285 1849
28 1197
89 1449
586 831
182 633
319 463
1166 1446
1531 2096
31 475
966 1940
1443 1737
92 1536
327 1553
1122 2072
408 992
225 510
803 1250
966 1161
252 1809
586 1675
840 1730
1398 2070
1685 1792
631 1192
1174 1536
667 1536
356 1958
1150 1589
1849 2099
516 717
556 991
6 1314
759 1205
556 1726
966 1338
1043 1694
759 1535
205 1816
1381 1744
545 1616
444 1737
372 2078
123 294
253 1387
396 1912
1262 1612
1387 1404
951 1792
294 667
461 1374
791 1126
428 1449
269 396
539 1007
1291 1311
586 2011
1788 1816
991 2044
319 1387
393 1184
1158 1642
1823 2096
1105 2082
688 890
543 633
1355 2034
94 966
385 1174
1018 1313
928 1049
279 1355
16 290
966 1445
253 1051
31 1660
290 294
510 1466
684 768
304 951
887 1737
425 486
1224 1849
1376 1792
89 1809
228 1945
262 1784
16 281
123 1311
87 966
642 923
1674 2044
199 1954
702 966
228 585
637 755
1094 1926
1165 1443
1737 1826
180 1012
774 1197
393 1823
1318 1744
697 1291
6 1544
1435 1589
1012 1461
1224 1387
375 1501
1239 1879
1066 1849
821 1694
148 1353
1165 1355
142 959
1912 1969
294 385
1016 1166
341 1163
1097 1563
338 1923
887 1168
31 873
25 256
408 440
371 556
410 1444
410 1809
396 2096
465 697
522 539
123 706
767 1886
1845 1926
74 969
1453 2091
1355 1571
70 533
674 1687
533 1599
633 1940
1271 1947
374 981
16 2001
929 1365
934 966
774 1183
341 2056
463 1291
586 1205
969 1035
771 1744
94 185
1164 1897
31 231
1232 1602
258 1079
1126 1283
410 1931
544 1642
1205 1546
92 569
1453 2039
213 951
992 1804
697 1453
1076 1391
743 1501
1065 1177
1410 1988
61 1800
943 1536
136 1066
252 1685
585 1872
1184 1443
370 1291
696 1683
31 1799
213 1205
24 784
1728 2072
216 674
1254 1875
991 1291
483 697
961 1529
816 1951
906 1450
986 1536
991 2096
111 929
1709 1766
1042 1065
1792 1897
697 1680
111 461
1302 2009
1437 1501
637 1353
362 1849
539 1250
556 1783
956 1351
688 1415
969 992
819 1737
592 1535
1384 1899
591 1141
1163 1628
510 2020
533 1511
633 1161
1074 1940
66 1200
709 1060
693 1249
1262 1540
1122 1748
327 1202
556 709
1163 1338
501 959
409 545
855 1784
385 1398
385 1849
327 676
516 1453
886 1543
22 1355
304 1774
981 1905
1166 1730
69 1758
711 1748
74 901
290 1340
461 1166
385 1197
279 1737
354 356
463 1947
486 1544
438 1947
1675 1727
119 1536
644 1503
1010 1163
152 1737
482 956
981 1205
31 819
1355 1826
218 252
1164 1796
351 440
370 1811
231 1737
111 472
558 638
372 1441
358 1748
294 556
725 1912
463 1809
483 1080
1816 1843
151 258
463 929
304 886
1617 1849
327 1725
218 1811
760 1887
1291 1990
477 1126
16 1737
16 611
449 2096
929 1680
1411 1694
31 515
32 510
1535 1589
1534 1543
386 573
1291 1809
169 1985
482 991
1351 1516
123 428
461 1693
1435 1535
285 368
87 702
791 1117
467 1988
711 1616
1232 1555
449 1823
465 847
463 1453
1353 2050
304 917
138 852
31 1571
231 1355
341 1553
533 711
438 1344
661 787
1237 1849
461 620
510 2081
463 482
1501 1545
929 1166
240 385
370 371
352 1311
371 950
10 1334
697 1726
42 721
385 396
393 2096
123 1809
94 350
1826 2082
633 963
1788 1804
926 1453
1311 2044
198 1737
275 1200
1800 1867
702 1597
991 1809
1198 1446
300 498
463 1574
142 355
1534 1811
400 1432
1126 1924
430 851
341 1729
585 1443
1232 1980
1446 1553
966 1658
1248 1800
371 2044
721 1980
350 1486
463 1726
410 995
92 367
754 1958
901 992
39 593
152 1580
371 586
721 1424
836 2004
228 718
372 491
142 1729
966 1049
499 1035
1326 1693
891 2039
72 748
393 2082
602 1792
1381 1780
24 260
387 1010
961 966
372 1094
688 1940
1737 1951
1086 2029
1410 1621
33 1553
803 990
904 2099
951 1205
225 1350
986 1849
1045 1752
1889 1951
1443 1839
735 1158
22 2082
865 1720
269 2096
396 740
87 928
1099 1889
224 995
1205 1811
91 373
851 1177
1318 1496
142 1486
74 1788
81 200
1667 1945
249 1617
142 633
674 1675
385 1737
1313 1610
463 2096
370 428
120 774
446 759
457 1694
24 385
991 1726
688 1740
253 1404
303 1197
1003 1553
96 1165
593 1729
1353 2044
887 1443
31 152
31 1826
340 1800
1197 1790
18 840
393 942
688 1509
887 1951
396 1536
929 1584
903 1849
351 1804
205 1788
350 1450
371 697
428 1726
136 1788
966 2033
92 774
660 1101
450 510
90 450
74 408
934 1940
350 1598
370 1311
1126 1302
1823 1849
135 285
1205 1543
440 1544
350 372
943 1823
1183 1804
991 1311
393 1799
1945 2059
213 218
803 1923
929 1911
74 205
151 1655
556 1432
593 1247
684 1381
810 1042
549 1536
452 1080
737 1012
1164 1205
816 1737
340 767
1045 1788
771 1589
165 366
294 535
926 1363
942 1737
523 1945
1890 2053
213 1811
1305 1501
633 1010
522 688
374 1457
82 558
211 1553
355 1208
148 450
751 1598
387 1940
665 966
759 951
218 304
122 1262
1811 1897
1809 2044
89 1439
198 1355
1324 1849
203 1443
408 1849
1571 1951
371 482
556 1535
31 2082
1694 2030
428 716
1302 1544
522 1786
774 1388
851 1012
483 1166
1355 1744
231 1443
929 1080
1220 1746
518 1450
1381 1991
393 1148
966 1529
1027 1737
94 1598
556 2096
290 2094
813 821
1452 1800
89 2096
816 1355
895 969
475 1327
1102 1912
668 981
839 1707
213 1543
429 974
198 1889
1355 1737
159 986
387 1161
225 775
122 1607
393 1746
1577 2034
961 1163
895 1066
693 1486
1473 1709
1381 1516
691 1553
239 1800
304 1164
430 810
119 2096
348 1680
1764 1796
884 929
810 1177
1205 1534
70 1197
428 2096
585 1381
327 1960
1709 1845
1038 1232
1286 1503
627 1902
260 2096
1126 1624
265 709
929 1812
183 1491
187 1934
866 1353
774 1035
428 697
1066 1804
586 1849
732 1219
509 887
290 1708
1553 1594
924 1432
1501 1734
1773 2070
153 1816
836 858
374 777
428 991
768 1381
123 1726
981 2096
736 1224
1197 2102
31 393
1340 1737
153 1991
224 1931
294 2009
482 556
887 1530
895 2073
1533 1709
1612 2108
676 705
957 1991
258 1043
633 702
446 1205
252 1577
929 1988
444 711
752 1735
350 590
633 1074
461 463
255 258
992 1183
331 697
350 1208
1632 2044
966 1074
1428 1612
440 1617
224 1905
67 1823
320 966
1723 1730
1730 1947
218 1164
445 1736
228 1381
285 1471
1800 1886
281 1544
463 1166
205 440
393 1557
152 2082
887 2067
895 1126
1381 2029
459 1782
928 966
142 693
556 1634
396 1275
658 1250
440 969
294 711
194 510
620 902
358 1205
840 1097
146 688
697 960
515 1737
1431 1742
331 1903
706 1809
917 1205
774 811
393 1865
16 1302
1543 1811
1726 2044
1865 2096
252 304
676 741
693 1563
760 846
819 2082
82 1372
31 52
214 331
366 1416
1174 1205
436 1232
759 1796
1526 1954
1205 1792
815 1945
70 1857
565 1730
1561 1926
673 1501
209 2062
252 1811
269 1536
929 1730
1045 1816
1051 1367
515 1443
697 1809
187 1391
294 2044
304 1544
300 1043
1531 1958
839 1828
341 1471
992 1066
995 1424
904 1126
460 1911
370 1726
351 992
1035 1849
157 2056
200 1707
123 2096
942 1889
31 887
461 929
370 1069
136 440
228 1542
1660 1889
142 1737
966 1041
1302 1945
1757 1897
446 951
16 444
858 1503
195 1823
38 1849
94 1194
693 1097
1536 1823
759 1164
462 1224
906 1097
959 1729
703 1166
650 774
285 2048
1188 1200
1059 1800
290 1381
298 1404
89 370
633 1338
1473 1605
1126 1849
464 693
943 1800
279 1889
802 943
1045 1617
294 2096
759 1811
1013 2004
1421 1902
463 1219
1136 1250
195 1630
688 1741
68 510
585 1978
1064 1945
381 711
351 499
393 1571
483 929
669 1184
840 1971
457 818
6 16
482 1351
157 593
986 1102
696 1181
213 1792
327 1453
667 1516
981 1865
906 1460
1726 2096
159 1849
220 1849
482 1449
691 2052
399 895
1571 1737
119 986
374 1181
376 1335
483 1735
16 684
393 515
2052 2101
614 625
774 1617
798 1912
136 1849
1248 1691
258 606
1571 1889
973 1936
279 393
1391 1800
602 1994
759 1543
388 1744
80 2038
475 1443
1197 1536
1291 2096
385 611
981 1174
482 1726
1041 1163
89 428
692 1131
440 1849
290 1302
978 2099
969 1804
94 501
393 887
983 1642
866 1696
136 499
1791 1815
1687 2028
213 1105
826 1964
380 1642
89 294
898 1153
1122 1728
986 1459
1117 1542
697 1099
244 1013
1080 1200
1563 1709
393 1849
1958 2096
463 1649
942 1355
1241 1501
1937 1970
376 2077
1161 1940
327 1384
255 1946
697 1543
1302 1870
358 2072
1302 1849
697 2091
759 895
350 1845
1623 1631
393 1826
428 556
1730 1878
499 992
136 901
966 1010
18 1647
577 1389
1018 1372
443 1609
24 138
463 556
1355 1839
430 1065
252 1897
700 802
556 1291
1097 1202
28 428
31 1355
350 693
1826 1906
1126 1212
873 1443
142 1851
31 1165
702 868
1662 2041
427 774
319 1889
1954 2077
252 446
1634 2044
369 1492
370 1809
1804 1816
559 1501
1376 1994
87 1658
396 1840
31 1443
327 630
163 913
533 1368
331 461
1164 1685
304 1968
446 1792
966 1099
269 1849
585 1302
1641 1801
933 1102
160 2052
1166 1940
1737 2040
992 1788
840 906
195 318
911 1569
1028 1520
94 1450
697 1166
981 2034
527 1165
290 585
606 821
718 1381
1547 1758
461 1295
393 1660
463 1446
294 463
1080 1566
1424 1835
94 1538
145 1441
371 463
1849 1870
1248 1513
105 421
966 1841
1045 1804
1501 2041
593 2065
24 531
443 660
193 688
253 1162
642 1878
385 393
1529 1940
856 1355
1278 1849
147 371
94 341
1746 2082
136 1183
304 919
105 285
876 1823
58 551
327 1564
611 913
231 1889
1002 1994
285 803
1355 1557
457 1926
1158 1711
697 1911
575 1995
1453 1964
387 633
611 2009
709 747
123 463
31 1327
145 372
633 961
463 1715
895 1535
565 1784
74 1035
761 1809
957 1544
645 1937
688 840
136 1045
279 2082
1690 1730
1544 1737
1501 1713
1783 2044
203 290
258 350
424 1642
374 1683
440 1035
886 1205
1799 2082
428 622
574 1535
907 1934
229 475
136 1617
1737 1746
839 1174
31 1535
511 907
1102 1969
522 1182
188 510
708 1320
1424 1444
31 592
1660 2082
709 2044
198 393
1079 1694
1540 1607
1849 2096
592 895
258 821
556 1132
1164 1543
1355 1889
644 1589
393 1293
1165 2082
1543 1792
610 1544
574 797
269 393
213 1164
539 1729
486 1461
294 482
22 231
1809 1966
31 895
1446 1680
1889 1919
16 913
1086 1744
951 1164
556 759
304 1543
427 429
148 866
81 1707
1126 1854
1080 1166
1404 1551
501 1162
1183 1816
475 1737
844 2044
774 901
294 1737
575 966
969 1045
203 1302
1286 1589
224 1424
969 1816
358 730
1809 2096
31 1951
951 1811
1571 2082
522 1732
1557 1889
924 2044
711 2009
840 1609
590 1889
80 334
721 1232
1453 1509
986 1278
819 1443
1535 1879
556 1589
981 1849
1262 2108
224 721
119 981
873 1355
748 1687
440 1012
225 310
1149 1374
52 2082
65 1837
393 981
123 556
332 1840
1012 1544
320 702
279 1165
565 952
586 936
1298 1536
153 645
773 1964
774 1066
266 1875
1041 1940
1809 2082
475 1355
1889 2082
228 1930
1973 2041
911 1389
697 1080
660 1972
258 308
1013 1640
373 713
1535 2102
1543 1546
142 1166
1813 2001
951 1543
385 981
1606 1988
483 1453
1446 1724
430 1042
978 2096
152 1443
393 1951
1422 2077
94 929
393 1443
887 2082
693 1609
258 2030
6 2021
6 789
16 988
24 1000
31 233
31 1005
31 618
31 1618
31 1495
31 1967
31 733
31 763
31 2015
39 1214
39 1040
39 841
52 618
70 1352
23 70
74 1005
94 599
94 941
94 653
100 848
113 882
119 1927
119 604
79 119
120 154
123 1070
136 276
142 1053
142 1635
142 651
142 618
142 1236
49 142
142 1235
152 618
163 1888
187 1595
187 247
195 1171
198 618
213 1477
213 1706
103 213
79 224
228 471
231 618
244 1760
252 1273
252 512
252 1856
252 2046
252 1848
252 1023
164 252
241 252
252 1290
252 1252
252 361
252 1753
252 2027
253 714
253 1493
253 2071
258 1364
258 1377
258 494
258 609
258 1567
258 342
258 739
258 1769
258 984
258 1719
258 2035
258 1807
258 325
258 1221
258 1140
269 1377
269 276
79 269
279 618
285 863
290 1866
290 1030
294 1030
294 707
304 1524
304 1030
304 2021
319 1300
154 319
319 2071
327 599
341 1769
341 689
343 1399
350 941
350 618
350 1195
154 351
352 1030
358 1006
358 1377
79 358
366 1819
369 1140
370 1024
370 739
370 2005
168 370
370 1578
370 879
370 1375
370 1777
372 863
374 1276
374 1033
374 1430
23 375
385 1030
385 1006
276 385
178 385
385 1289
385 1377
79 385
385 447
385 1005
385 481
222 385
385 1255
296 385
23 385
385 1578
164 385
79 393
393 1377
393 618
393 794
396 1565
79 396
396 1891
166 396
409 1927
410 1290
164 410
428 1559
428 1565
428 967
23 428
428 1143
443 2031
445 1030
449 849
449 976
57 449
459 528
459 1592
463 1907
433 463
245 463
463 663
463 542
226 463
463 984
463 1943
463 485
463 1517
463 1706
463 714
463 1225
392 463
463 1821
208 463
401 463
463 1856
463 1011
463 1300
154 463
475 583
475 1487
475 618
475 1024
197 479
482 656
154 499
501 1195
510 789
515 618
243 522
522 2002
270 522
49 522
533 1030
23 533
535 1659
535 1653
535 1030
37 539
539 1532
539 1040
305 539
539 1653
49 539
556 1818
23 556
556 609
556 2079
556 763
556 2015
202 556
556 1005
556 1495
556 2055
558 1433
484 558
558 1661
558 1779
565 860
565 1323
309 573
57 586
37 586
79 586
586 1006
590 618
301 591
592 1967
164 592
592 1495
592 2015
49 593
301 593
593 1712
593 1807
330 610
611 1030
611 1524
481 611
625 1479
631 1600
246 631
633 1716
633 1129
520 633
49 633
192 633
301 633
442 633
633 1427
633 651
633 1378
524 633
633 910
660 1195
667 1005
669 1362
684 1290
471 684
684 988
684 1495
651 688
49 688
301 688
688 1718
692 1195
693 1323
693 1309
697 971
178 697
618 697
646 697
697 860
697 1891
342 697
697 1653
241 697
697 1359
697 882
613 697
697 1665
697 2092
222 697
608 697
697 1227
697 1807
604 697
697 1430
697 1191
697 862
700 1618
295 711
79 711
711 1030
707 711
711 1253
711 1128
711 1121
713 2061
713 1927
49 713
301 713
305 721
401 721
721 1109
721 1943
741 1938
741 1499
296 754
767 1524
768 1848
471 768
746 768
774 794
791 1848
48 802
608 802
57 802
8 802
815 1665
618 816
618 819
293 836
494 836
241 839
839 1289
839 1807
647 840
840 1469
840 2071
636 844
852 896
471 852
618 856
618 873
618 887
618 888
895 1005
763 895
168 895
895 1797
202 895
895 1967
895 1495
504 895
746 895
46 895
895 1848
904 1377
906 1323
906 1195
247 907
583 911
913 1030
863 929
538 933
49 934
934 1309
618 942
943 1377
276 943
943 1289
57 943
956 1582
966 1195
969 1005
981 1430
189 981
981 1668
435 981
79 981
794 981
981 1377
981 1901
981 1289
276 981
981 1718
57 981
986 1346
986 1289
276 986
154 992
333 1007
277 1027
528 1027
407 1027
154 1045
583 1051
154 1066
879 1086
1086 1760
222 1086
1086 2071
636 1090
1097 1309
1026 1097
1097 1323
1099 1576
1099 2071
79 1099
1102 1679
618 1105
746 1126
1126 1760
154 1126
1126 1848
1126 1622
1126 1289
1126 1300
1141 1217
276 1148
79 1148
618 1162
608 1162
1162 1807
1162 1494
1163 1769
1164 1767
17 1164
197 1164
618 1165
301 1166
49 1166
869 1166
394 1166
57 1174
1174 1377
189 1174
49 1182
154 1183
1184 1961
618 1184
1184 1754
988 1197
23 1197
133 1197
1197 1488
1197 2090
1202 1430
608 1202
599 1202
57 1205
1154 1205
1205 1718
1205 1901
435 1205
955 1205
1205 1785
1006 1205
79 1205
1205 1289
226 1219
1219 1225
1005 1224
1232 1578
170 1248
657 1248
1040 1250
37 1250
746 1265
1267 1354
1298 1488
178 1298
1030 1302
707 1302
746 1302
1030 1311
976 1313
1023 1313
618 1327
293 1355
79 1355
1355 1719
618 1355
753 1355
1121 1355
1355 1448
860 1355
1355 1824
1355 1600
15 1355
246 1355
985 1355
357 1355
1355 1754
967 1355
695 1355
945 1355
746 1355
1355 1661
309 1355
282 1355
1257 1355
946 1355
1355 1957
686 1355
1355 1603
1061 1355
1355 1935
23 1355
471 1381
1381 1760
154 1387
583 1389
604 1391
1124 1424
1310 1432
618 1443
333 1446
1446 1769
1449 1939
1195 1450
817 1463
1486 1769
618 1486
75 1501
306 1501
1373 1501
608 1508
241 1508
860 1516
1005 1516
1009 1535
164 1535
609 1535
23 1535
1481 1535
1535 2015
95 1535
1535 2079
329 1535
1535 1967
1206 1535
164 1536
1289 1536
1377 1536
57 1536
1536 2071
849 1536
568 1536
1536 1665
879 1536
189 1536
222 1536
79 1536
1517 1543
776 1543
1300 1543
646 1543
734 1543
1543 2093
178 1543
800 1543
1322 1543
1040 1543
672 1543
103 1543
420 1543
333 1543
1477 1543
613 1543
1543 1712
1221 1543
273 1543
1543 1665
1133 1543
1543 1653
1030 1544
1553 2080
860 1553
333 1553
618 1557
1563 1593
1323 1563
618 1571
1290 1577
609 1589
1589 1967
1005 1589
250 1589
1110 1589
15 1594
1195 1598
1309 1609
1593 1609
1235 1609
1616 1927
618 1660
1021 1694
1309 1694
1377 1707
1289 1707
608 1729
1378 1729
1053 1729
651 1729
1430 1729
49 1729
301 1729
1026 1730
1323 1730
1465 1730
1495 1734
618 1737
1659 1744
245 1744
746 1744
1744 2071
1744 1754
1744 1824
1744 1935
1744 1888
23 1744
618 1746
1030 1748
1639 1752
301 1786
1005 1788
1474 1792
1792 2019
618 1799
1804 2071
154 1804
1809 2027
864 1809
1023 1809
5 1809
196 1809
1541 1809
1567 1809
1290 1809
1622 1809
1809 1848
1760 1809
284 1809
1412 1809
512 1809
1670 1809
1578 1811
1030 1813
407 1816
872 1823
1823 1907
79 1823
1377 1823
276 1823
618 1826
618 1839
599 1842
1377 1849
1289 1849
849 1849
613 1849
342 1849
79 1849
276 1849
1848 1849
435 1849
746 1849
1472 1851
976 1862
196 1865
1653 1865
79 1865
1532 1865
276 1865
613 1870
342 1870
1289 1870
1276 1870
694 1889
663 1889
305 1889
208 1889
1030 1889
392 1889
1889 1986
912 1889
1244 1889
984 1889
1889 1941
1889 2071
618 1889
1889 1976
30 1889
714 1889
280 1889
273 1889
1889 2006
1889 2061
384 1889
1902 1907
1760 1912
207 1912
164 1912
1848 1912
1912 2046
835 1912
1595 1934
49 1940
1309 1940
618 1951
241 1954
1807 1954
447 1958
1539 1963
1195 1965
1697 1969
1806 1969
333 1972
746 1977
707 2009
1030 2009
555 2029
849 2034
474 2034
1559 2044
1475 2044
1484 2044
1143 2044
361 2044
1935 2044
1659 2044
967 2044
1121 2044
640 2052
860 2052
1040 2052
49 2052
2059 2071
935 2067
1430 2070
37 2072
1807 2072
1949 2081
1273 2082
164 2082
2027 2082
1567 2082
1622 2082
1848 2082
1760 2082
1592 2096
1377 2096
276 2096
1280 2096
1901 2096
1006 2096
849 2096
1996 2099
