79 608
132 1614
849 1982
192 241
1005 1618
30 976
305 377
361 1636
1121 1830
241 1517
1088 1859
56 1888
1195 1689
335 2007
17 1820
1022 1475
49 2080
127 293
985 1048
739 1650
154 363
746 1659
357 1312
335 1033
1706 1718
323 1499
1499 1539
608 1665
79 1622
2007 2080
5 1760
79 617
407 1304
2015 2080
618 841
17 1743
250 879
17 613
825 1375
1129 1378
37 2092
114 1253
494 1650
520 1323
1073 1323
48 476
750 1377
712 1362
471 609
1107 1517
401 1517
1269 1611
189 1210
830 1639
174 1622
154 1109
1121 1622
1300 2006
1779 1949
293 1585
879 2005
1195 2025
117 1672
208 1047
1825 2031
863 2107
1116 1967
1244 2095
707 1756
137 1777
1345 1999
17 1591
604 1645
965 1052
1910 1941
609 639
776 1550
5 164
1203 1469
1521 1888
51 1403
1033 2007
860 1807
422 471
104 1382
247 1595
707 1073
1022 1639
215 2023
899 1026
1891 1987
222 245
301 1380
17 1506
51 2031
789 1258
1023 1753
613 1494
423 1195
663 1517
104 985
1494 1891
1120 1856
572 1040
37 273
49 1570
173 646
1719 1731
49 323
342 1287
217 2017
1807 2088
1614 1806
1026 1807
1803 1935
863 1406
825 1539
8 1412
222 1665
349 1884
1653 1665
360 1195
1061 1484
1979 2031
1233 1665
1323 1539
208 1142
276 2025
976 1109
1576 1767
1040 1550
108 2007
417 1824
175 1040
422 1030
1289 1935
672 1550
1349 1362
215 1175
307 613
530 1479
864 1195
1323 1825
405 652
361 1600
401 870
492 494
733 1171
695 1884
481 1488
958 1033
794 860
908 1907
653 1403
1567 1807
859 1706
604 1876
604 1665
1021 1645
360 1639
1048 1304
223 1281
407 484
37 178
1030 1567
296 447
276 1639
1273 1760
1532 1659
513 1226
804 1026
12 1175
609 1377
1195 1645
1273 1515
1706 2058
489 1256
804 1807
654 999
841 1622
342 997
360 2015
604 899
273 1653
753 1048
879 1803
985 1484
1362 1882
132 1891
1475 1756
636 985
17 1167
17 37
471 517
825 1073
37 944
44 762
276 2047
154 342
871 1848
677 1401
30 1706
1021 1026
863 1026
647 1718
276 1073
618 1570
30 1120
862 1230
1159 1665
1006 1817
276 830
1661 1888
835 1343
1646 1967
582 1403
55 1030
57 1448
330 988
392 984
835 1484
524 1915
306 1957
361 1731
323 1300
342 623
1317 1767
237 1659
1479 1944
174 1070
246 1121
618 1021
1636 2079
490 860
1244 1779
1106 1399
607 1803
825 1195
1030 1106
44 1518
704 2031
1073 1639
46 647
979 1659
161 2031
1409 1807
1175 2031
825 1300
1806 1891
407 647
778 988
17 1874
342 1689
1121 1304
168 1578
1287 1639
342 2084
707 2015
417 636
305 1399
682 2007
293 988
1284 1665
210 512
1670 1917
1814 1979
1668 2002
1620 1918
57 940
825 1196
794 1896
1399 1493
306 1909
1179 1686
1030 1939
37 841
353 1795
1289 1377
377 1567
377 1106
270 2002
126 733
196 1659
572 1397
57 1901
1030 1399
613 1014
11 1433
46 616
1300 1499
909 1644
1377 1996
1039 1665
361 1803
17 342
437 2027
57 949
1364 1873
48 134
299 1706
305 870
30 1109
909 1528
1009 1888
733 1119
23 1495
1130 1644
494 1030
126 1957
822 1227
164 481
455 1672
202 329
1175 1874
739 984
353 1909
1377 1567
150 546
208 912
1078 1517
1121 1581
656 739
30 1399
305 1377
55 739
97 1961
392 401
746 1143
434 1227
342 830
1403 1518
407 1512
246 1253
1021 1825
1578 2005
437 1706
572 1550
879 1650
295 1128
13 311
30 1519
359 1600
184 1159
257 1644
1089 1175
1030 1377
1484 1927
299 823
191 342
707 1033
217 1089
417 988
1317 1856
582 1979
1370 2090
662 746
882 971
1284 1825
1287 1300
653 1676
17 2076
1420 1979
707 2080
17 1021
1300 1941
222 657
494 1807
616 647
941 1235
305 912
1290 1668
166 1565
223 1033
1795 2112
134 1185
49 395
342 1359
17 1665
217 1420
30 1494
1654 2031
1433 1888
1346 1401
223 1475
746 1565
651 1235
83 1470
178 618
342 1891
1026 1638
420 1961
823 863
825 830
1175 1233
1484 2061
1679 1891
1075 1242
377 1292
542 1718
1039 1825
30 401
361 2046
618 2107
1167 2088
1565 1806
56 2006
167 733
154 1806
1670 2024
1121 1484
305 1767
361 1935
1300 1539
1109 2071
1484 1830
226 1697
426 1362
49 1635
1114 1137
1470 2055
681 1593
53 1048
1484 1512
222 1807
1167 1175
407 1244
178 613
1814 2031
73 407
474 546
609 1650
1475 2025
59 1214
1494 1665
997 2007
245 1938
305 1106
345 490
419 1506
309 1525
471 1567
776 1644
2027 2046
828 1943
653 1807
651 860
342 1604
604 1570
654 1377
37 1653
20 1427
1033 1604
1567 1760
1319 1493
305 422
53 1121
56 1670
474 1824
613 1266
1539 2015
1026 1039
1050 1484
1539 1689
1040 1322
154 2071
470 1979
1482 1805
17 299
236 1637
496 864
1399 1856
1824 1957
528 1524
1665 1962
49 301
1426 1844
1517 1856
401 1203
316 1585
1567 1769
494 1939
245 988
859 1517
1026 1175
1245 1622
1485 1512
613 1718
849 1901
46 1218
284 1753
546 1659
1167 1807
1517 2058
161 1026
342 1475
361 1856
1159 2031
1475 2007
1308 1494
1223 1362
299 1399
154 1701
1229 1639
17 1430
984 1719
37 1430
664 1494
608 1891
1375 2005
652 1505
2015 2025
17 618
56 293
663 1877
512 2090
1024 1578
288 1129
582 1807
864 2007
309 1907
517 739
1160 2061
1221 1644
1706 1817
984 1860
311 878
384 912
208 1493
1494 1706
1044 1050
1171 2015
79 1785
226 1055
1385 2031
618 1644
299 1856
349 2093
1011 1300
1109 1517
118 739
49 997
604 1284
322 563
470 1175
659 1436
1749 1974
1304 1659
48 1888
282 2090
1884 2093
17 653
471 984
772 1121
1581 1600
191 1639
407 1023
179 401
599 2088
609 1807
1661 1858
1401 1665
377 1442
707 1639
2007 2015
1180 1488
739 1399
763 1817
102 223
335 2015
1300 1323
311 975
419 582
1403 1608
377 1276
49 623
1300 2007
984 1309
323 1475
254 526
273 1706
588 1818
1309 1364
49 2015
49 1378
872 2098
560 2093
59 291
817 1779
1495 1573
1196 1670
184 804
599 2031
64 1023
504 1495
618 2017
908 976
178 245
342 1825
363 1490
305 1361
604 1676
1478 1517
1067 1488
1625 2071
222 250
613 1706
1399 1567
154 823
30 1803
305 1442
910 1243
273 1270
167 938
342 1539
656 1030
489 640
329 1019
608 1807
236 1600
276 1375
618 1420
250 453
51 217
305 984
417 742
1280 1349
1033 2015
1175 1676
1373 2007
1622 2046
1300 1910
1159 1979
257 1040
458 1325
734 1794
623 2015
212 1308
1015 2031
870 1517
217 1743
1209 1749
1021 1039
75 1068
127 1290
680 1252
423 1300
739 879
825 1756
1645 1665
542 608
108 1639
750 1106
451 1844
361 1289
313 2092
1026 1323
609 1810
1089 1807
57 512
261 1807
1130 1550
1433 1484
739 1309
707 1169
857 1175
241 1861
1346 2086
293 746
37 805
1030 1863
496 1033
478 564
1401 2002
728 1104
1021 1175
733 1005
733 1795
1403 2088
1475 1639
1199 1806
955 1289
333 618
84 1518
246 309
524 1378
293 945
733 1481
1055 1701
1195 2015
1284 2031
872 1907
1592 1901
572 1644
704 1175
17 395
257 1550
75 1795
271 1578
1023 1425
1284 1403
613 1209
223 342
945 1433
191 707
305 656
305 494
655 1807
608 860
825 1661
922 1979
686 985
49 651
604 1430
857 1645
1499 1639
241 822
277 1196
859 1856
250 792
1499 1825
825 1009
130 1225
519 1019
79 896
384 2061
497 1345
707 958
984 1442
330 1143
1430 1665
862 882
276 1499
1399 1650
154 597
337 1171
17 1159
86 1979
1639 1798
419 1665
1033 1859
695 1986
478 1494
520 521
1403 1645
739 1106
618 1876
582 2031
679 1495
1651 1844
57 503
455 596
1377 1407
1075 1458
1645 1825
208 714
1622 1848
1169 1639
927 1455
1659 1677
330 1464
679 837
423 2015
246 636
49 1040
1040 1528
1312 1661
1207 1892
456 1175
835 1121
1478 1706
640 1702
750 1292
126 554
772 1622
915 1399
1030 1292
1679 1806
377 1399
1098 1279
1258 1448
17 2088
416 1152
1426 2058
1517 2008
1175 1654
1023 1765
557 1573
1567 1996
1276 1665
217 1876
17 922
30 1107
489 613
1137 1722
1767 2006
1175 2023
184 863
734 1133
245 442
49 1033
542 1653
1495 2015
217 1989
474 988
1506 1825
55 137
1175 1876
1292 1567
154 305
49 496
184 1385
609 1442
1323 1639
613 1776
23 988
174 1522
1448 2090
641 1519
1743 1825
604 655
293 1050
419 1820
481 1245
79 1006
1120 2071
86 1175
243 1210
49 1026
604 608
1639 1756
1109 1907
154 245
321 1635
301 1719
1048 1927
1033 1910
825 1689
494 1377
1073 1475
17 1645
1193 1957
51 1825
1154 1371
1106 1377
276 1539
496 2015
1493 1943
433 542
17 1089
361 1495
1061 1779
1803 1856
496 1689
1109 1478
301 1567
1765 1829
723 1479
739 1578
101 946
604 2088
108 1375
604 1807
305 2006
395 1876
1143 1754
1856 2046
276 335
154 728
17 1638
1026 1385
663 1300
613 729
618 1550
1206 1362
30 1011
1048 1121
899 1403
1006 1853
222 1914
49 394
305 1918
714 1011
357 988
17 687
1378 1427
276 342
613 1104
313 1330
190 1128
397 1595
657 1653
17 312
712 1512
912 1088
55 609
333 1769
278 671
245 493
618 872
1763 1794
433 1894
1676 1979
864 1689
1175 2088
1073 1300
920 1636
870 1593
1040 1952
12 17
51 419
750 1807
1026 1743
241 1360
1030 1807
1806 2071
243 1909
208 305
1290 1567
335 342
835 1433
530 1944
1088 1517
1399 2071
1175 1570
1023 1585
1036 1426
746 1121
267 1017
750 1442
863 1665
734 1644
311 382
1292 1377
314 1306
49 864
504 763
707 1300
944 1213
1341 1377
56 227
1006 1280
494 750
1570 2031
442 1488
44 55
1011 1706
360 825
609 1110
825 1604
825 2047
49 1825
1169 1300
1225 1527
1154 1859
604 763
848 2100
293 316
259 1550
997 2015
108 1499
1303 1462
419 1825
208 1399
168 905
958 1323
49 1539
817 1750
342 1195
1465 1749
127 1023
420 1214
1159 1175
333 1644
184 2088
278 418
426 1349
1943 2006
278 1191
885 1290
17 1284
935 1109
301 1423
746 1670
335 1761
215 1268
1521 2018
1817 1882
312 1026
1639 2015
578 1976
306 1795
624 1349
164 1000
168 2060
1175 1814
276 1022
261 984
276 1323
560 695
154 168
154 613
600 1518
377 494
30 208
413 653
305 471
984 1377
51 1175
984 2006
241 910
825 1033
663 1107
79 246
276 2007
154 219
1472 1979
17 1962
342 1499
417 1818
750 1939
1517 1626
241 1665
330 722
1175 1268
613 1465
1231 1825
1475 2015
276 1033
44 254
154 401
779 1848
542 1892
342 2047
618 2076
433 1476
863 1825
116 2071
346 1806
1403 1876
1661 1779
79 276
49 1472
618 1645
245 1821
1645 2088
596 1672
1167 2031
305 1939
435 646
608 1556
1874 2031
422 609
49 1876
618 1807
154 1096
212 618
287 1325
604 2017
17 215
1281 1287
471 1030
401 1403
557 1034
439 1145
2031 2107
764 849
1943 2079
1191 1818
1300 1976
1107 1882
1195 1539
1484 1779
403 1346
48 79
217 1570
178 872
306 1119
51 1665
344 1377
837 1495
1706 2006
1033 1639
1807 2084
384 694
471 1939
1345 1430
23 746
618 1322
1290 1329
30 663
1118 1661
1625 2061
1825 2088
1377 1939
1140 1769
1528 1644
223 1300
1539 1639
392 1701
707 1499
1005 1824
488 1785
12 2031
805 2000
117 1217
496 1475
1289 1480
1665 1743
1665 2088
359 1957
912 1493
608 618
1309 1807
422 1807
1235 1236
1877 1976
212 1517
1039 1979
30 186
17 604
682 1639
419 1962
1030 1866
407 1871
215 2017
14 1795
217 1039
278 1091
538 1806
158 2080
1300 2015
512 1848
241 1716
293 1592
609 1967
1033 1276
1287 1375
49 2007
546 1858
407 1581
306 554
186 1856
246 474
49 958
101 1485
301 869
707 1195
17 1026
1121 1871
1121 1522
1706 2008
241 1430
53 1061
1638 1645
646 859
261 1377
1844 1989
600 1482
618 1308
599 857
1979 2017
56 967
166 1717
278 869
763 1927
583 1578
432 1876
30 1907
1011 2071
37 1916
1175 1645
223 1195
653 1175
1665 1814
899 1665
899 1876
825 1287
494 1121
48 1583
154 977
1019 1470
51 618
164 1578
241 613
245 1532
468 641
1820 2031
1322 1550
1195 1300
497 1133
301 1364
618 1891
46 264
722 859
763 1171
707 1375
604 1039
1021 1794
857 1825
293 1888
571 613
184 2017
1252 1848
1749 1904
154 984
618 734
877 2071
587 613
910 1427
1517 1806
53 636
241 542
1054 1622
1108 1309
1323 2080
377 609
568 1665
197 1665
342 618
530 1246
202 233
557 1900
618 1898
870 1436
804 2031
217 582
202 1967
1195 2007
1375 1499
615 764
1976 2006
1052 2066
864 1760
56 1949
241 646
456 1026
1403 1806
494 1139
1287 1499
1015 1026
1026 1814
1234 1747
184 1570
609 1769
1346 2105
849 1819
910 1029
56 988
419 618
1570 1665
618 1231
49 86
1668 2005
488 1382
1499 1663
1399 1939
739 1442
546 988
134 1661
217 2084
1231 1665
23 1475
95 763
168 1096
480 874
763 1310
1204 1957
197 1175
431 677
655 2031
984 1567
184 1268
241 520
250 2071
581 1073
1026 2088
212 564
377 422
17 2017
233 361
305 1567
361 1738
1021 1654
37 1396
471 494
1175 1231
494 1364
613 860
800 1672
1643 2031
1040 1644
108 276
197 863
129 1644
609 1996
695 874
1377 1399
1522 1967
1881 1976
1070 1287
419 1053
130 517
223 864
423 2007
613 1346
1472 1665
1133 1644
870 1191
640 1908
217 293
116 1120
746 1582
619 1844
245 1488
656 750
217 342
293 1661
419 1403
1009 1521
988 1957
1252 2046
1499 1756
207 311
746 1034
1495 1852
513 2061
141 1754
57 955
496 1300
1109 1611
407 806
390 1818
49 270
1807 2031
1689 2007
804 1021
419 1026
1175 2076
23 246
1073 1195
744 1844
1807 2076
604 1743
1300 1767
532 1128
309 1201
79 720
14 1098
640 916
1195 1385
167 306
377 1211
377 750
524 1342
1349 1882
1196 1244
471 1650
441 503
23 1747
168 1848
121 1214
794 1006
800 1210
1204 1795
126 1193
1478 2079
276 423
613 1807
478 624
1290 1377
134 1196
871 918
1048 1888
750 1719
17 1233
30 1517
342 542
912 1767
1089 1570
53 1044
56 1779
154 1123
1015 1175
217 1676
1048 1935
1026 1645
75 1121
555 1665
1033 1195
1412 1622
23 1659
189 1273
222 1938
86 217
30 1856
1336 1586
623 1300
1399 1442
859 1956
857 1807
863 1876
127 1760
349 560
98 154
442 1938
1472 1825
651 689
869 1098
118 1848
264 1218
88 1403
241 1803
733 938
910 1145
208 2071
553 1175
520 1427
154 267
245 261
869 1942
215 1403
841 1976
1021 2031
1026 1083
1876 1979
720 849
30 407
583 1778
1026 1962
1795 1909
273 280
184 653
481 1255
1107 2071
49 1499
1462 1556
17 456
311 1989
419 470
613 2064
647 1100
1377 1719
612 1807
739 1364
217 1645
837 1434
857 1665
970 1495
1023 2046
1346 1358
223 1482
800 1430
192 1915
870 1490
967 1600
1300 2071
178 1359
215 604
640 889
609 750
1861 1907
133 782
613 889
1225 1776
49 108
217 1807
512 2046
175 1550
309 807
53 1779
79 1772
830 1499
278 1593
1644 1794
247 860
636 746
342 1169
86 1807
765 1482
1026 1876
326 739
1802 1807
99 1468
223 2007
313 1121
830 2047
1793 1949
342 1375
1743 2031
263 1485
653 2031
245 2024
289 613
1026 1472
1026 1654
613 1462
1874 2088
1364 1807
79 805
494 1719
246 896
154 889
407 1779
1856 1907
1645 2031
1403 1420
1325 1627
604 1230
292 1378
1986 2008
37 1975
1125 1143
1289 1856
64 1114
707 1539
161 1175
604 1706
1062 2017
1499 1689
478 1308
357 1888
1352 1596
604 2061
196 1023
1362 1706
1403 2017
1098 1392
707 1825
1195 1499
1375 2007
1626 1706
618 1430
1993 2061
196 1532
2003 2035
55 305
8 1622
1403 1743
168 1024
869 1593
1653 1706
233 1137
1061 1888
864 2025
1506 2031
825 1475
849 1892
416 1807
982 1836
494 1292
154 414
49 825
178 1653
1089 1825
1469 1861
1639 2007
423 1475
407 849
677 2092
1026 1268
912 1399
1639 1689
1030 1442
958 2015
1359 1430
1304 1661
1195 1323
37 912
613 1702
276 2015
542 1430
985 1888
1021 1591
882 1276
1088 1983
1323 1499
1403 1570
1399 1976
323 825
984 1106
1821 1907
293 1670
8 1290
1750 1779
49 899
49 342
1005 1171
1026 1231
864 1475
795 2045
1933 2006
246 1581
49 423
870 2013
489 1749
997 1195
912 1576
419 1195
825 1639
254 1803
407 474
305 2071
155 168
604 1420
196 1918
108 707
53 825
971 1802
309 1455
1385 1665
1475 1539
613 646
869 1191
309 1637
202 609
60 864
426 1882
85 1325
49 335
859 1943
241 618
707 2047
1121 1779
30 1317
984 1399
1412 1695
301 1377
246 313
946 1485
707 1475
1229 1475
129 1550
478 1078
422 739
830 1195
349 1484
1111 1146
1665 1820
1021 1807
56 746
609 1364
1073 1798
223 1639
335 1475
1935 2046
1022 2007
311 1844
555 1824
863 1403
164 1273
202 1019
1023 1848
1011 1517
1218 1263
30 859
1856 1935
296 581
8 79
1848 2046
245 1300
750 1567
1121 1433
825 997
37 850
879 1024
208 1943
494 1996
1354 1824
164 820
401 859
1231 2031
1377 1409
1586 2046
922 1807
613 618
618 1284
1128 1485
1576 1943
85 278
53 1118
208 1120
1917 2007
739 1939
49 1229
301 1769
17 2107
305 750
17 804
17 178
342 707
1006 1706
1385 1825
97 140
313 1394
618 1133
528 1448
604 1653
820 1578
306 733
912 1910
1191 1348
55 1807
863 1175
1710 2089
494 1442
1550 1794
325 1769
342 1300
305 517
17 582
178 342
488 686
55 1777
293 838
537 677
202 1005
623 1475
863 1385
1026 1820
746 1935
14 1135
953 1795
1403 1622
1346 1914
618 1221
945 1512
864 1229
1140 1483
825 2061
1877 2026
1807 1939
1639 2025
1195 1639
57 528
1385 1979
276 825
520 1378
1430 1556
1325 1699
49 1053
17 1268
1244 1448
30 1611
1061 1710
37 79
678 2007
1195 1825
484 1044
342 2080
17 2031
233 359
241 1289
401 1916
246 1124
30 433
342 1033
1559 1888
1517 1576
312 1665
1375 1475
453 2071
422 1070
1116 1522
548 1382
217 1284
323 342
604 1021
1005 1677
53 476
476 1559
333 1040
701 1121
1290 1848
1719 1824
1359 1807
55 377
309 1779
825 2007
1175 1284
494 1567
49 1756
659 1818
360 864
17 894
108 825
342 613
1244 1257
55 750
164 1495
2006 2024
1487 2089
504 1206
946 1512
377 739
584 1252
175 1644
655 1403
1021 1979
1517 2006
241 361
1308 1706
1760 1848
49 276
49 223
1807 2017
1088 1706
1175 2017
613 1345
79 912
49 1604
49 1039
579 613
778 962
1133 1643
1300 1399
1600 1856
17 553
1087 1252
878 1252
1403 1676
276 958
189 800
423 825
1570 1825
191 1499
407 1888
417 1436
196 1848
1026 1506
1121 1244
57 841
79 2095
1289 1600
1665 1676
245 1979
640 728
1033 1756
494 609
825 2080
885 1604
1309 1719
618 1089
172 976
618 672
245 1836
108 1033
1026 1284
912 1319
241 1935
419 2031
825 1323
23 330
245 1020
139 841
1245 2100
568 1892
820 1981
178 1488
401 2006
988 1659
207 1252
1026 2107
49 1169
603 896
1743 1979
273 841
4 626
1309 1567
377 1996
49 1375
525 1040
55 422
164 1695
293 407
1006 1154
1475 1499
707 1689
361 756
1665 2071
1062 1643
1689 2015
55 471
1378 1716
560 1596
1719 1807
363 1976
196 1620
451 1252
935 1943
330 546
23 1118
377 517
1300 1825
51 1979
432 1175
656 1399
1244 1270
1882 2027
1364 2035
1187 1479
1170 1397
1518 1686
196 1290
401 595
1385 1807
994 1749
494 1810
17 899
17 470
57 1377
912 1856
1639 1663
226 1701
746 1858
299 912
434 1430
51 604
485 490
988 1495
608 1976
330 435
1009 2079
1073 2015
542 849
651 1236
335 1639
870 1943
417 541
664 1109
922 2031
154 1178
1807 1876
15 1539
1026 1406
825 1229
4 2006
1005 2079
804 1665
217 1385
2015 2047
342 958
604 984
1021 1403
988 1124
1109 1494
49 1022
178 657
1300 1856
1121 1330
1175 1743
879 1778
1357 1907
1378 1932
613 1665
299 1517
178 608
75 1957
1023 1252
1107 1469
1195 1375
1512 1888
1276 1359
604 1089
857 2031
184 1089
850 1396
1554 1844
48 746
1135 1795
582 1665
915 1806
540 1749
663 1856
49 1689
1290 1307
1015 1665
1567 1848
86 604
609 1567
860 1061
75 167
1475 1689
663 912
1567 1650
154 640
335 707
1260 1818
640 1682
756 1618
618 2088
401 1011
55 1296
293 1061
825 958
37 651
419 653
830 1475
79 1438
1175 1962
299 419
1494 1550
618 655
30 273
604 1231
1280 1706
401 908
75 1909
130 1346
664 1345
1006 1289
647 1469
996 1377
223 2015
1009 1196
663 1881
1499 2080
407 1829
17 1385
392 2071
217 863
293 1484
870 1976
745 1252
1015 1807
1061 1121
1033 1689
806 1829
1603 1659
704 1979
663 1477
342 1073
481 1939
1474 2019
763 1695
30 280
215 217
305 1807
1031 1749
1375 1639
139 1244
377 1030
1653 1918
624 1494
512 1771
1962 2031
1235 2092
223 707
276 623
618 1794
470 1026
217 542
512 1877
215 618
609 1495
1284 1807
1364 1377
494 984
48 1121
618 1039
49 707
17 1420
217 655
552 880
1233 1979
1375 2015
273 2095
43 714
750 1779
17 1053
178 1989
208 384
739 1769
1287 2015
49 1676
191 276
785 1040
1061 1896
1231 1979
763 1048
359 967
1100 1637
555 1754
453 879
609 1939
825 864
496 825
1039 1807
599 2085
1517 1943
496 707
494 1106
1697 1806
301 1040
672 1644
1223 1817
342 1639
1506 1807
293 1185
401 1179
613 1885
149 1075
763 1495
1121 1196
935 1517
309 1858
825 1484
167 985
1567 1622
102 2007
246 295
191 825
910 1378
781 2090
97 291
259 1644
739 1996
55 494
613 2037
23 282
689 941
1297 1869
47 613
154 1907
17 1039
944 2092
548 714
864 1499
241 1427
437 1882
553 1665
609 1731
1377 1772
333 1550
739 1377
49 1089
1317 2061
392 1300
513 1925
217 1472
621 1767
53 293
1033 1169
681 869
170 604
1420 2031
30 1806
56 945
241 1706
168 1300
1499 2015
401 976
1252 1844
110 1672
276 496
1657 2090
1343 1565
395 863
1229 1689
663 2071
293 1304
1088 1767
293 750
149 223
276 1798
1567 1719
967 1661
750 1399
1229 2015
207 2104
494 1779
156 1482
1297 1565
653 922
1494 1807
217 1159
395 1175
141 988
512 1382
48 1618
872 1807
1817 1853
401 1706
914 1848
276 1377
976 1399
248 377
1022 2015
342 1672
57 1877
55 984
1300 1375
1300 1475
14 953
1288 1856
1175 1385
1290 2005
46 1263
377 1377
746 1044
618 1015
305 1659
1233 1807
1378 1831
164 1290
1231 1403
794 1710
1292 1807
1385 1403
2023 2031
525 1550
597 854
600 1777
470 2031
1245 1451
1469 1718
401 1270
422 984
707 1604
945 1009
517 1567
420 646
1484 1888
170 1479
8 1462
604 1506
750 1996
1190 2018
84 2089
982 1319
1026 1676
935 1425
825 1512
170 508
222 1997
23 946
12 2088
1480 1892
1703 2089
86 184
825 1779
1075 2043
62 714
407 789
407 1935
1943 2106
1023 1290
496 1195
739 1292
657 800
1026 1195
453 1134
552 1907
349 407
222 1488
647 746
1078 1308
210 1877
984 1364
1586 1600
1807 2107
553 1979
37 618
825 1521
1030 1650
1403 2107
49 1323
301 1807
872 1706
1022 1195
30 1244
305 1653
141 967
413 1665
912 1120
1517 1575
23 141
663 1976
874 1884
1495 1618
245 1881
618 776
215 863
984 1650
609 1399
384 1625
825 1304
519 1005
830 2007
1475 1825
276 1195
246 1362
530 604
14 1909
108 1195
178 1938
988 1484
422 494
613 1891
1406 1665
707 825
245 1493
301 984
17 2023
468 664
17 704
164 1488
1377 1650
618 1665
1448 1456
712 1637
1061 1661
164 512
420 618
114 246
407 1949
829 984
1146 1325
618 1494
1019 1116
613 1537
101 1512
1039 2031
1665 2017
178 1494
825 2015
988 1661
1257 2095
1754 1824
276 1825
1343 2032
707 830
1167 1825
154 1055
1670 1753
293 1659
1106 1567
1196 1949
207 2021
849 955
613 1789
1475 1604
583 879
241 1600
420 1807
1362 1637
276 864
168 937
922 1026
227 1670
997 1499
506 647
360 1499
164 1760
168 739
21 1402
1622 1976
301 494
49 413
432 1026
1196 1464
184 419
208 2075
79 1383
191 1475
245 305
1296 1518
525 618
514 1860
1482 1922
293 1636
346 1403
988 1393
276 323
2006 2071
1523 2064
1252 2063
746 1484
1098 1260
1499 1604
1033 1073
56 407
1712 1807
1292 1399
1403 1506
407 825
301 342
997 1033
1420 1807
361 763
513 780
401 935
655 1026
656 1567
864 1300
1159 1403
746 750
17 1676
1026 1167
1323 1593
825 2025
423 1033
958 1499
582 604
1309 1377
1475 2047
186 1515
980 1171
546 1474
342 2015
306 938
1281 1375
419 1807
955 1006
4 2024
870 1706
997 1639
707 1323
750 1030
1604 2007
223 276
276 997
494 739
49 1073
616 1263
301 939
377 471
1225 1401
1469 1629
664 1063
572 618
259 618
186 982
830 1033
997 1300
503 512
17 857
305 1996
202 1495
864 1033
79 849
1011 1109
653 1665
1600 1935
529 1514
345 485
582 1195
184 655
1047 1986
1284 1979
278 1572
222 1578
485 860
413 2031
1089 1665
1824 2071
1233 2031
5 1567
23 1957
171 254
49 1639
49 1021
282 1600
1493 2071
17 1406
196 305
342 1807
608 657
609 1106
401 1976
1073 2007
494 1731
1040 1133
1521 1636
217 1021
1062 1860
1323 1604
473 1860
1075 1981
1309 1769
1436 1834
1576 1706
1221 1550
342 2025
115 618
632 2037
663 1319
48 1484
707 997
1296 1777
1026 1874
899 1175
480 1639
1859 1983
48 53
217 1506
395 2031
197 604
1191 1436
1562 1639
1953 2100
309 1171
101 938
154 283
245 832
1026 2076
1296 1482
982 1210
86 2031
1550 1952
83 1005
1017 1749
154 1702
1743 1807
837 1128
506 1362
899 1807
1362 1600
435 1289
532 1689
8 1303
494 517
1567 1939
653 1231
246 1967
1040 1794
17 1759
1061 1369
912 1403
184 1645
221 1229
789 1637
1252 1273
1175 2107
154 172
357 1448
154 1490
1362 1817
1803 2046
1056 1581
618 1359
1884 1986
1067 1401
189 1957
704 1026
1825 2015
1005 1731
879 1578
5 1070
349 1196
1289 2046
1480 1586
707 1287
656 984
305 1806
1142 1493
609 984
79 1901
663 1706
1472 1807
447 1668
707 864
1650 1807
84 820
512 781
605 1120
655 1825
419 604
471 1807
1115 1378
246 1600
1026 1053
1665 1807
526 827
217 1888
342 423
582 1175
604 782
55 1377
864 1375
1030 1996
1844 2063
867 1604
168 1487
1420 1825
55 1686
419 2088
313 1581
1053 1089
217 1026
342 1756
1373 1678
1476 2069
79 1819
174 883
276 2080
223 600
849 1207
1848 2027
108 1475
309 825
1604 1639
608 1210
922 1665
168 1803
215 238
17 419
609 1030
471 1377
867 1287
1287 2007
108 1300
1005 1495
1300 1689
1639 1761
517 1030
57 357
609 656
825 1048
1769 1807
423 1639
282 357
1048 2061
1026 2031
1876 2031
733 1957
422 750
167 1795
849 1765
62 154
1603 2095
154 1300
1979 2107
640 1465
1022 1300
618 2061
766 1378
241 2046
55 1399
801 1595
311 745
680 1844
825 985
1195 1472
1196 1779
1430 1550
154 1904
1033 1287
1196 1512
1433 1565
401 1608
56 1448
494 656
276 1475
167 1121
305 609
175 618
604 1672
910 1787
238 1089
114 1128
149 1777
494 1769
191 2015
941 1472
86 1026
841 987
553 2031
570 2007
830 1300
1257 1603
1702 1749
1349 1817
50 1436
1268 2031
958 1639
191 1323
525 1644
1420 1665
1440 2005
342 1229
17 413
241 1856
250 1760
1517 1817
471 1399
1175 1506
2007 2025
739 1567
1528 1550
278 562
1550 1644
1495 1967
1319 1515
250 1005
217 899
1373 1689
899 1979
1009 1636
1517 1706
608 1430
1403 2071
849 1289
618 1233
49 1287
854 1901
1562 2080
248 1211
1121 1659
1276 1975
1665 2107
1021 1472
1026 2017
864 1073
37 719
259 1040
29 1252
246 417
1448 1583
1499 2007
1676 2031
1006 1349
30 171
804 1175
413 1026
623 1033
471 1292
860 1120
1475 1754
49 1138
1229 2007
640 1749
1442 1567
1252 1989
53 1559
1891 2036
246 1128
30 542
217 1167
677 1403
583 1462
184 1472
1020 1517
1231 1807
312 863
588 1795
1403 1472
841 2095
215 1195
512 1976
863 1807
1586 1892
1030 1524
1399 1807
1477 1910
1005 2015
1026 1233
342 1022
704 2107
613 1904
763 1103
197 217
323 2015
37 1359
1469 1943
53 1189
37 608
953 1135
297 1426
1304 1484
1395 2006
1073 1499
49 655
139 208
305 1030
468 1494
609 1292
623 825
277 407
349 874
49 2047
174 1179
1276 1679
1517 1907
423 707
1877 1881
322 1749
1322 1644
75 733
245 912
1229 1300
30 2008
36 779
342 608
1195 1287
1175 1406
1472 2031
86 2107
763 1967
49 640
432 1665
1026 1591
453 820
56 1592
733 1495
864 997
1104 1749
1329 1495
1514 2079
311 2021
699 1345
241 1129
825 1022
863 1159
1033 1499
1665 2031
604 1167
640 1904
1300 1756
1033 2047
588 1098
733 1273
1754 1830
1756 2015
86 1403
1288 1910
184 208
1907 1943
456 2031
49 2025
597 2006
1483 1769
30 1576
184 1039
456 863
864 1287
613 1359
830 2015
313 1967
618 1952
804 1825
1943 1976
413 1979
1196 1474
330 1125
970 1470
280 1244
1169 1323
1296 1981
1369 1689
841 1399
311 481
613 1430
823 2017
975 1252
1470 1522
557 746
1128 1253
301 609
655 1175
305 1532
548 1011
1159 1825
1645 1807
217 2107
178 860
1665 2076
517 1399
756 1370
1287 1475
941 1133
568 1276
1033 2025
422 1399
301 1309
57 2026
1552 1567
599 1021
1494 1519
397 1488
37 1807
863 1133
1240 1943
997 1475
360 1475
1604 2025
734 1550
553 1026
1364 1567
276 1300
23 695
245 392
1001 1495
64 1137
1169 2015
196 1622
305 1292
1033 1375
53 1484
1088 2071
1167 1403
64 827
653 1420
323 707
178 1807
129 1040
733 1909
1217 1672
672 1040
946 988
86 1665
1499 2025
1364 1719
316 849
1290 1412
335 1300
342 496
1244 1603
517 1401
1361 1653
1806 1856
49 1645
618 1472
489 1209
512 663
17 1231
967 1719
1026 1159
1676 1807
608 1653
272 1482
1284 2088
958 1475
1195 2088
422 1377
613 1004
582 1506
1171 1548
164 1848
1484 1661
79 848
223 1375
494 1399
302 1494
1622 1760
342 2007
1264 1290
1323 2015
1195 1570
271 1269
79 1418
618 1653
306 1481
215 1665
401 912
1323 1689
1604 2015
988 1747
1663 1825
1128 1646
1406 2031
1135 1909
863 2031
222 618
663 1088
1024 1375
62 1011
178 542
1426 1556
161 863
609 739
21 154
276 707
521 1378
618 1040
871 1467
2017 2031
517 1807
825 1825
223 825
1665 1876
618 863
1807 1996
357 2090
164 1541
1175 1820
349 1888
178 646
1943 2005
512 1567
984 1996
168 879
728 1502
1024 1179
15 1369
512 1881
859 1109
874 2093
419 1876
1175 1591
291 1214
496 1499
480 560
1053 1175
2031 2088
197 1089
604 1927
1026 1979
57 1289
664 1706
863 1089
1767 1943
419 655
560 874
687 857
154 1821
618 653
1121 1489
909 1040
1107 1848
471 739
293 1204
1175 1472
8 1618
613 1173
1347 1907
79 435
1943 2002
1022 1499
49 2088
1175 1759
546 746
1300 2080
859 1767
582 1026
17 217
312 1175
640 842
257 618
382 1252
864 1604
1645 1876
99 494
496 1639
377 656
233 1967
1581 1754
49 1475
246 1959
1670 2006
178 447
17 432
985 1512
419 1979
1109 1519
276 1689
154 1943
489 1173
1022 1033
1121 1371
1280 1517
1142 1806
517 750
739 1030
377 1807
1019 1797
30 103
359 407
817 2084
17 655
967 1143
222 2092
572 1170
863 1021
899 2031
171 1803
1033 1229
1244 1304
1825 2007
1325 1593
1989 2058
49 830
541 1098
1394 1754
490 1487
51 1807
217 653
609 1171
621 1308
788 1448
167 1949
2016 2071
342 984
663 2058
419 1645
609 1719
1033 1300
1104 1502
1106 1807
1475 1761
37 2093
277 1448
520 1716
504 1817
49 419
17 1814
126 1456
215 2031
613 1256
79 652
1426 1989
222 2071
1377 1807
1053 1378
889 1749
1943 2075
15 1061
1300 1604
108 342
342 864
1517 1941
1029 1417
75 938
377 1650
154 1469
377 984
604 1385
894 1175
863 1979
1379 1695
734 1040
1377 1769
1570 1807
245 1517
264 1263
17 1807
178 247
234 1567
1390 1873
17 51
178 1430
55 1567
553 1876
1033 1825
1475 2080
223 1296
663 1576
49 1300
108 2015
1448 1512
656 1807
1596 1659
473 514
517 609
776 1040
98 401
494 1309
1190 1352
233 756
236 359
1033 1539
1089 1403
1195 1475
646 1635
1986 2093
1169 1475
197 1403
86 1825
513 843
1639 2080
817 1468
232 1260
1089 2031
241 1378
293 825
825 1499
613 1749
618 899
967 1559
286 301
984 1769
17 197
1009 1448
863 1053
1026 2023
825 1169
5 1264
315 1848
171 607
315 914
23 534
377 1939
521 1781
653 1743
49 191
17 1570
763 1005
323 1033
413 1175
437 1349
608 613
57 79
471 1996
734 863
1175 1420
296 1488
276 1169
1639 2047
1039 1403
379 513
360 2007
613 2092
164 1252
609 1019
795 1075
296 1407
407 750
707 2025
245 1578
178 604
17 1175
857 1026
342 604
236 636
971 1523
619 1252
504 1362
653 1026
1323 1475
864 1639
1124 1659
976 1941
1901 1929
30 935
241 1586
863 1195
167 1484
215 1026
604 1187
360 1033
164 1622
5 1622
828 1671
484 1121
154 1081
1670 1779
360 707
604 1695
103 1856
1399 2090
422 1567
1167 1665
305 739
930 1699
342 360
1026 1420
1026 1570
57 1154
293 1750
57 488
1175 1638
1300 2025
1040 1221
1039 1175
1 14
309 1661
1645 1979
276 1756
1289 1803
342 1323
342 1665
5 1412
478 1345
817 1052
1133 1550
707 2007
417 1883
1015 2088
342 1776
1026 1089
30 2006
1021 1195
293 1433
272 2005
1403 1643
1308 1517
945 1659
192 1378
305 1650
384 1120
273 1244
1075 2045
958 1300
1121 1448
857 1403
1300 1639
935 1706
1570 1979
1235 1323
283 1469
618 1506
335 1499
49 360
853 1427
872 1347
967 1824
128 1848
1393 1484
1482 1943
1706 1856
342 609
1195 1229
564 1494
156 765
17 1472
1300 2047
17 161
1343 2074
349 695
280 1517
746 1754
217 2088
1795 1957
309 1082
618 1517
17 1876
267 640
1021 1665
1033 1323
492 1950
241 524
1098 1795
178 1891
8 1760
97 494
613 1063
885 1495
546 557
29 311
17 1654
215 1807
1600 1957
604 653
609 1309
864 1539
860 2054
276 1229
246 985
1349 1706
64 1722
1222 1448
765 1022
984 1030
395 1026
1033 1475
471 1442
517 984
1304 1871
208 1910
168 1075
23 245
167 1957
276 1287
1253 1263
604 1159
1005 1119
1121 1888
640 994
1190 1521
532 560
1377 1442
1456 1957
191 1033
1756 2007
154 2006
1306 1928
1430 2002
79 1289
1145 1378
1399 1996
154 870
746 1475
1448 1636
342 825
604 863
243 1040
168 598
167 1304
284 2006
1472 1645
154 1346
636 789
30 305
1058 2061
1448 1779
76 746
453 1281
1093 1378
1167 1979
139 273
909 1550
419 1175
312 1979
1252 1554
311 584
401 1121
223 1499
1591 2031
707 1030
604 1472
323 1639
217 419
609 1470
471 1106
494 817
167 1909
999 1377
246 1100
984 1807
1749 1763
453 814
613 1653
1128 1959
1382 1848
191 1300
154 912
652 1975
1442 1807
141 1824
178 1578
1362 1517
278 1325
1644 1952
43 488
278 972
600 1296
652 1798
871 914
1706 1941
468 1308
1517 1767
613 994
618 1385
144 677
1639 1825
293 1009
833 2043
612 657
1345 1807
2031 2076
154 1611
17 1015
437 621
739 750
739 1807
246 546
1024 2005
301 739
1506 1665
1490 1907
448 958
178 222
1976 2090
217 316
879 2071
44 827
594 1593
618 1159
1539 2007
245 892
707 1524
17 863
233 1495
360 1300
587 640
655 1665
656 1377
623 1639
825 1121
863 1654
78 276
1515 1836
796 1171
825 945
1088 1306
401 1767
1159 1807
423 1499
848 1245
707 1022
357 750
750 1754
30 1023
432 2031
517 1377
164 1567
948 1635
268 1581
250 1824
954 1309
1430 1807
1430 1712
171 1629
309 2110
349 1121
938 1909
264 616
1195 2080
392 1671
604 2107
215 1979
413 1807
293 1565
437 1517
150 1433
167 1888
1290 2027
30 2069
335 825
1204 1909
750 1650
1448 1600
750 984
1323 2007
1195 1562
57 987
1436 1883
580 1844
563 916
62 1976
618 860
103 1300
712 1817
53 1888
922 1175
1075 1296
1309 2014
407 695
17 86
56 546
178 1523
864 2015
954 1873
1820 1979
278 287
1718 1785
529 1767
5 1848
223 1777
154 392
215 1825
217 1231
1048 1484
1915 2057
808 1754
1033 2080
357 528
707 1229
877 879
1317 1426
312 2031
453 600
863 1233
609 965
1359 1665
208 1856
86 618
127 316
236 546
1586 1975
1068 1524
184 1021
739 1024
49 1195
1349 1517
1229 1499
51 1026
863 1645
276 360
349 825
276 1604
53 1355
79 2096
79 449
154 1889
154 721
186 1889
241 2044
250 1744
258 301
305 463
316 2096
572 1543
618 2082
618 1202
854 2096
859 1889
864 2082
869 1729
981 1006
1118 1744
1289 2096
1355 1369
1399 1889
1355 1464
1355 1484
1493 1889
1495 1535
1585 1809
1856 2044
1900 2044
463 2071
