65 182
65 112
115 177
64 173
126 182
92 193
87 129
28 173
21 177
129 139
128 193
116 183
112 170
11 126
67 160
129 173
67 181
150 193
170 182
131 182
67 170
154 182
27 172
87 183
11 182
146 193
160 181
58 87
12 154
21 183
38 170
80 193
112 118
193 199
12 182
176 199
115 181
128 188
131 170
87 96
154 172
126 173
58 116
115 176
172 199
26 131
27 138
38 87
19 131
40 199
15 115
12 118
11 170
28 49
64 181
129 172
135 173
176 188
11 26
101 181
65 170
115 160
170 183
75 150
36 183
76 176
40 193
58 160
49 128
101 199
75 92
101 146
19 172
116 150
96 115
177 181
19 182
154 173
188 199
172 181
49 101
173 193
26 128
80 182
177 183
38 177
135 150
15 176
96 183
36 160
75 138
15 173
67 183
129 146
150 199
58 177
76 138
118 188
138 188
146 172
150 182
176 183
36 176
112 188
118 135
135 188
101 183
118 138
160 183
24 126
139 199
21 181
24 199
154 193
65 80
112 182
128 139
101 160
67 177
76 92
172 188
12 131
80 170
58 183
49 64
26 182
181 183
135 199
38 181
128 199
150 188
19 170
21 146
139 173
80 112
129 150
183 188
170 176
67 193
92 118
160 177
116 135
12 112
154 199
28 53
1 38
115 192
179 188
95 193
195 199
