141 289
42 389
134 210
145 391
210 258
225 356
86 302
307 389
13 83
86 198
182 363
101 124
161 363
198 239
122 396
94 333
197 259
207 297
39 259
282 333
280 360
122 123
182 344
259 387
259 342
56 273
83 122
240 360
233 342
171 355
92 355
145 319
238 333
42 315
259 307
333 360
217 258
43 76
39 375
53 397
95 289
94 315
92 274
273 292
391 398
396 398
141 163
1 397
238 356
242 398
123 396
282 310
0 389
239 360
344 397
92 396
242 375
45 289
217 240
281 319
159 179
137 291
55 328
92 246
218 387
274 292
101 302
65 363
144 397
242 391
163 344
297 397
225 291
50 387
218 244
248 274
282 398
197 198
65 397
328 333
355 375
163 363
319 342
161 297
157 163
181 273
191 360
274 396
289 310
95 398
82 398
333 356
218 233
145 191
342 389
217 397
90 389
225 360
273 280
124 398
375 398
9 197
126 153
1 363
163 292
315 342
207 397
328 397
246 396
0 307
16 355
238 281
242 356
265 342
289 398
145 248
16 26
307 387
258 398
26 179
217 310
22 181
261 387
375 397
11 391
153 319
144 297
161 397
328 363
189 319
363 397
22 261
344 398
81 182
307 397
261 342
56 86
302 355
291 356
76 246
375 391
342 387
43 391
265 315
189 210
218 315
333 375
391 396
82 280
244 319
22 238
207 328
39 191
145 153
157 397
81 397
0 387
76 375
191 291
259 315
86 291
159 171
69 356
292 391
76 333
261 396
144 328
69 398
65 197
29 396
218 389
273 310
42 387
197 355
240 396
1 310
137 398
239 280
191 356
11 319
50 389
43 297
83 238
71 281
217 396
71 179
240 342
246 274
9 126
54 391
124 225
141 328
281 398
53 81
181 396
233 389
315 389
259 389
144 363
244 248
297 328
65 239
92 360
291 360
55 398
248 344
82 265
307 342
375 396
159 355
265 389
69 375
29 239
126 274
134 302
54 355
217 375
261 265
246 258
55 319
81 297
94 181
141 397
141 344
55 182
225 398
0 391
197 302
292 333
26 101
310 356
9 179
55 397
240 274
86 281
233 315
246 280
261 389
291 310
39 396
242 280
333 398
233 387
26 387
56 282
356 398
258 375
273 319
171 244
189 302
179 225
29 282
22 94
239 273
16 198
45 396
124 191
94 239
210 355
157 360
242 259
282 344
291 375
265 387
95 240
238 391
56 292
82 282
123 391
95 310
54 210
50 307
157 161
98 281
161 389
181 389
198 244
210 319
258 292
71 258
387 389
141 246
76 238
82 396
126 181
145 189
13 356
90 342
90 387
210 356
53 163
157 363
122 360
65 328
261 307
297 363
144 207
363 398
218 391
281 355
360 389
71 98
22 390
54 293
123 382
134 369
159 384
261 384
333 371
387 395
