0 94
0 235
0 343
0 493
0 585
1 33
1 354
1 492
1 535
1 594
2 191
2 359
2 402
2 482
2 590
3 172
3 455
3 514
3 591
3 595
4 183
4 262
4 365
4 455
4 514
5 120
5 210
5 363
5 502
5 588
6 142
6 350
6 360
6 418
6 482
7 348
7 531
7 533
7 554
7 573
8 103
8 216
8 478
8 492
8 535
9 196
9 236
9 309
9 345
9 566
10 55
10 187
10 335
10 445
10 587
11 272
11 334
11 450
11 520
11 575
12 63
12 373
12 452
12 520
12 578
13 327
13 487
13 524
13 574
13 597
14 247
14 390
14 431
14 559
14 588
15 439
15 561
15 576
15 584
15 598
16 268
16 499
16 545
16 551
16 564
17 227
17 394
17 424
17 431
17 498
18 316
18 333
18 425
18 438
18 498
19 30
19 86
19 370
19 485
19 572
20 74
20 308
20 317
20 585
20 589
21 294
21 402
21 410
21 474
21 488
22 346
22 367
22 534
22 559
22 561
23 260
23 265
23 546
23 566
23 594
24 177
24 369
24 468
24 512
24 525
25 437
25 481
25 495
25 507
25 594
26 221
26 244
26 298
26 428
26 474
27 110
27 341
27 352
27 389
27 476
28 46
28 396
28 454
28 482
28 580
29 162
29 205
29 395
29 412
29 553
30 19
30 458
30 548
30 562
30 567
31 255
31 388
31 454
31 476
31 594
32 324
32 401
32 456
32 522
32 543
33 1
33 422
33 435
33 461
33 511
34 301
34 411
34 561
34 562
34 584
35 181
35 413
35 560
35 569
35 570
36 196
36 365
36 438
36 455
36 514
37 179
37 403
37 422
37 484
37 511
38 92
38 225
38 396
38 466
38 534
39 252
39 278
39 371
39 466
39 534
40 312
40 452
40 472
40 537
40 551
41 205
41 214
41 395
41 536
41 556
42 232
42 262
42 339
42 553
42 599
43 50
43 126
43 368
43 425
43 466
44 165
44 265
44 343
44 407
44 518
45 217
45 295
45 433
45 520
45 526
46 28
46 89
46 198
46 357
46 396
47 64
47 277
47 538
47 549
47 578
48 528
48 539
48 557
48 559
48 599
49 221
49 306
49 428
49 443
49 480
50 43
50 329
50 418
50 466
50 534
51 299
51 309
51 421
51 491
51 526
52 441
52 448
52 560
52 590
52 593
53 277
53 418
53 421
53 491
53 578
54 234
54 486
54 497
54 498
54 523
55 10
55 361
55 484
55 503
55 550
56 128
56 144
56 445
56 531
56 573
57 263
57 484
57 485
57 579
57 581
58 205
58 224
58 378
58 456
58 478
59 245
59 322
59 367
59 534
59 589
60 134
60 210
60 541
60 559
60 561
61 292
61 413
61 481
61 544
61 592
62 143
62 337
62 433
62 539
62 599
63 12
63 520
63 530
63 578
63 587
64 47
64 362
64 393
64 572
64 593
65 163
65 208
65 394
65 449
65 548
66 357
66 389
66 447
66 465
66 581
67 114
67 391
67 506
67 547
67 593
68 371
68 477
68 550
68 551
68 580
69 276
69 348
69 479
69 530
69 567
70 217
70 257
70 267
70 587
70 594
71 189
71 373
71 414
71 509
71 527
72 276
72 436
72 493
72 546
72 584
73 429
73 432
73 535
73 554
73 577
74 20
74 180
74 437
74 530
74 564
75 79
75 532
75 555
75 565
75 568
76 223
76 499
76 522
76 546
76 573
77 254
77 432
77 550
77 551
77 558
78 91
78 342
78 478
78 499
78 532
79 75
79 191
79 249
79 522
79 574
80 404
80 411
80 549
80 573
80 578
81 153
81 253
81 273
81 379
81 536
82 209
82 333
82 447
82 532
82 562
83 203
83 264
83 339
83 345
83 548
84 182
84 364
84 507
84 519
84 577
85 174
85 399
85 422
85 535
85 544
86 19
86 93
86 546
86 562
86 599
87 161
87 434
87 490
87 584
87 596
88 379
88 399
88 492
88 532
88 535
89 46
89 93
89 209
89 488
89 588
90 372
90 381
90 410
90 522
90 571
91 78
91 239
91 297
91 418
91 552
92 38
92 406
92 498
92 516
92 518
93 86
93 89
93 503
93 590
93 598
94 0
94 264
94 501
94 544
94 568
95 316
95 448
95 498
95 516
95 519
96 269
96 434
96 490
96 506
96 525
97 332
97 485
97 524
97 544
97 555
98 383
98 480
98 525
98 583
98 593
99 279
99 307
99 369
99 452
99 507
100 113
100 295
100 313
100 560
100 570
101 221
101 428
101 443
101 490
101 526
102 345
102 371
102 460
102 480
102 572
103 8
103 438
103 512
103 574
103 592
104 247
104 419
104 425
104 488
104 561
105 238
105 328
105 550
105 571
105 587
106 530
106 558
106 583
106 588
106 598
107 121
107 316
107 333
107 342
107 501
108 143
108 254
108 480
108 503
108 572
109 378
109 409
109 444
109 516
109 594
110 27
110 136
110 150
110 553
110 557
111 147
111 167
111 356
111 556
111 579
112 145
112 252
112 360
112 373
112 424
112 466
113 100
113 166
113 518
113 529
113 530
113 570
114 67
114 349
114 403
114 417
114 420
114 574
115 160
115 170
115 398
115 443
115 527
115 595
116 310
116 381
116 397
116 499
116 523
116 574
117 399
117 488
117 511
117 538
117 563
117 596
118 346
118 563
118 579
118 581
118 582
118 584
119 142
119 325
119 433
119 442
119 542
119 586
120 5
120 124
120 372
120 504
120 539
120 559
121 107
121 299
121 316
121 376
121 406
121 513
122 153
122 190
122 244
122 430
122 443
122 493
123 125
123 209
123 263
123 485
123 564
123 573
124 120
124 139
124 269
124 329
124 508
124 576
125 123
125 243
125 247
125 550
125 551
125 556
126 43
126 334
126 426
126 496
126 533
126 592
127 391
127 412
127 505
127 509
127 544
127 572
128 56
128 438
128 450
128 451
128 522
128 574
129 147
129 160
129 220
129 463
129 555
129 568
130 264
130 293
130 404
130 430
130 576
130 579
131 153
131 244
131 280
131 428
131 443
131 540
132 350
132 425
132 505
132 526
132 551
132 552
133 234
133 483
133 518
133 523
133 577
133 589
134 60
134 295
134 321
134 418
134 477
134 497
135 156
135 241
135 484
135 529
135 563
135 576
136 110
136 298
136 510
136 536
136 549
136 553
137 194
137 213
137 215
137 464
137 522
137 563
138 233
138 472
138 527
138 589
138 590
138 595
139 124
139 398
139 508
139 526
139 587
139 588
140 307
140 326
140 435
140 480
140 505
140 508
141 196
141 434
141 451
141 548
141 584
141 590
142 6
142 119
142 197
142 519
142 542
142 586
143 62
143 108
143 485
143 546
143 558
143 567
144 56
144 244
144 251
144 397
144 482
144 547
145 112
145 252
145 466
145 507
145 576
145 595
146 178
146 293
146 524
146 567
146 580
146 591
147 111
147 129
147 416
147 471
147 575
147 583
148 349
148 399
148 448
148 492
148 521
148 535
149 170
149 202
149 283
149 341
149 447
149 589
150 110
150 227
150 285
150 467
150 547
150 578
151 237
151 477
151 495
151 512
151 529
151 571
152 391
152 543
152 546
152 558
152 565
152 581
153 81
153 122
153 131
153 202
153 443
153 559
154 360
154 399
154 518
154 552
154 570
154 584
155 218
155 277
155 353
155 504
155 562
155 583
156 135
156 448
156 451
156 488
156 553
156 561
157 188
157 278
157 287
157 370
157 412
157 447
158 188
158 364
158 400
158 449
158 462
158 477
159 258
159 371
159 461
159 480
159 554
159 593
160 115
160 129
160 425
160 469
160 552
160 570
161 87
161 252
161 409
161 526
161 552
161 591
162 29
162 217
162 255
162 510
162 577
162 594
163 65
163 190
163 243
163 352
163 370
163 449
164 267
164 300
164 364
164 493
164 580
164 597
165 44
165 314
165 518
165 534
165 588
165 591
166 113
166 419
166 443
166 461
166 500
166 513
167 111
167 241
167 274
167 320
167 500
167 523
168 470
168 498
168 520
168 587
168 595
168 596
169 405
169 503
169 506
169 528
169 561
169 569
170 115
170 149
170 358
170 425
170 445
170 529
171 212
171 421
171 425
171 433
171 471
171 557
172 3
172 206
172 373
172 455
172 514
172 582
173 311
173 343
173 440
173 501
173 575
173 582
174 85
174 212
174 215
174 237
174 350
174 529
175 256
175 269
175 451
175 489
175 542
175 586
176 277
176 374
176 408
176 521
176 561
176 562
177 24
177 335
177 380
177 385
177 471
177 490
178 146
178 267
178 436
178 457
178 493
178 494
179 37
179 205
179 211
179 319
179 382
179 536
180 74
180 412
180 435
180 550
180 572
180 593
181 35
181 188
181 382
181 466
181 534
181 556
182 84
182 274
182 356
182 544
182 556
182 564
183 4
183 383
183 528
183 554
183 558
183 593
184 318
184 334
184 361
184 383
184 430
184 593
185 248
185 306
185 337
185 421
185 539
185 599
186 209
186 284
186 346
186 428
186 456
186 478
187 10
187 469
187 573
187 590
187 596
187 598
188 157
188 158
188 181
188 208
188 530
188 545
189 71
189 290
189 500
189 542
189 579
189 586
190 122
190 163
190 221
190 428
190 443
190 512
191 2
191 79
191 440
191 478
191 558
191 574
192 328
192 459
192 537
192 541
192 575
192 583
193 268
193 279
193 461
193 504
193 547
193 557
194 137
194 371
194 457
194 484
194 579
194 581
195 341
195 480
195 510
195 517
195 567
195 581
196 9
196 36
196 141
196 303
196 309
196 365
197 142
197 219
197 298
197 464
197 542
197 586
198 46
198 200
198 281
198 405
198 506
198 528
199 207
199 288
199 493
199 550
199 580
199 591
200 198
200 390
200 454
200 544
200 555
200 599
201 345
201 427
201 481
201 578
201 592
201 596
202 149
202 153
202 341
202 397
202 450
202 553
203 83
203 281
203 511
203 546
203 548
203 564
204 250
204 272
204 352
204 358
204 370
204 462
205 29
205 41
205 58
205 179
205 536
205 597
206 172
206 232
206 309
206 384
206 455
206 514
206 569
207 199
207 293
207 375
207 407
207 489
207 580
207 591
208 65
208 188
208 278
208 287
208 370
208 537
208 564
209 82
209 89
209 123
209 186
209 258
209 374
209 562
210 5
210 60
210 330
210 450
210 569
210 579
210 588
211 179
211 373
211 378
211 410
211 457
211 556
211 595
212 171
212 174
212 268
212 477
212 529
212 558
212 572
213 137
213 443
213 563
213 576
213 579
213 581
213 585
214 41
214 228
214 238
214 405
214 480
214 494
214 554
215 137
215 174
215 300
215 467
215 563
215 576
215 579
216 8
216 261
216 321
216 420
216 511
216 527
216 535
217 45
217 70
217 162
217 524
217 566
217 594
217 596
218 155
218 220
218 390
218 438
218 512
218 522
218 592
219 197
219 486
219 489
219 498
219 502
219 542
219 586
220 129
220 218
220 257
220 538
220 573
220 592
220 596
221 26
221 49
221 101
221 190
221 506
221 567
221 591
222 309
222 395
222 453
222 475
222 587
222 590
222 592
223 76
223 251
223 284
223 375
223 386
223 453
223 482
224 58
224 251
224 397
224 450
224 529
224 562
224 586
225 38
225 252
225 334
225 382
225 385
225 466
225 585
226 344
226 419
226 425
226 485
226 504
226 513
226 556
227 17
227 150
227 327
227 342
227 401
227 468
227 522
228 214
228 318
228 391
228 512
228 554
228 556
228 560
229 329
229 330
229 431
229 482
229 501
229 502
229 541
230 261
230 285
230 286
230 467
230 513
230 541
230 581
231 236
231 322
231 347
231 356
231 403
231 504
231 513
232 42
232 206
232 389
232 465
232 497
232 553
232 578
233 138
233 309
233 371
233 491
233 551
233 556
233 571
234 54
234 133
234 246
234 352
234 426
234 577
234 597
235 0
235 270
235 338
235 440
235 578
235 583
235 599
236 9
236 231
236 365
236 375
236 455
236 487
236 514
237 151
237 174
237 258
237 281
237 285
237 580
237 594
238 105
238 214
238 356
238 401
238 550
238 556
238 591
239 91
239 344
239 416
239 500
239 513
239 557
239 558
240 496
240 511
240 515
240 527
240 592
240 597
240 598
241 135
241 167
241 279
241 321
241 434
241 440
241 550
242 290
242 489
242 542
242 562
242 586
242 588
242 598
243 125
243 163
243 346
243 442
243 456
243 468
243 482
244 26
244 122
244 131
244 144
244 428
244 445
244 453
245 59
245 307
245 337
245 342
245 414
245 499
245 590
246 234
246 413
246 532
246 535
246 561
246 584
246 590
247 14
247 104
247 125
247 294
247 474
247 561
247 590
248 185
248 252
248 488
248 490
248 555
248 584
248 590
249 79
249 335
249 423
249 459
249 470
249 488
249 583
250 204
250 278
250 352
250 449
250 462
250 523
250 535
251 144
251 223
251 224
251 346
251 359
251 377
251 550
252 39
252 112
252 145
252 161
252 225
252 248
252 369
253 81
253 273
253 281
253 283
253 341
253 458
253 559
254 77
254 108
254 465
254 473
254 522
254 551
254 564
255 31
255 162
255 460
255 490
255 557
255 566
255 594
256 175
256 305
256 414
256 421
256 438
256 542
256 586
257 70
257 220
257 332
257 336
257 444
257 449
257 566
257 594
258 159
258 209
258 237
258 314
258 325
258 477
258 542
258 570
259 300
259 375
259 385
259 450
259 489
259 545
259 582
259 583
260 23
260 324
260 336
260 392
260 400
260 516
260 566
260 594
261 216
261 230
261 441
261 484
261 547
261 563
261 581
261 586
262 4
262 42
262 395
262 447
262 538
262 553
262 557
262 563
263 57
263 123
263 310
263 321
263 406
263 551
263 564
263 571
264 83
264 94
264 130
264 514
264 544
264 555
264 560
264 578
265 23
265 44
265 350
265 518
265 526
265 543
265 581
265 591
266 319
266 411
266 418
266 464
266 515
266 531
266 537
266 540
267 70
267 164
267 178
267 332
267 444
267 517
267 566
267 594
268 16
268 193
268 212
268 351
268 390
268 452
268 473
268 571
269 96
269 124
269 175
269 277
269 353
269 433
269 552
269 562
270 235
270 338
270 360
270 423
270 427
270 449
270 582
270 583
271 326
271 388
271 389
271 501
271 539
271 541
271 559
271 588
272 11
272 204
272 377
272 412
272 471
272 472
272 575
272 585
273 81
273 253
273 317
273 465
273 479
273 536
273 553
273 598
274 167
274 182
274 286
274 319
274 417
274 491
274 520
274 564
275 357
275 358
275 360
275 421
275 459
275 491
275 533
275 591
276 69
276 72
276 348
276 407
276 415
276 494
276 580
276 584
277 47
277 53
277 155
277 176
277 269
277 451
277 592
277 598
278 39
278 157
278 208
278 250
278 367
278 449
278 462
278 583
279 99
279 193
279 241
279 355
279 452
279 473
279 551
279 575
280 131
280 328
280 407
280 427
280 430
280 467
280 576
280 579
281 198
281 203
281 237
281 253
281 358
281 433
281 519
281 552
282 347
282 351
282 366
282 437
282 489
282 509
282 558
282 568
283 149
283 253
283 327
283 395
283 478
283 514
283 553
283 567
284 186
284 223
284 402
284 482
284 492
284 547
284 574
284 590
285 150
285 230
285 237
285 396
285 484
285 489
285 563
285 576
286 230
286 274
286 339
286 347
286 354
286 500
286 513
286 557
287 157
287 208
287 331
287 352
287 370
287 422
287 462
287 581
288 199
288 289
288 453
288 530
288 544
288 548
288 558
288 568
289 288
289 357
289 380
289 388
289 400
289 454
289 476
289 569
290 189
290 242
290 380
290 414
290 445
290 489
290 511
290 586
291 293
291 339
291 407
291 415
291 472
291 522
291 580
291 589
292 61
292 400
292 442
292 560
292 568
292 569
292 576
292 597
293 130
293 146
293 207
293 291
293 344
293 415
293 494
293 518
294 21
294 247
294 353
294 399
294 434
294 538
294 561
294 567
295 45
295 100
295 134
295 446
295 500
295 510
295 543
295 580
296 333
296 380
296 405
296 495
296 506
296 528
296 551
296 580
297 91
297 360
297 418
297 478
297 504
297 566
297 570
297 579
298 26
298 136
298 197
298 331
298 464
298 517
298 540
298 567
299 51
299 121
299 335
299 424
299 498
299 516
299 564
299 592
300 164
300 215
300 259
300 412
300 447
300 505
300 528
300 593
301 34
301 303
301 305
301 405
301 409
301 472
301 595
301 598
302 320
302 408
302 439
302 470
302 510
302 548
302 561
302 567
303 196
303 301
303 340
303 372
303 495
303 519
303 542
303 597
304 507
304 519
304 533
304 560
304 563
304 569
304 581
304 597
305 256
305 301
305 307
305 414
305 489
305 534
305 586
305 599
306 49
306 185
306 308
306 325
306 337
306 431
306 478
306 541
307 99
307 140
307 245
307 305
307 456
307 508
307 512
307 574
308 20
308 306
308 317
308 378
308 445
308 509
308 589
308 598
309 9
309 51
309 196
309 206
309 222
309 233
309 514
309 589
310 116
310 263
310 314
310 442
310 477
310 507
310 569
310 597
311 173
311 312
311 475
311 531
311 533
311 538
311 572
311 587
312 40
312 311
312 393
312 437
312 486
312 527
312 540
312 595
313 100
313 333
313 399
313 406
313 437
313 455
313 498
313 516
314 165
314 258
314 310
314 325
314 358
314 500
314 507
314 518
315 415
315 424
315 441
315 469
315 487
315 506
315 560
315 569
316 18
316 95
316 107
316 121
316 376
316 516
316 544
316 573
317 20
317 273
317 308
317 411
317 424
317 464
317 540
317 590
318 184
318 228
318 336
318 503
318 543
318 554
318 593
318 596
319 179
319 266
319 274
319 349
319 382
319 447
319 465
319 536
320 167
320 302
320 351
320 359
320 372
320 428
320 551
320 571
321 134
321 216
321 241
321 263
321 371
321 372
321 473
321 526
322 59
322 231
322 354
322 419
322 461
322 470
322 500
322 504
322 538
323 338
323 377
323 393
323 402
323 439
323 475
323 575
323 585
323 593
324 32
324 260
324 332
324 358
324 387
324 444
324 460
324 505
324 594
325 119
325 258
325 306
325 314
325 411
325 433
325 477
325 570
325 586
326 140
326 271
326 331
326 411
326 493
326 514
326 527
326 589
326 595
327 13
327 227
327 283
327 369
327 372
327 527
327 551
327 574
327 589
328 105
328 192
328 280
328 377
328 402
328 527
328 545
328 582
328 589
329 50
329 124
329 229
329 441
329 501
329 508
329 516
329 541
329 559
330 210
330 229
330 430
330 447
330 472
330 501
330 508
330 509
330 588
331 287
331 298
331 326
331 411
331 467
331 491
331 496
331 515
331 593
332 97
332 257
332 267
332 324
332 392
332 411
332 444
332 566
332 599
333 18
333 82
333 107
333 296
333 313
333 363
333 394
333 424
333 582
334 11
334 126
334 184
334 225
334 343
334 416
334 526
334 575
334 585
335 10
335 177
335 249
335 299
335 402
335 423
335 475
335 575
335 578
336 257
336 260
336 318
336 436
336 508
336 539
336 541
336 588
336 599
337 62
337 185
337 245
337 306
337 527
337 539
337 541
337 559
337 586
338 235
338 270
338 323
338 367
338 442
338 497
338 531
338 573
338 582
339 42
339 83
339 286
339 291
339 407
339 446
339 494
339 539
339 580
340 303
340 423
340 467
340 481
340 507
340 519
340 524
340 539
340 597
341 27
341 149
341 195
341 202
341 253
341 351
341 389
341 498
341 553
342 78
342 107
342 227
342 245
342 367
342 415
342 512
342 535
342 540
343 0
343 44
343 173
343 334
343 416
343 471
343 540
343 545
343 599
344 226
344 239
344 293
344 347
344 475
344 504
344 513
344 557
344 591
345 9
345 83
345 102
345 201
345 521
345 531
345 532
345 573
345 592
346 22
346 118
346 186
346 243
346 251
346 359
346 451
346 512
346 525
347 231
347 282
347 286
347 344
347 461
347 466
347 504
347 541
347 557
348 7
348 69
348 276
348 395
348 479
348 510
348 517
348 530
348 567
349 114
349 148
349 319
349 417
349 422
349 465
349 502
349 511
349 535
350 6
350 132
350 174
350 265
350 388
350 433
350 491
350 494
350 537
351 268
351 282
351 320
351 341
351 364
351 550
351 555
351 564
351 571
352 27
352 163
352 204
352 234
352 250
352 287
352 355
352 374
352 449
353 155
353 269
353 294
353 391
353 485
353 536
353 562
353 583
353 590
354 1
354 286
354 322
354 361
354 376
354 461
354 500
354 530
354 557
355 279
355 352
355 363
355 461
355 533
355 538
355 539
355 578
355 592
356 111
356 182
356 231
356 238
356 391
356 460
356 491
356 556
356 557
357 46
357 66
357 275
357 289
357 400
357 417
357 429
357 454
357 476
358 170
358 204
358 275
358 281
358 314
358 324
358 383
358 502
358 518
359 2
359 251
359 320
359 346
359 397
359 446
359 482
359 507
359 512
360 6
360 112
360 154
360 270
360 275
360 297
360 480
360 526
360 591
361 55
361 184
361 354
361 405
361 412
361 435
361 484
361 552
361 575
362 64
362 380
362 398
362 462
362 503
362 554
362 558
362 570
362 593
363 5
363 333
363 355
363 453
363 463
363 521
363 522
363 533
363 587
363 592
364 84
364 158
364 164
364 351
364 442
364 495
364 508
364 519
364 524
364 593
365 4
365 36
365 196
365 236
365 439
365 455
365 514
365 565
365 595
365 598
366 282
366 388
366 399
366 403
366 463
366 485
366 536
366 543
366 546
366 565
367 22
367 59
367 278
367 338
367 342
367 370
367 401
367 497
367 512
367 522
368 43
368 432
368 460
368 483
368 486
368 502
368 525
368 570
368 577
368 587
369 24
369 99
369 252
369 327
369 372
369 417
369 450
369 521
369 532
369 561
370 19
370 157
370 163
370 204
370 208
370 287
370 367
370 462
370 478
370 563
371 39
371 68
371 102
371 159
371 194
371 233
371 321
371 452
371 521
371 556
372 90
372 120
372 303
372 320
372 321
372 327
372 369
372 469
372 473
372 593
373 12
373 71
373 112
373 172
373 211
373 398
373 537
373 540
373 577
373 598
374 176
374 209
374 352
374 419
374 451
374 490
374 537
374 555
374 584
374 590
375 207
375 223
375 236
375 259
375 440
375 459
375 520
375 545
375 583
375 585
376 121
376 316
376 354
376 429
376 483
376 486
376 490
376 523
376 525
376 577
377 251
377 272
377 323
377 328
377 389
377 496
377 531
377 545
377 583
377 585
378 58
378 109
378 211
378 308
378 391
378 392
378 444
378 460
378 566
378 594
379 81
379 88
379 436
379 441
379 453
379 475
379 521
379 533
379 573
379 592
380 177
380 289
380 290
380 296
380 362
380 392
380 412
380 435
380 506
380 572
381 90
381 116
381 442
381 452
381 473
381 523
381 550
381 556
381 564
381 596
382 179
382 181
382 225
382 319
382 419
382 429
382 455
382 515
382 534
382 536
383 98
383 183
383 184
383 358
383 387
383 499
383 505
383 554
383 569
383 572
384 206
384 386
384 439
384 470
384 479
384 510
384 517
384 524
384 543
384 567
385 177
385 225
385 259
385 405
385 471
385 568
385 575
385 577
385 582
385 585
386 223
386 384
386 410
386 414
386 437
386 496
386 509
386 537
386 589
386 595
387 324
387 383
387 389
387 417
387 453
387 520
387 521
387 553
387 592
387 596
388 31
388 271
388 289
388 350
388 366
388 396
388 400
388 413
388 454
388 476
389 27
389 66
389 232
389 271
389 341
389 377
389 387
389 405
389 447
389 536
390 14
390 200
390 218
390 268
390 456
390 482
390 499
390 505
390 512
390 574
391 67
391 127
391 152
391 228
391 353
391 356
391 378
391 505
391 572
391 593
392 260
392 332
392 378
392 380
392 395
392 460
392 566
392 578
392 582
392 594
393 64
393 312
393 323
393 410
393 457
393 475
393 516
393 537
393 540
393 595
394 17
394 65
394 333
394 406
394 424
394 498
394 516
394 527
394 566
394 586
395 29
395 41
395 222
395 262
395 283
395 348
395 392
395 429
395 447
395 553
396 28
396 38
396 46
396 285
396 388
396 400
396 454
396 476
396 528
396 555
397 116
397 144
397 202
397 224
397 359
397 401
397 459
397 507
397 522
397 579
398 115
398 139
398 362
398 373
398 410
398 465
398 472
398 540
398 583
398 589
399 85
399 88
399 117
399 148
399 154
399 294
399 313
399 366
399 403
399 492
400 158
400 260
400 289
400 292
400 357
400 388
400 396
400 454
400 476
400 529
401 32
401 227
401 238
401 367
401 397
401 446
401 450
401 468
401 579
401 586
402 2
402 21
402 284
402 323
402 328
402 335
402 471
402 517
402 545
402 582
403 37
403 114
403 231
403 366
403 399
403 420
403 511
403 535
403 567
403 569
404 80
404 130
404 427
404 450
404 503
404 547
404 551
404 563
404 576
404 581
405 169
405 198
405 214
405 296
405 301
405 361
405 385
405 389
405 506
405 524
406 92
406 121
406 263
406 313
406 394
406 424
406 516
406 533
406 543
406 560
407 44
407 207
407 276
407 280
407 291
407 339
407 446
407 517
407 580
407 593
408 176
408 302
408 409
408 470
408 479
408 490
408 493
408 510
408 517
408 567
409 109
409 161
409 301
409 408
409 472
409 509
409 515
409 527
409 562
409 595
410 21
410 90
410 211
410 386
410 393
410 398
410 411
410 473
410 511
410 589
410 595
411 34
411 80
411 266
411 317
411 325
411 326
411 331
411 332
411 410
411 515
411 595
412 29
412 127
412 157
412 180
412 272
412 300
412 361
412 380
412 554
412 580
412 593
413 35
413 61
413 246
413 388
413 423
413 442
413 520
413 523
413 524
413 569
413 597
414 71
414 245
414 256
414 290
414 305
414 386
414 440
414 489
414 542
414 565
414 586
415 276
415 291
415 293
415 315
415 342
415 420
415 436
415 493
415 494
415 496
415 558
416 147
416 239
416 334
416 343
416 459
416 497
416 508
416 545
416 568
416 573
416 582
417 114
417 274
417 349
417 357
417 369
417 387
417 484
417 521
417 571
417 587
417 592
418 6
418 50
418 53
418 91
418 134
418 266
418 297
418 465
418 470
418 497
418 502
419 104
419 166
419 226
419 322
419 374
419 382
419 487
419 500
419 504
419 513
419 557
420 114
420 216
420 403
420 415
420 421
420 447
420 469
420 492
420 511
420 519
420 535
421 51
421 53
421 171
421 185
421 256
421 275
421 420
421 529
421 531
421 570
421 591
422 33
422 37
422 85
422 287
422 349
422 492
422 511
422 534
422 535
422 582
422 597
423 249
423 270
423 335
423 340
423 413
423 424
423 459
423 497
423 528
423 583
423 585
424 17
424 112
424 299
424 315
424 317
424 333
424 394
424 406
424 423
424 498
424 516
425 18
425 43
425 104
425 132
425 160
425 170
425 171
425 226
425 552
425 591
425 599
426 126
426 234
426 432
426 483
426 486
426 498
426 523
426 525
426 560
426 577
426 586
427 201
427 270
427 280
427 404
427 467
427 468
427 515
427 563
427 576
427 579
427 581
428 26
428 49
428 101
428 131
428 186
428 190
428 244
428 320
428 443
428 504
428 574
429 73
429 357
429 376
429 382
429 395
429 474
429 483
429 487
429 523
429 525
429 577
430 122
430 130
430 184
430 280
430 330
430 451
430 454
430 467
430 563
430 579
430 581
431 14
431 17
431 229
431 306
431 438
431 458
431 501
431 508
431 564
431 576
431 588
432 73
432 77
432 368
432 426
432 437
432 482
432 523
432 525
432 536
432 539
432 577
433 45
433 62
433 119
433 171
433 269
433 281
433 325
433 350
433 549
433 552
433 591
434 87
434 96
434 141
434 241
434 294
434 452
434 460
434 474
434 532
434 554
434 584
435 33
435 140
435 180
435 361
435 380
435 486
435 505
435 528
435 536
435 574
435 593
436 72
436 178
436 336
436 379
436 415
436 493
436 494
436 547
436 554
436 580
436 591
437 25
437 74
437 282
437 312
437 313
437 386
437 432
437 458
437 543
437 565
437 599
438 18
438 36
438 103
438 128
438 218
438 256
438 431
438 468
438 482
438 545
438 547
439 15
439 302
439 323
439 365
439 384
439 470
439 479
439 510
439 517
439 556
439 567
440 173
440 191
440 235
440 241
440 375
440 414
440 497
440 575
440 582
440 585
440 599
441 52
441 261
441 315
441 329
441 379
441 446
441 448
441 487
441 524
441 560
441 569
441 598
442 119
442 243
442 292
442 310
442 338
442 364
442 381
442 413
442 448
442 495
442 571
442 597
443 49
443 101
443 115
443 122
443 131
443 153
443 166
443 190
443 213
443 428
443 503
443 581
444 109
444 257
444 267
444 324
444 332
444 378
444 460
444 505
444 537
444 563
444 566
444 593
445 10
445 56
445 170
445 244
445 290
445 308
445 477
445 531
445 549
445 554
445 556
445 570
446 295
446 339
446 359
446 401
446 407
446 441
446 493
446 494
446 532
446 553
446 580
446 591
447 66
447 82
447 149
447 157
447 262
447 300
447 319
447 330
447 389
447 395
447 420
447 465
448 52
448 95
448 148
448 156
448 441
448 442
448 495
448 507
448 524
448 555
448 560
448 569
449 65
449 158
449 163
449 250
449 257
449 270
449 278
449 352
449 462
449 506
449 547
449 574
450 11
450 128
450 202
450 210
450 224
450 259
450 369
450 401
450 404
450 499
450 534
450 547
451 128
451 141
451 156
451 175
451 277
451 346
451 374
451 430
451 477
451 532
451 562
451 590
452 12
452 40
452 99
452 268
452 279
452 371
452 381
452 434
452 549
452 564
452 571
452 576
453 222
453 223
453 244
453 288
453 363
453 379
453 387
453 469
453 544
453 552
453 587
453 596
454 28
454 31
454 200
454 289
454 357
454 388
454 396
454 400
454 430
454 476
454 532
454 557
455 3
455 4
455 36
455 172
455 206
455 236
455 313
455 365
455 382
455 483
455 514
455 595
456 32
456 58
456 186
456 243
456 307
456 390
456 463
456 474
456 491
456 510
456 571
456 574
457 178
457 194
457 211
457 393
457 458
457 496
457 509
457 515
457 537
457 540
457 563
457 581
458 30
458 253
458 431
458 437
458 457
458 485
458 496
458 541
458 543
458 544
458 555
458 599
459 192
459 249
459 275
459 375
459 397
459 416
459 423
459 479
459 488
459 564
459 583
459 585
460 102
460 255
460 324
460 356
460 368
460 378
460 392
460 434
460 444
460 566
460 584
460 594
461 33
461 159
461 166
461 193
461 322
461 347
461 354
461 355
461 513
461 557
461 566
461 575
462 158
462 204
462 250
462 278
462 287
462 362
462 370
462 449
462 469
462 568
462 574
462 594
463 129
463 363
463 366
463 456
463 468
463 530
463 543
463 546
463 548
463 555
463 575
463 586
464 137
464 197
464 266
464 298
464 317
464 496
464 527
464 531
464 537
464 552
464 589
464 594
465 66
465 232
465 254
465 273
465 319
465 349
465 398
465 418
465 447
465 528
465 534
465 536
465 553
466 38
466 39
466 43
466 50
466 112
466 145
466 181
466 225
466 347
466 472
466 481
466 572
466 595
467 150
467 215
467 230
467 280
467 331
467 340
467 427
467 430
467 472
467 477
467 484
467 528
467 576
468 24
468 227
468 243
468 401
468 427
468 438
468 463
468 475
468 499
468 538
468 547
468 574
468 592
469 160
469 187
469 315
469 372
469 420
469 453
469 462
469 521
469 538
469 549
469 573
469 592
469 596
470 168
470 249
470 302
470 322
470 384
470 408
470 418
470 439
470 502
470 510
470 513
470 517
470 567
471 147
471 171
471 177
471 272
471 343
471 385
471 402
471 497
471 526
471 565
471 585
471 587
471 588
472 40
472 138
472 272
472 291
472 301
472 330
472 398
472 409
472 466
472 467
472 509
472 540
472 589
473 254
473 268
473 279
473 321
473 372
473 381
473 410
473 476
473 517
473 556
473 571
473 584
473 591
474 21
474 26
474 247
474 429
474 434
474 456
474 490
474 496
474 503
474 521
474 532
474 562
474 598
475 222
475 311
475 323
475 335
475 344
475 379
475 393
475 468
475 521
475 570
475 573
475 587
475 596
476 27
476 31
476 289
476 357
476 388
476 396
476 400
476 454
476 473
476 482
476 515
476 533
476 552
477 68
477 134
477 151
477 158
477 212
477 258
477 310
477 325
477 445
477 451
477 467
477 529
477 570
478 8
478 58
478 78
478 186
478 191
478 283
478 297
478 306
478 370
478 499
478 512
478 534
478 574
479 69
479 273
479 348
479 384
479 408
479 439
479 459
479 489
479 503
479 510
479 517
479 567
479 573
480 49
480 98
480 102
480 108
480 140
480 159
480 195
480 214
480 360
480 506
480 550
480 558
480 572
481 25
481 61
481 201
481 340
481 466
481 487
481 495
481 507
481 509
481 515
481 519
481 583
481 597
482 2
482 6
482 28
482 144
482 223
482 229
482 243
482 284
482 359
482 390
482 432
482 438
482 476
482 508
483 133
483 368
483 376
483 426
483 429
483 455
483 486
483 502
483 523
483 525
483 547
483 548
483 572
483 577
484 37
484 55
484 57
484 135
484 194
484 261
484 285
484 361
484 417
484 467
484 501
484 531
484 576
484 581
485 19
485 57
485 97
485 123
485 143
485 226
485 353
485 366
485 458
485 543
485 555
485 559
485 568
485 577
486 54
486 219
486 312
486 368
486 376
486 426
486 435
486 483
486 491
486 502
486 516
486 525
486 551
486 577
487 13
487 236
487 315
487 419
487 429
487 441
487 481
487 507
487 510
487 526
487 550
487 560
487 569
487 597
488 21
488 89
488 104
488 117
488 156
488 248
488 249
488 459
488 532
488 534
488 544
488 561
488 584
488 598
489 175
489 207
489 219
489 242
489 259
489 282
489 285
489 290
489 305
489 414
489 479
489 492
489 542
489 586
490 87
490 96
490 101
490 177
490 248
490 255
490 374
490 376
490 408
490 474
490 497
490 532
490 584
490 590
491 51
491 53
491 233
491 274
491 275
491 331
491 350
491 356
491 456
491 486
491 502
491 528
491 556
491 597
492 1
492 8
492 88
492 148
492 284
492 399
492 420
492 422
492 489
492 511
492 523
492 571
492 591
492 596
493 0
493 72
493 122
493 164
493 178
493 199
493 326
493 408
493 415
493 436
493 446
493 494
493 580
493 597
494 178
494 214
494 276
494 293
494 339
494 350
494 415
494 436
494 446
494 493
494 495
494 552
494 578
494 591
495 25
495 151
495 296
495 303
495 364
495 442
495 448
495 481
495 494
495 519
495 522
495 560
495 577
495 597
496 126
496 240
496 331
496 377
496 386
496 415
496 457
496 458
496 464
496 474
496 515
496 571
496 589
496 595
497 54
497 134
497 232
497 338
497 367
497 416
497 418
497 423
497 440
497 471
497 490
497 545
497 575
497 582
497 583
498 17
498 18
498 54
498 92
498 95
498 168
498 219
498 299
498 313
498 341
498 394
498 424
498 426
498 516
498 534
499 16
499 76
499 78
499 116
499 245
499 383
499 390
499 450
499 468
499 478
499 547
499 548
499 580
499 585
499 596
500 166
500 167
500 189
500 239
500 286
500 295
500 314
500 322
500 354
500 419
500 504
500 513
500 540
500 557
500 595
501 94
501 107
501 173
501 229
501 271
501 329
501 330
501 431
501 484
501 541
501 559
501 588
501 593
501 596
501 599
502 5
502 219
502 229
502 349
502 358
502 368
502 418
502 470
502 483
502 486
502 491
502 529
502 535
502 552
502 577
503 55
503 93
503 108
503 169
503 318
503 362
503 404
503 443
503 474
503 479
503 504
503 506
503 528
503 554
503 572
504 120
504 155
504 193
504 226
504 231
504 297
504 322
504 344
504 347
504 419
504 428
504 500
504 503
504 557
504 582
505 127
505 132
505 140
505 300
505 324
505 383
505 390
505 391
505 435
505 444
505 528
505 540
505 572
505 593
505 594
506 67
506 96
506 169
506 198
506 221
506 296
506 315
506 380
506 405
506 449
506 480
506 503
506 541
506 554
506 591
507 25
507 84
507 99
507 145
507 304
507 310
507 314
507 340
507 359
507 397
507 448
507 481
507 487
507 546
507 560
508 124
508 139
508 140
508 307
508 329
508 330
508 336
508 364
508 416
508 431
508 482
508 509
508 539
508 541
508 559
509 71
509 127
509 282
509 308
509 330
509 386
509 409
509 457
509 472
509 481
509 508
509 515
509 588
509 589
509 595
510 136
510 162
510 195
510 295
510 302
510 348
510 384
510 408
510 439
510 456
510 470
510 479
510 487
510 517
510 542
510 567
511 33
511 37
511 117
511 203
511 216
511 240
511 290
511 349
511 403
511 410
511 420
511 422
511 492
511 535
511 547
511 561
512 24
512 103
512 151
512 190
512 218
512 228
512 307
512 342
512 346
512 359
512 367
512 390
512 478
512 550
512 572
512 575
513 121
513 166
513 226
513 230
513 231
513 239
513 286
513 344
513 419
513 461
513 470
513 500
513 515
513 518
513 530
513 557
514 3
514 4
514 36
514 172
514 206
514 236
514 264
514 283
514 309
514 326
514 365
514 455
514 522
514 525
514 545
514 559
515 240
515 266
515 331
515 382
515 409
515 411
515 427
515 457
515 476
515 481
515 496
515 509
515 513
515 543
515 589
515 598
516 92
516 95
516 109
516 260
516 299
516 313
516 316
516 329
516 393
516 394
516 406
516 424
516 486
516 498
516 565
516 591
517 195
517 267
517 298
517 348
517 384
517 402
517 407
517 408
517 439
517 470
517 473
517 479
517 510
517 524
517 561
517 567
518 44
518 92
518 113
518 133
518 154
518 165
518 265
518 293
518 314
518 358
518 513
518 521
518 526
518 565
518 570
518 575
519 84
519 95
519 142
519 281
519 303
519 304
519 340
519 364
519 420
519 481
519 495
519 524
519 569
519 582
519 588
519 597
520 11
520 12
520 45
520 63
520 168
520 274
520 375
520 387
520 413
520 521
520 525
520 531
520 538
520 573
520 592
520 599
521 148
521 176
521 345
521 363
521 369
521 371
521 379
521 387
521 417
521 469
521 474
521 475
521 518
521 520
521 578
521 585
522 32
522 76
522 79
522 90
522 128
522 137
522 218
522 227
522 254
522 291
522 363
522 367
522 397
522 495
522 514
522 534
523 54
523 116
523 133
523 167
523 250
523 376
523 381
523 413
523 426
523 429
523 432
523 483
523 492
523 525
523 533
523 577
524 13
524 97
524 146
524 217
524 340
524 364
524 384
524 405
524 413
524 441
524 448
524 517
524 519
524 529
524 569
524 597
525 24
525 96
525 98
525 346
525 368
525 376
525 426
525 429
525 432
525 483
525 486
525 514
525 520
525 523
525 563
525 577
526 45
526 51
526 101
526 132
526 139
526 161
526 265
526 321
526 334
526 360
526 471
526 487
526 518
526 529
526 552
526 570
526 582
527 71
527 115
527 138
527 216
527 240
527 312
527 326
527 327
527 328
527 337
527 394
527 409
527 464
527 537
527 540
527 569
527 593
528 48
528 169
528 183
528 198
528 296
528 300
528 396
528 423
528 435
528 465
528 467
528 491
528 503
528 505
528 551
528 554
528 572
529 113
529 135
529 151
529 170
529 174
529 212
529 224
529 400
529 421
529 477
529 502
529 524
529 526
529 549
529 552
529 575
529 581
530 63
530 69
530 74
530 106
530 113
530 188
530 288
530 348
530 354
530 463
530 513
530 543
530 548
530 558
530 565
530 568
530 599
531 7
531 56
531 266
531 311
531 338
531 345
531 377
531 421
531 445
531 464
531 484
531 520
531 549
531 573
531 578
531 587
531 592
532 75
532 78
532 82
532 88
532 246
532 345
532 369
532 434
532 446
532 451
532 454
532 474
532 488
532 490
532 561
532 562
532 590
533 7
533 126
533 275
533 304
533 311
533 355
533 363
533 379
533 406
533 476
533 523
533 537
533 549
533 573
533 592
533 596
533 598
534 22
534 38
534 39
534 50
534 59
534 165
534 181
534 305
534 382
534 422
534 450
534 465
534 478
534 488
534 498
534 522
534 594
535 1
535 8
535 73
535 85
535 88
535 148
535 216
535 246
535 250
535 342
535 349
535 403
535 420
535 422
535 502
535 511
535 596
536 41
536 81
536 136
536 179
536 205
536 273
536 319
536 353
536 366
536 382
536 389
536 432
536 435
536 465
536 559
536 570
536 587
537 40
537 192
537 208
537 266
537 350
537 373
537 374
537 386
537 393
537 444
537 457
537 464
537 527
537 533
537 559
537 595
537 598
538 47
538 117
538 220
538 262
538 294
538 311
538 322
538 355
538 468
538 469
538 520
538 539
538 545
538 549
538 572
538 578
538 587
538 596
539 48
539 62
539 120
539 185
539 271
539 336
539 337
539 339
539 340
539 355
539 432
539 508
539 538
539 559
539 566
539 585
539 588
539 599
540 131
540 266
540 298
540 312
540 317
540 342
540 343
540 373
540 393
540 398
540 457
540 472
540 500
540 505
540 527
540 562
540 570
540 589
541 60
541 192
541 229
541 230
541 271
541 306
541 329
541 336
541 337
541 347
541 458
541 501
541 506
541 508
541 542
541 559
541 570
541 588
542 119
542 142
542 175
542 189
542 197
542 219
542 242
542 256
542 258
542 303
542 414
542 489
542 510
542 541
542 549
542 586
542 596
542 598
543 32
543 152
543 265
543 295
543 318
543 366
543 384
543 406
543 437
543 458
543 463
543 485
543 515
543 530
543 548
543 558
543 565
543 568
544 61
544 85
544 94
544 97
544 127
544 182
544 200
544 264
544 288
544 316
544 453
544 458
544 488
544 546
544 555
544 558
544 565
544 566
545 16
545 188
545 259
545 328
545 343
545 375
545 377
545 402
545 416
545 438
545 497
545 514
545 538
545 572
545 575
545 582
545 583
545 587
546 23
546 72
546 76
546 86
546 143
546 152
546 203
546 366
546 463
546 507
546 544
546 549
546 551
546 555
546 565
546 568
546 592
546 599
547 67
547 144
547 150
547 193
547 261
547 284
547 404
547 436
547 438
547 449
547 450
547 468
547 483
547 499
547 511
547 570
547 579
547 581
548 30
548 65
548 83
548 141
548 203
548 288
548 302
548 463
548 483
548 499
548 530
548 543
548 553
548 558
548 565
548 568
548 585
548 599
549 47
549 80
549 136
549 433
549 445
549 452
549 469
549 529
549 531
549 533
549 538
549 542
549 546
549 563
549 578
549 580
549 587
549 596
550 55
550 68
550 77
550 105
550 125
550 180
550 199
550 238
550 241
550 251
550 351
550 381
550 480
550 487
550 512
550 564
550 571
550 578
550 584
551 16
551 40
551 68
551 77
551 125
551 132
551 233
551 254
551 263
551 279
551 296
551 320
551 327
551 404
551 486
551 528
551 546
551 556
551 571
552 91
552 132
552 154
552 160
552 161
552 269
552 281
552 361
552 425
552 433
552 453
552 464
552 476
552 494
552 502
552 526
552 529
552 554
552 570
553 29
553 42
553 110
553 136
553 156
553 202
553 232
553 262
553 273
553 283
553 341
553 387
553 395
553 446
553 465
553 548
553 555
553 566
553 568
554 7
554 73
554 159
554 183
554 214
554 228
554 318
554 362
554 383
554 412
554 434
554 436
554 445
554 503
554 506
554 528
554 552
554 572
554 573
555 75
555 97
555 129
555 200
555 248
555 264
555 351
555 374
555 396
555 448
555 458
555 463
555 485
555 544
555 546
555 553
555 558
555 561
555 565
556 41
556 111
556 125
556 181
556 182
556 211
556 226
556 228
556 233
556 238
556 356
556 371
556 381
556 439
556 445
556 473
556 491
556 551
556 566
557 48
557 110
557 171
557 193
557 239
557 255
557 262
557 286
557 344
557 347
557 354
557 356
557 419
557 454
557 461
557 500
557 504
557 513
557 564
558 77
558 106
558 143
558 152
558 183
558 191
558 212
558 239
558 282
558 288
558 362
558 415
558 480
558 530
558 543
558 544
558 548
558 555
558 565
559 14
559 22
559 48
559 60
559 120
559 153
559 253
559 271
559 329
559 337
559 485
559 501
559 508
559 514
559 536
559 537
559 539
559 541
559 588
560 35
560 52
560 100
560 228
560 264
560 292
560 304
560 315
560 406
560 426
560 441
560 448
560 487
560 495
560 507
560 565
560 569
560 573
560 597
561 15
561 22
561 34
561 60
561 104
561 156
561 169
561 176
561 246
561 247
561 294
561 302
561 369
561 488
561 511
561 517
561 532
561 555
561 584
561 590
562 30
562 34
562 82
562 86
562 155
562 176
562 209
562 224
562 242
562 269
562 353
562 409
562 451
562 474
562 532
562 540
562 564
562 590
562 595
562 598
563 117
563 118
563 135
563 137
563 213
563 215
563 261
563 262
563 285
563 304
563 370
563 404
563 427
563 430
563 444
563 457
563 525
563 549
563 576
563 579
564 16
564 74
564 123
564 182
564 203
564 208
564 254
564 263
564 274
564 299
564 351
564 381
564 431
564 452
564 459
564 550
564 557
564 562
564 571
564 577
565 75
565 152
565 365
565 366
565 414
565 437
565 471
565 516
565 518
565 530
565 543
565 544
565 546
565 548
565 555
565 558
565 560
565 567
565 568
565 579
566 9
566 23
566 217
566 255
566 257
566 260
566 267
566 297
566 332
566 378
566 392
566 394
566 444
566 460
566 461
566 539
566 544
566 553
566 556
566 594
567 30
567 69
567 143
567 146
567 195
567 221
567 283
567 294
567 298
567 302
567 348
567 384
567 403
567 408
567 439
567 470
567 479
567 510
567 517
567 565
568 75
568 94
568 129
568 282
568 288
568 292
568 385
568 416
568 462
568 485
568 530
568 543
568 546
568 548
568 553
568 565
568 571
568 576
568 594
568 599
569 35
569 169
569 206
569 210
569 289
569 292
569 304
569 310
569 315
569 383
569 403
569 413
569 441
569 448
569 487
569 519
569 524
569 527
569 560
569 595
570 35
570 100
570 113
570 154
570 160
570 258
570 297
570 325
570 362
570 368
570 421
570 445
570 475
570 477
570 518
570 526
570 536
570 540
570 541
570 547
570 552
571 90
571 105
571 151
571 233
571 263
571 268
571 320
571 351
571 417
571 442
571 452
571 456
571 473
571 492
571 496
571 550
571 551
571 564
571 568
571 585
571 592
572 19
572 64
572 102
572 108
572 127
572 180
572 212
572 311
572 380
572 383
572 391
572 466
572 480
572 483
572 503
572 505
572 512
572 528
572 538
572 545
572 554
573 7
573 56
573 76
573 80
573 123
573 187
573 220
573 316
573 338
573 345
573 379
573 416
573 469
573 475
573 479
573 520
573 531
573 533
573 554
573 560
573 589
574 13
574 79
574 103
574 114
574 116
574 128
574 191
574 284
574 307
574 327
574 390
574 428
574 435
574 449
574 456
574 462
574 468
574 478
574 584
574 588
574 589
575 11
575 147
575 173
575 192
575 272
575 279
575 323
575 334
575 335
575 361
575 385
575 440
575 461
575 463
575 497
575 512
575 518
575 529
575 545
575 584
575 585
576 15
576 124
576 130
576 135
576 145
576 213
576 215
576 280
576 285
576 292
576 404
576 427
576 431
576 452
576 467
576 484
576 563
576 568
576 579
576 581
576 583
577 73
577 84
577 133
577 162
577 234
577 368
577 373
577 376
577 385
577 426
577 429
577 432
577 483
577 485
577 486
577 495
577 502
577 523
577 525
577 564
577 585
578 12
578 47
578 53
578 63
578 80
578 150
578 201
578 232
578 235
578 264
578 335
578 355
578 392
578 494
578 521
578 531
578 538
578 549
578 550
578 587
578 596
579 57
579 111
579 118
579 130
579 189
579 194
579 210
579 213
579 215
579 280
579 297
579 397
579 401
579 427
579 430
579 547
579 563
579 565
579 576
579 581
579 597
580 28
580 68
580 146
580 164
580 199
580 207
580 237
580 276
580 291
580 295
580 296
580 339
580 407
580 412
580 436
580 446
580 493
580 499
580 549
580 590
580 591
581 57
581 66
581 118
581 152
581 194
581 195
581 213
581 230
581 261
581 265
581 287
581 304
581 404
581 427
581 430
581 443
581 457
581 484
581 529
581 547
581 576
581 579
582 118
582 172
582 173
582 259
582 270
582 328
582 333
582 338
582 385
582 392
582 402
582 416
582 422
582 440
582 497
582 504
582 519
582 526
582 545
582 583
582 585
582 587
583 98
583 106
583 147
583 155
583 192
583 235
583 249
583 259
583 270
583 278
583 353
583 375
583 377
583 398
583 423
583 459
583 481
583 497
583 545
583 576
583 582
583 588
584 15
584 34
584 72
584 87
584 118
584 141
584 154
584 246
584 248
584 276
584 374
584 434
584 460
584 473
584 488
584 490
584 550
584 561
584 574
584 575
584 590
584 598
585 0
585 20
585 213
585 225
585 272
585 323
585 334
585 375
585 377
585 385
585 423
585 440
585 459
585 471
585 499
585 521
585 539
585 548
585 571
585 575
585 577
585 582
585 598
586 119
586 142
586 175
586 189
586 197
586 219
586 224
586 242
586 256
586 261
586 290
586 305
586 325
586 337
586 394
586 401
586 414
586 426
586 463
586 489
586 542
586 597
586 598
587 10
587 63
587 70
587 105
587 139
587 168
587 222
587 311
587 363
587 368
587 417
587 453
587 471
587 475
587 531
587 536
587 538
587 545
587 549
587 578
587 582
587 596
587 599
588 5
588 14
588 89
588 106
588 139
588 165
588 210
588 242
588 271
588 330
588 336
588 431
588 471
588 501
588 509
588 519
588 539
588 541
588 559
588 574
588 583
588 596
588 599
589 20
589 59
589 133
589 138
589 149
589 291
589 308
589 309
589 326
589 327
589 328
589 386
589 398
589 410
589 464
589 472
589 496
589 509
589 515
589 540
589 573
589 574
589 598
590 2
590 52
590 93
590 138
590 141
590 187
590 222
590 245
590 246
590 247
590 248
590 284
590 317
590 353
590 374
590 451
590 490
590 532
590 561
590 562
590 580
590 584
590 591
590 598
591 3
591 146
591 161
591 165
591 199
591 207
591 221
591 238
591 265
591 275
591 344
591 360
591 421
591 425
591 433
591 436
591 446
591 473
591 492
591 494
591 506
591 516
591 580
591 590
592 61
592 103
592 126
592 201
592 218
592 220
592 222
592 240
592 277
592 299
592 345
592 355
592 363
592 379
592 387
592 417
592 468
592 469
592 520
592 531
592 533
592 546
592 571
592 596
593 52
593 64
593 67
593 98
593 159
593 180
593 183
593 184
593 300
593 318
593 323
593 331
593 362
593 364
593 372
593 391
593 407
593 412
593 435
593 444
593 501
593 505
593 527
593 597
594 1
594 23
594 25
594 31
594 70
594 109
594 162
594 217
594 237
594 255
594 257
594 260
594 267
594 324
594 378
594 392
594 460
594 462
594 464
594 505
594 534
594 566
594 568
594 599
595 3
595 115
595 138
595 145
595 168
595 211
595 301
595 312
595 326
595 365
595 386
595 393
595 409
595 410
595 411
595 455
595 466
595 496
595 500
595 509
595 537
595 562
595 569
595 597
596 87
596 117
596 168
596 187
596 201
596 217
596 220
596 318
596 381
596 387
596 453
596 469
596 475
596 492
596 499
596 501
596 533
596 535
596 538
596 542
596 549
596 578
596 587
596 588
596 592
597 13
597 164
597 205
597 234
597 240
597 292
597 303
597 304
597 310
597 340
597 413
597 422
597 442
597 481
597 487
597 491
597 493
597 495
597 519
597 524
597 560
597 579
597 586
597 593
597 595
598 15
598 93
598 106
598 187
598 240
598 242
598 273
598 277
598 301
598 308
598 365
598 373
598 441
598 474
598 488
598 515
598 533
598 537
598 542
598 562
598 584
598 585
598 586
598 589
598 590
599 42
599 48
599 62
599 86
599 185
599 200
599 235
599 305
599 332
599 336
599 343
599 425
599 437
599 440
599 458
599 501
599 520
599 530
599 539
599 546
599 548
599 568
599 587
599 588
599 594
