580 650
24 743
288 750
743 774
208 663
560 598
416 624
527 799
448 769
661 693
421 715
305 747
431 480
580 717
273 460
238 611
700 780
148 781
167 737
171 738
667 761
693 738
487 624
525 626
195 529
428 566
576 796
624 774
278 793
650 753
17 331
744 767
494 609
494 750
744 796
107 751
333 788
126 737
363 650
331 715
629 636
196 782
608 626
110 195
170 669
252 743
551 765
580 609
363 710
663 723
483 675
717 782
65 749
417 750
428 678
32 753
416 747
215 781
263 765
626 747
14 767
263 667
282 765
305 576
491 700
312 751
167 196
480 715
516 631
449 487
551 668
277 625
32 675
384 765
328 346
554 611
669 743
511 744
648 780
663 796
305 683
433 510
604 744
667 749
767 781
710 717
747 782
171 472
598 747
127 769
511 732
636 767
414 747
64 294
135 170
611 774
421 631
472 693
604 723
77 171
38 580
428 751
282 750
769 793
732 796
643 747
483 626
252 449
214 486
511 628
573 611
107 678
214 472
148 632
461 719
651 765
701 747
312 782
624 743
307 765
661 669
431 778
570 767
238 750
214 747
167 331
298 701
228 737
384 737
164 487
723 796
273 510
282 679
378 749
472 669
450 628
636 788
690 710
582 781
47 100
410 780
8 793
4 796
251 629
527 643
144 663
650 690
4 598
282 298
449 554
611 669
238 573
625 690
669 774
719 780
24 669
263 737
469 503
643 683
303 778
560 604
100 693
106 343
624 626
480 727
651 679
387 537
527 738
492 723
231 796
701 782
421 551
648 788
450 727
516 663
631 782
278 678
122 525
781 788
251 278
566 675
683 778
414 608
17 778
482 523
510 701
527 747
700 719
247 597
132 793
403 547
174 597
650 769
576 738
643 749
580 593
584 778
127 364
723 738
608 778
148 421
187 799
582 743
747 799
17 608
174 793
191 270
427 700
449 624
494 632
87 788
298 303
394 661
380 628
14 719
351 727
268 715
387 668
414 799
525 690
609 678
675 710
8 460
516 744
105 629
215 744
298 472
89 110
87 719
65 732
510 793
491 780
307 651
187 576
303 472
346 609
727 753
286 788
380 661
576 683
492 516
701 738
343 410
373 747
516 675
611 743
249 675
597 781
89 663
351 732
363 753
628 693
122 448
135 582
215 514
175 449
306 765
626 710
788 796
343 570
77 631
135 277
35 195
335 717
394 554
251 793
491 636
628 744
335 529
651 749
18 301
373 410
248 668
625 650
521 566
132 174
148 715
263 761
486 547
21 268
738 782
282 761
778 799
91 449
135 597
91 364
52 765
335 427
503 750
628 796
351 663
608 799
491 629
196 799
277 615
492 604
667 737
512 597
89 767
378 765
333 570
433 769
732 744
202 303
483 690
47 584
270 416
624 661
122 793
256 576
416 597
503 511
482 521
252 573
449 750
38 416
343 788
636 719
65 679
547 615
167 648
294 335
252 753
8 650
414 701
200 340
32 650
609 615
388 767
35 529
472 747
523 710
298 738
288 551
248 537
32 582
231 723
294 364
523 690
89 195
525 650
486 487
523 648
636 700
719 767
228 749
175 427
312 717
632 781
761 765
643 793
77 238
286 340
106 780
328 767
410 767
305 661
251 433
256 778
248 663
127 793
388 629
380 774
268 373
18 608
611 719
625 626
450 796
428 608
247 700
105 636
4 663
200 648
749 765
448 510
512 669
491 723
174 278
24 774
527 693
226 461
333 648
648 732
661 743
403 715
570 780
727 732
91 793
21 387
164 301
301 796
294 593
164 743
615 717
701 778
626 690
661 774
629 780
208 626
252 774
421 547
126 460
469 537
450 723
514 732
364 793
593 609
238 774
433 793
683 782
715 750
208 551
200 388
238 669
331 461
394 799
403 668
122 769
486 683
333 719
273 769
643 715
144 604
448 460
678 717
483 753
492 732
527 560
450 560
554 743
636 669
683 701
514 727
525 625
632 750
732 737
214 678
214 363
373 750
494 636
537 715
580 678
380 624
301 782
448 793
433 512
394 774
202 403
626 753
52 679
487 573
679 765
482 753
16 529
523 650
249 625
727 796
363 675
631 738
202 373
103 799
651 667
294 529
537 547
608 738
523 582
523 753
64 175
469 668
570 700
628 651
87 629
576 778
331 782
52 278
306 761
514 796
737 761
573 661
16 89
208 750
598 796
608 643
346 751
604 799
200 461
187 486
525 710
767 780
277 580
482 566
651 737
202 628
598 744
21 715
732 749
107 335
77 778
91 340
47 693
417 494
312 512
106 767
346 597
460 769
580 751
35 427
487 743
648 767
486 738
491 788
693 799
247 781
105 780
328 751
378 761
727 761
593 615
380 669
170 781
421 750
110 719
431 584
16 335
710 753
417 715
303 431
103 693
737 749
410 701
566 753
228 525
486 643
628 732
273 793
103 778
144 628
167 738
643 782
723 744
306 384
251 769
491 767
551 632
663 727
560 796
598 732
214 769
527 631
480 628
679 737
629 700
667 679
679 767
340 648
288 503
537 668
191 669
384 761
584 747
560 744
525 753
364 433
226 780
668 750
373 715
494 547
723 727
148 527
208 632
747 778
256 693
164 774
364 448
482 690
256 782
144 343
164 661
301 799
480 744
547 750
584 643
249 753
410 788
8 769
511 516
604 727
749 761
510 669
132 525
228 378
18 693
529 751
511 796
723 732
503 668
719 788
503 547
511 598
767 788
651 761
100 701
331 799
679 749
512 781
778 793
710 793
307 761
700 788
387 551
431 782
268 469
226 486
294 427
52 737
249 710
351 560
384 749
460 793
582 597
625 675
248 469
780 788
175 195
584 683
448 774
483 521
529 566
305 631
648 700
132 769
625 753
171 301
187 631
598 663
701 799
417 668
472 492
388 788
110 529
340 780
482 710
521 675
14 570
566 690
328 615
126 667
91 769
394 743
428 615
480 723
270 781
679 761
765 780
202 494
307 749
492 727
351 480
608 631
191 774
510 769
288 632
4 593
554 774
584 799
604 796
387 584
643 799
231 744
700 767
516 796
414 782
576 782
306 667
523 566
64 427
448 778
737 765
65 651
503 632
126 749
551 753
521 626
461 788
514 570
14 730
18 692
21 770
38 692
47 500
64 377
87 655
100 746
103 746
5 105
105 770
106 653
110 756
122 748
126 418
62 127
132 784
171 213
171 673
174 703
175 757
187 692
191 783
196 784
200 205
215 790
80 231
247 391
251 720
252 439
256 797
256 596
263 453
268 768
270 359
277 756
278 762
286 549
288 618
60 288
239 298
37 298
68 303
305 342
306 534
312 332
328 713
333 709
335 746
235 340
362 363
373 605
380 756
387 429
149 388
285 388
403 748
403 517
379 410
178 414
218 417
417 672
427 635
427 455
183 428
428 768
428 640
433 736
449 677
237 460
471 480
99 482
483 697
483 772
271 483
334 486
465 492
494 635
503 549
510 771
511 553
512 790
514 585
261 516
521 757
521 797
523 633
68 537
537 610
537 655
257 554
224 554
250 566
210 573
367 573
264 576
580 713
359 582
250 593
418 593
593 713
133 593
597 787
315 597
604 733
604 605
471 608
258 609
224 611
176 611
360 611
459 611
615 706
615 797
615 736
224 624
222 624
500 624
141 625
271 631
455 632
237 636
481 648
272 648
539 650
377 651
354 651
155 651
254 661
663 783
550 667
667 722
128 668
668 784
360 668
297 669
284 675
585 678
678 790
518 678
655 678
678 725
439 683
206 690
213 690
596 690
79 693
55 701
701 733
610 710
435 715
715 783
717 768
717 734
717 756
536 717
60 717
719 775
534 719
719 797
465 723
452 723
672 723
161 727
732 734
618 737
640 737
454 738
502 738
404 738
692 738
481 744
722 744
488 747
320 747
749 762
283 750
750 776
750 762
360 751
499 751
434 751
713 751
736 753
454 753
5 761
746 761
755 761
97 765
571 767
462 769
769 775
254 769
774 776
635 774
517 774
709 778
730 778
28 778
777 778
780 790
507 780
781 797
781 790
610 781
102 781
618 782
39 782
569 782
757 788
488 788
672 788
706 793
775 793
405 793
553 793
272 796
771 796
320 799
50 799
137 799
784 799
