393 410
259 450
227 342
138 472
144 251
346 359
404 581
375 440
153 202
137 194
118 346
251 359
343 545
128 574
393 595
438 547
272 585
11 575
131 244
227 468
343 416
223 482
2 482
326 595
377 583
103 574
335 402
404 563
540 589
71 509
173 575
326 527
40 472
122 430
78 478
427 515
272 471
468 574
240 527
177 471
410 589
131 280
79 191
186 478
130 430
240 496
527 537
497 575
26 298
3 455
323 377
122 244
468 547
478 512
24 177
514 545
249 583
457 496
331 411
326 589
2 359
280 467
284 574
427 581
515 589
346 512
457 515
79 522
509 515
467 576
478 499
576 579
26 428
430 467
367 522
218 522
147 416
280 427
375 583
172 514
398 540
3 172
497 582
270 423
284 482
427 468
11 334
191 574
101 221
190 443
36 455
122 443
298 331
49 221
147 583
236 455
251 377
343 471
438 545
328 527
202 450
11 272
582 585
218 438
196 365
206 309
144 244
478 574
386 410
186 346
440 582
280 579
225 382
317 464
312 393
211 410
514 522
126 334
382 515
259 375
575 585
177 385
386 537
101 443
76 522
227 401
464 589
298 540
122 153
411 515
450 499
59 367
227 522
496 515
397 401
131 540
377 545
206 514
386 509
115 595
78 499
36 365
130 576
301 595
190 428
3 514
373 537
26 244
11 450
576 581
235 440
259 583
179 211
215 576
464 527
423 497
36 514
236 375
20 589
131 153
245 342
202 397
118 581
270 582
138 527
137 464
402 582
563 579
225 385
367 497
223 284
308 589
40 312
57 484
79 249
301 472
334 416
484 576
131 428
9 309
338 582
401 579
457 563
266 319
402 471
211 457
57 581
259 385
206 455
342 367
312 527
527 540
186 428
309 589
240 515
367 512
76 499
308 317
3 595
385 585
131 443
224 450
213 563
427 563
194 457
115 443
284 547
335 575
427 576
192 459
323 402
266 411
385 575
224 397
9 196
512 575
218 390
272 472
455 514
179 319
215 467
537 595
225 585
428 574
427 467
236 514
430 581
472 540
440 497
576 583
196 309
334 585
416 545
251 346
317 540
365 514
509 595
2 191
266 464
172 455
343 540
390 574
457 509
509 589
326 411
270 427
215 563
334 575
259 545
223 251
280 576
9 236
579 581
40 537
338 367
266 537
545 582
335 423
574 589
245 307
177 335
428 443
144 547
115 398
404 427
135 563
323 393
191 440
382 455
377 585
135 576
338 497
59 589
137 215
390 482
0 585
423 585
213 576
22 346
225 334
130 404
459 585
211 373
373 540
457 540
144 397
147 575
211 595
385 471
328 545
138 589
411 595
213 585
24 468
150 227
497 583
20 308
309 514
223 386
118 582
409 527
377 496
103 512
190 512
79 574
390 512
398 589
323 575
266 540
386 496
459 583
244 428
438 482
71 527
484 581
20 585
235 270
464 537
423 459
397 459
2 402
192 583
76 223
398 410
194 581
49 443
319 382
78 342
409 472
22 367
213 581
227 327
224 251
173 343
137 522
308 509
122 190
4 514
409 515
194 484
457 537
137 213
323 338
342 540
457 581
547 579
218 512
375 585
130 579
24 512
137 563
496 589
331 496
128 438
467 484
393 457
455 595
147 471
128 450
4 455
472 509
298 464
118 563
385 582
272 377
249 459
410 411
404 576
401 450
153 443
223 375
365 595
563 576
438 468
59 245
430 563
416 459
375 545
342 512
312 595
236 365
331 515
393 540
20 317
328 402
245 499
326 331
497 545
249 423
467 472
416 582
0 235
326 514
194 579
235 338
386 595
397 579
213 579
386 589
450 547
499 547
191 478
307 574
172 373
499 585
36 196
135 484
331 467
404 547
398 583
173 582
334 343
410 595
547 581
471 497
301 409
365 455
249 335
103 438
192 328
397 522
118 579
373 398
71 373
464 496
312 540
270 338
115 527
259 582
390 499
235 583
192 537
138 595
398 472
215 579
280 430
327 574
472 589
126 496
192 575
393 537
545 575
172 206
101 428
270 583
144 482
190 221
416 497
49 428
328 582
57 579
179 382
173 440
272 575
375 459
359 397
4 365
323 585
36 438
545 583
359 482
150 547
409 509
26 221
327 589
468 499
496 595
440 585
284 402
328 589
213 443
172 582
128 522
443 581
266 515
0 343
582 583
404 450
186 284
307 512
317 411
367 401
280 328
359 512
427 579
401 468
150 467
430 579
440 575
328 377
327 527
409 595
423 583
471 585
402 545
0 493
0 94
3 591
9 566
20 74
22 534
24 525
40 551
40 452
49 480
57 263
57 485
59 534
59 322
71 414
71 189
76 546
78 91
75 79
101 526
8 103
115 170
115 160
122 493
43 126
126 426
130 264
130 293
135 241
135 529
138 233
129 147
111 147
150 285
177 380
37 179
179 205
186 456
163 190
191 558
194 371
196 303
206 569
211 556
211 378
174 215
221 591
221 506
224 586
224 529
58 224
38 225
225 252
225 466
17 227
231 236
236 487
240 597
240 511
245 414
251 550
259 489
266 418
270 449
270 360
204 272
280 407
284 492
197 298
301 405
301 305
301 303
307 456
305 307
99 307
308 378
51 309
233 309
312 486
312 437
317 424
274 319
319 349
326 493
13 327
327 551
105 328
287 331
331 491
334 526
299 335
338 442
342 415
107 342
342 535
44 343
346 525
243 346
320 359
359 507
359 446
365 565
367 370
278 367
373 577
112 373
207 375
382 534
382 419
181 382
382 429
385 405
385 568
385 577
386 437
386 414
390 456
268 390
200 390
393 516
116 397
397 507
401 586
401 446
238 401
32 401
404 551
161 409
109 409
90 410
410 473
410 511
325 411
332 411
416 568
239 416
413 423
423 424
340 423
320 428
428 504
430 454
18 438
256 438
241 440
414 440
166 443
450 534
455 483
313 455
178 457
459 564
275 459
197 464
464 552
464 594
230 467
340 467
467 477
243 468
463 468
471 526
171 471
471 565
291 472
466 472
58 478
478 534
8 478
297 478
370 478
243 482
476 482
28 482
6 482
432 482
261 484
285 484
37 484
415 496
496 571
134 497
418 497
54 497
499 580
116 499
16 499
499 548
481 509
282 509
512 550
151 512
228 512
514 525
264 514
515 543
481 515
476 515
513 515
495 522
90 522
254 522
32 522
522 534
291 522
216 527
394 527
527 569
350 537
208 537
444 537
500 540
540 570
16 545
188 545
547 570
67 547
261 547
511 547
449 547
436 547
193 547
370 563
444 563
304 563
285 563
525 563
261 563
114 574
13 574
449 574
456 574
462 574
116 574
463 575
518 575
461 575
279 575
529 575
452 576
568 576
292 576
285 576
145 576
579 597
565 579
189 579
111 579
297 579
529 581
304 581
261 581
152 581
287 581
230 581
265 581
519 582
422 582
333 582
526 582
392 582
278 583
481 583
548 585
577 585
571 585
133 589
291 589
569 595
595 597
145 595
500 595
