0 276
0 726
0 735
0 780
0 797
1 118
1 190
1 474
1 713
1 717
2 118
2 234
2 426
2 535
2 652
3 60
3 362
3 605
3 720
3 755
4 593
4 598
4 663
4 741
4 796
5 82
5 105
5 354
5 734
5 761
6 63
6 474
6 613
6 791
6 792
7 179
7 195
7 324
7 695
7 795
8 460
8 644
8 650
8 769
8 793
9 39
9 412
9 575
9 719
9 728
10 411
10 645
10 726
10 755
10 776
11 646
11 653
11 692
11 728
11 748
12 25
12 344
12 408
12 606
12 659
13 498
13 606
13 617
13 657
13 745
14 570
14 719
14 730
14 739
14 767
15 166
15 482
15 714
15 785
15 799
16 89
16 335
16 422
16 444
16 529
17 142
17 310
17 331
17 608
17 778
18 301
18 608
18 644
18 692
18 693
19 201
19 377
19 426
19 603
19 696
20 225
20 269
20 391
20 594
20 639
21 268
21 387
21 558
21 715
21 770
22 398
22 637
22 702
22 791
22 792
23 300
23 542
23 665
23 743
23 763
24 157
24 669
24 739
24 743
24 774
25 12
25 157
25 267
25 659
25 739
26 181
26 366
26 497
26 727
26 742
27 526
27 670
27 728
27 740
27 790
28 316
28 451
28 630
28 778
28 783
29 350
29 435
29 558
29 717
29 789
30 73
30 475
30 511
30 679
30 794
31 264
31 405
31 478
31 497
31 646
32 582
32 650
32 675
32 721
32 753
33 151
33 642
33 777
33 785
33 789
34 359
34 570
34 572
34 694
34 779
35 195
35 203
35 427
35 529
35 691
36 676
36 736
36 756
36 784
36 789
37 298
37 438
37 535
37 618
37 787
38 259
38 287
38 416
38 580
38 692
39 9
39 315
39 502
39 776
39 782
40 84
40 172
40 616
40 724
40 792
41 198
41 544
41 660
41 708
41 777
42 368
42 420
42 451
42 674
42 766
43 444
43 513
43 519
43 621
43 691
44 158
44 372
44 424
44 606
44 652
45 230
45 672
45 722
45 734
45 777
46 227
46 339
46 498
46 614
46 741
47 100
47 500
47 584
47 693
47 789
48 80
48 353
48 473
48 637
48 730
49 158
49 406
49 565
49 718
49 785
50 133
50 393
50 748
50 777
50 799
51 183
51 332
51 578
51 685
51 790
52 278
52 594
52 679
52 737
52 765
53 254
53 536
53 610
53 652
53 783
54 144
54 478
54 637
54 739
54 759
55 596
55 701
55 712
55 775
55 783
56 397
56 584
56 657
56 718
56 770
57 495
57 582
57 695
57 736
57 795
58 145
58 515
58 575
58 642
58 704
59 88
59 168
59 782
59 791
59 792
60 3
60 250
60 288
60 471
60 717
61 329
61 487
61 504
61 619
61 778
62 127
62 223
62 239
62 502
62 665
63 6
63 339
63 629
63 654
63 705
64 175
64 294
64 377
64 427
64 682
65 651
65 679
65 728
65 732
65 749
66 170
66 487
66 489
66 530
66 545
67 327
67 711
67 721
67 742
67 786
68 303
68 418
68 537
68 621
68 771
69 83
69 322
69 389
69 508
69 734
70 316
70 439
70 640
70 733
70 783
71 72
71 140
71 557
71 706
71 741
72 71
72 84
72 349
72 508
72 555
73 30
73 246
73 312
73 660
73 794
74 219
74 240
74 308
74 565
74 704
75 412
75 442
75 504
75 559
75 788
76 441
76 702
76 703
76 748
76 771
77 171
77 238
77 602
77 631
77 778
78 160
78 353
78 541
78 763
78 792
79 451
79 652
79 693
79 729
79 771
80 48
80 231
80 353
80 688
80 730
81 320
81 495
81 618
81 736
81 746
82 5
82 304
82 405
82 720
82 733
83 69
83 655
83 720
83 759
83 777
84 40
84 72
84 338
84 544
84 664
85 622
85 642
85 684
85 745
85 779
86 437
86 493
86 649
86 659
86 739
87 627
87 629
87 655
87 719
87 788
88 59
88 165
88 592
88 699
88 705
89 16
89 110
89 195
89 663
89 767
90 407
90 649
90 716
90 720
90 775
91 340
91 364
91 449
91 769
91 793
92 140
92 550
92 554
92 758
92 794
93 94
93 515
93 568
93 745
93 798
94 93
94 151
94 321
94 425
94 726
95 145
95 281
95 469
95 496
95 602
96 407
96 626
96 707
96 718
96 759
97 206
97 605
97 614
97 755
97 765
98 265
98 347
98 612
98 664
98 789
99 102
99 482
99 757
99 775
99 798
100 47
100 545
100 693
100 701
100 746
101 271
101 325
101 334
101 706
101 797
102 99
102 393
102 722
102 775
102 781
103 666
103 693
103 746
103 778
103 799
104 287
104 546
104 583
104 601
104 682
105 5
105 629
105 636
105 770
105 780
106 343
106 371
106 653
106 767
106 780
107 267
107 335
107 577
107 678
107 751
108 113
108 302
108 444
108 509
108 562
109 117
109 534
109 630
109 713
109 733
110 89
110 195
110 529
110 719
110 756
111 227
111 468
111 607
111 721
111 794
112 156
112 505
112 732
112 746
112 754
113 108
113 475
113 642
113 684
113 758
114 262
114 581
114 582
114 754
114 783
115 442
115 561
115 613
115 688
115 709
116 330
116 613
116 637
116 642
116 657
117 109
117 299
117 630
117 733
117 759
118 1
118 2
118 336
118 581
118 754
119 201
119 446
119 457
119 708
119 779
120 484
120 540
120 568
120 622
120 781
121 369
121 399
121 461
121 515
121 751
122 448
122 525
122 748
122 769
122 793
123 305
123 323
123 415
123 476
123 680
124 375
124 507
124 563
124 718
124 764
125 253
125 499
125 607
125 670
125 752
126 418
126 460
126 667
126 737
126 749
127 62
127 364
127 399
127 769
127 793
128 638
128 668
128 713
128 752
128 756
129 229
129 342
129 387
129 437
129 513
130 446
130 512
130 582
130 647
130 714
131 186
131 639
131 689
131 694
131 798
132 174
132 525
132 769
132 784
132 793
133 50
133 369
133 432
133 518
133 593
134 398
134 425
134 722
134 735
134 768
135 170
135 277
135 582
135 597
135 786
136 350
136 451
136 476
136 674
136 789
137 729
137 757
137 775
137 776
137 799
138 244
138 423
138 476
138 662
138 764
139 406
139 533
139 631
139 702
139 766
140 71
140 92
140 409
140 684
140 724
141 242
141 292
141 406
141 625
141 771
142 17
142 385
142 707
142 716
142 759
143 192
143 241
143 408
143 415
143 749
144 54
144 343
144 604
144 628
144 663
145 58
145 95
145 233
145 655
145 728
146 309
146 556
146 560
146 677
146 691
147 434
147 553
147 640
147 729
147 760
148 421
148 527
148 632
148 715
148 781
149 210
149 217
149 388
149 703
149 791
150 247
150 689
150 694
150 782
150 798
151 33
151 94
151 368
151 531
151 645
152 179
152 194
152 562
152 587
152 756
153 349
153 492
153 681
153 773
153 786
154 432
154 504
154 685
154 704
154 722
154 728
155 318
155 553
155 651
155 725
155 760
155 770
156 112
156 344
156 361
156 437
156 625
156 685
157 24
157 25
157 169
157 400
157 589
157 742
158 44
158 49
158 565
158 606
158 634
158 761
159 532
159 557
159 603
159 619
159 687
159 780
160 78
160 227
160 372
160 376
160 590
160 795
161 254
161 345
161 614
161 727
161 758
161 772
162 376
162 533
162 652
162 656
162 755
162 766
163 173
163 475
163 498
163 555
163 616
163 684
164 301
164 487
164 661
164 743
164 745
164 774
165 88
165 204
165 699
165 706
165 711
165 773
166 15
166 366
166 392
166 583
166 664
166 785
167 196
167 331
167 592
167 648
167 737
167 738
168 59
168 698
168 713
168 791
168 792
168 794
169 157
169 432
169 533
169 573
169 585
169 704
170 66
170 135
170 194
170 446
170 669
170 781
171 77
171 213
171 301
171 472
171 673
171 738
172 40
172 350
172 523
172 588
172 641
172 780
173 163
173 703
173 721
173 734
173 794
173 796
174 132
174 278
174 597
174 703
174 745
174 793
175 64
175 195
175 427
175 449
175 724
175 757
176 245
176 611
176 670
176 730
176 733
176 772
177 207
177 324
177 670
177 704
177 712
177 795
178 414
178 676
178 746
178 771
178 784
178 797
179 7
179 152
179 443
179 538
179 590
179 663
180 293
180 321
180 323
180 433
180 591
180 722
181 26
181 401
181 497
181 529
181 543
181 773
182 350
182 392
182 647
182 698
182 767
182 789
183 51
183 428
183 493
183 734
183 768
183 790
184 198
184 533
184 593
184 660
184 676
184 721
185 193
185 226
185 275
185 552
185 645
185 795
186 131
186 414
186 423
186 698
186 785
186 791
187 486
187 576
187 631
187 692
187 792
187 799
188 342
188 638
188 659
188 672
188 748
188 777
189 232
189 399
189 601
189 739
189 759
189 774
190 1
190 221
190 268
190 675
190 741
190 758
191 270
191 548
191 556
191 669
191 774
191 783
192 143
192 290
192 589
192 785
192 791
192 792
193 185
193 260
193 538
193 573
193 787
193 795
194 152
194 170
194 603
194 616
194 682
194 687
195 7
195 35
195 89
195 110
195 175
195 529
196 167
196 275
196 645
196 782
196 784
196 799
197 226
197 248
197 598
197 606
197 657
197 718
198 41
198 184
198 345
198 593
198 711
198 794
199 367
199 453
199 458
199 500
199 520
199 536
200 205
200 281
200 340
200 388
200 461
200 648
201 19
201 119
201 246
201 505
201 622
201 745
202 240
202 303
202 373
202 403
202 494
202 628
203 35
203 215
203 381
203 484
203 513
203 666
204 165
204 348
204 556
204 639
204 658
204 666
205 200
205 311
205 341
205 653
205 673
205 713
206 97
206 352
206 405
206 673
206 690
206 748
207 177
207 261
207 289
207 327
207 634
207 695
208 526
208 551
208 626
208 632
208 663
208 750
209 221
209 581
209 603
209 687
209 740
209 754
210 149
210 406
210 441
210 573
210 768
210 791
211 266
211 563
211 689
211 766
211 779
211 798
212 324
212 347
212 592
212 620
212 773
212 793
213 171
213 418
213 600
213 635
213 690
213 733
214 363
214 472
214 486
214 678
214 747
214 769
215 203
215 287
215 514
215 744
215 781
215 790
216 395
216 467
216 470
216 568
216 578
216 756
217 149
217 235
217 283
217 299
217 441
217 654
218 334
218 417
218 478
218 536
218 578
218 739
219 74
219 382
219 504
219 559
219 609
219 623
220 325
220 595
220 703
220 734
220 768
220 771
221 190
221 209
221 457
221 684
221 721
221 754
222 569
222 624
222 646
222 673
222 768
222 794
223 62
223 371
223 374
223 413
223 572
223 637
224 423
224 490
224 502
224 554
224 611
224 624
225 20
225 378
225 409
225 638
225 659
225 791
226 185
226 197
226 461
226 486
226 758
226 780
227 46
227 111
227 160
227 342
227 385
227 755
228 344
228 378
228 525
228 641
228 737
228 749
229 129
229 344
229 513
229 540
229 697
229 762
230 45
230 243
230 275
230 644
230 695
230 726
231 80
231 409
231 660
231 723
231 744
231 796
232 189
232 369
232 400
232 407
232 482
232 739
233 145
233 366
233 370
233 634
233 708
233 739
234 2
234 623
234 721
234 741
234 758
234 761
235 217
235 340
235 558
235 692
235 748
235 777
236 267
236 434
236 615
236 654
236 735
236 740
237 460
237 465
237 507
237 636
237 703
237 768
238 77
238 573
238 611
238 669
238 750
238 774
239 62
239 298
239 326
239 341
239 379
239 776
240 74
240 202
240 412
240 656
240 685
240 740
241 143
241 530
241 560
241 578
241 638
241 659
242 141
242 299
242 392
242 757
242 768
242 771
243 230
243 337
243 409
243 629
243 644
243 645
244 138
244 397
244 617
244 636
244 662
244 776
245 176
245 594
245 714
245 733
245 772
245 775
246 73
246 201
246 284
246 496
246 677
246 706
247 150
247 308
247 391
247 597
247 700
247 781
248 197
248 318
248 469
248 537
248 663
248 668
249 400
249 625
249 675
249 710
249 753
249 764
250 60
250 361
250 499
250 566
250 593
250 756
251 278
251 433
251 629
251 720
251 769
251 793
252 439
252 449
252 573
252 743
252 753
252 774
253 125
253 329
253 354
253 385
253 496
253 559
254 53
254 161
254 353
254 430
254 661
254 769
255 590
255 658
255 696
255 756
255 790
255 794
256 576
256 596
256 693
256 778
256 782
256 797
257 554
257 610
257 630
257 703
257 762
257 771
258 272
258 285
258 452
258 609
258 756
258 777
259 38
259 330
259 344
259 505
259 582
259 609
260 193
260 490
260 495
260 634
260 691
260 781
261 207
261 435
261 499
261 516
261 518
261 790
262 114
262 317
262 328
262 476
262 501
262 726
263 453
263 667
263 688
263 737
263 761
263 765
264 31
264 311
264 405
264 569
264 576
264 790
265 98
265 542
265 569
265 671
265 746
265 787
266 211
266 500
266 522
266 542
266 567
266 771
267 25
267 107
267 236
267 589
267 655
267 670
268 21
268 190
268 373
268 469
268 715
268 768
269 20
269 293
269 375
269 627
269 639
269 705
270 191
270 359
270 416
270 513
270 592
270 781
271 101
271 299
271 483
271 488
271 507
271 631
272 258
272 477
272 648
272 756
272 790
272 796
273 460
273 510
273 548
273 769
273 791
273 793
274 406
274 610
274 647
274 768
274 771
274 772
275 185
275 196
275 230
275 488
275 501
275 645
276 0
276 296
276 438
276 735
276 740
276 773
277 135
277 477
277 580
277 615
277 625
277 756
278 52
278 174
278 251
278 678
278 762
278 793
279 291
279 365
279 478
279 696
279 741
279 794
280 296
280 423
280 664
280 714
280 724
280 785
281 95
281 200
281 282
281 290
281 657
281 662
282 281
282 298
282 679
282 750
282 761
282 765
283 217
283 284
283 614
283 635
283 750
283 772
284 246
284 283
284 355
284 479
284 675
284 762
285 258
285 385
285 388
285 498
285 721
285 725
286 340
286 549
286 591
286 599
286 659
286 788
287 38
287 104
287 215
287 308
287 501
287 686
288 60
288 503
288 551
288 618
288 632
288 750
289 207
289 415
289 508
289 639
289 658
289 724
290 192
290 281
290 485
290 638
290 718
290 766
291 279
291 565
291 599
291 617
291 657
291 662
292 141
292 360
292 458
292 481
292 520
292 553
293 180
293 269
293 670
293 711
293 764
293 789
294 64
294 335
294 364
294 427
294 529
294 593
295 423
295 596
295 665
295 680
295 688
295 724
295 739
296 276
296 280
296 398
296 552
296 644
296 735
296 784
297 439
297 505
297 517
297 669
297 757
297 760
297 795
298 37
298 239
298 282
298 303
298 472
298 701
298 738
299 117
299 217
299 242
299 271
299 348
299 674
299 703
300 23
300 379
300 665
300 684
300 709
300 760
300 795
301 18
301 164
301 171
301 470
301 782
301 796
301 799
302 108
302 399
302 528
302 614
302 707
302 716
302 739
303 68
303 202
303 298
303 431
303 472
303 532
303 778
304 82
304 311
304 564
304 699
304 731
304 742
304 773
305 123
305 342
305 576
305 631
305 661
305 683
305 747
306 384
306 476
306 534
306 667
306 707
306 761
306 765
307 572
307 651
307 686
307 724
307 749
307 761
307 765
308 74
308 247
308 287
308 499
308 696
308 754
308 781
309 146
309 456
309 518
309 623
309 634
309 764
309 789
310 17
310 594
310 627
310 639
310 654
310 705
310 743
311 205
311 264
311 304
311 424
311 429
311 720
311 734
312 73
312 332
312 512
312 717
312 751
312 752
312 782
313 429
313 524
313 564
313 705
313 730
313 742
313 786
314 532
314 544
314 655
314 696
314 699
314 708
314 772
315 39
315 359
315 442
315 597
315 671
315 709
315 720
316 28
316 70
316 539
316 596
316 607
316 633
316 721
317 262
317 337
317 474
317 589
317 726
317 735
317 783
318 155
318 248
318 489
318 545
318 586
318 601
318 616
319 528
319 613
319 637
319 659
319 746
319 791
319 792
320 81
320 530
320 538
320 587
320 747
320 787
320 799
321 94
321 180
321 506
321 565
321 642
321 789
321 797
322 69
322 362
322 383
322 430
322 579
322 681
322 773
323 123
323 180
323 420
323 637
323 674
323 716
323 792
324 7
324 177
324 212
324 497
324 543
324 742
324 774
325 101
325 220
325 418
325 441
325 585
325 664
325 768
326 239
326 391
326 402
326 440
326 585
326 656
326 674
327 67
327 207
327 376
327 402
327 656
327 702
327 766
328 262
328 346
328 615
328 713
328 751
328 767
328 779
329 61
329 253
329 496
329 622
329 685
329 727
329 763
330 116
330 259
330 400
330 539
330 589
330 637
330 712
331 17
331 167
331 461
331 715
331 766
331 782
331 799
332 51
332 312
332 471
332 485
332 684
332 756
332 772
333 570
333 586
333 648
333 664
333 709
333 719
333 788
334 101
334 218
334 355
334 413
334 486
334 706
334 762
335 16
335 107
335 294
335 427
335 529
335 717
335 746
336 118
336 513
336 581
336 671
336 686
336 759
336 773
337 243
337 317
337 411
337 645
337 735
337 750
337 786
338 84
338 380
338 404
338 532
338 658
338 741
338 758
339 46
339 63
339 627
339 654
339 705
339 730
339 791
340 91
340 200
340 235
340 286
340 478
340 648
340 780
341 205
341 239
341 490
341 539
341 549
341 692
341 714
342 129
342 188
342 227
342 305
342 393
342 569
342 673
343 106
343 144
343 369
343 376
343 410
343 570
343 788
344 12
344 156
344 228
344 229
344 259
344 505
344 551
345 161
345 198
345 577
345 588
345 614
345 730
345 733
346 328
346 509
346 597
346 609
346 681
346 751
346 766
347 98
347 212
347 506
347 575
347 714
347 755
347 785
348 204
348 299
348 493
348 633
348 634
348 698
348 740
349 72
349 153
349 450
349 635
349 688
349 764
349 789
350 29
350 136
350 172
350 182
350 469
350 642
350 739
351 480
351 526
351 560
351 634
351 663
351 727
351 732
352 206
352 400
352 409
352 542
352 653
352 791
352 792
353 48
353 78
353 80
353 254
353 762
353 772
353 776
354 5
354 253
354 454
354 651
354 653
354 676
354 720
355 284
355 334
355 440
355 677
355 760
355 763
355 771
356 412
356 540
356 656
356 674
356 702
356 751
356 766
357 528
357 568
357 583
357 688
357 707
357 745
357 747
358 530
358 545
358 653
358 674
358 682
358 687
358 790
359 34
359 270
359 315
359 520
359 574
359 582
359 709
360 292
360 434
360 611
360 668
360 751
360 756
360 790
361 156
361 250
361 505
361 514
361 686
361 758
361 764
362 3
362 322
362 363
362 419
362 605
362 730
362 733
363 214
363 362
363 561
363 650
363 675
363 710
363 753
364 91
364 127
364 294
364 433
364 448
364 522
364 793
365 279
365 561
365 574
365 577
365 665
365 724
365 776
366 26
366 166
366 233
366 707
366 759
366 786
366 799
367 199
367 440
367 573
367 746
367 776
367 787
367 797
368 42
368 151
368 411
368 644
368 735
368 774
368 794
369 121
369 133
369 232
369 343
369 568
369 695
369 716
370 233
370 395
370 519
370 539
370 602
370 638
370 649
371 106
371 223
371 374
371 708
371 729
371 779
371 798
372 44
372 160
372 422
372 695
372 704
372 763
372 794
373 202
373 268
373 410
373 605
373 715
373 747
373 750
374 223
374 371
374 466
374 470
374 515
374 754
374 798
375 124
375 269
375 406
375 415
375 577
375 771
375 779
376 160
376 162
376 327
376 343
376 378
376 656
376 766
377 19
377 64
377 600
377 635
377 651
377 755
377 772
378 225
378 228
378 376
378 594
378 749
378 761
378 765
379 239
379 300
379 407
379 410
379 481
379 542
379 776
380 338
380 624
380 628
380 661
380 669
380 756
380 774
381 203
381 385
381 463
381 513
381 540
381 754
381 783
382 219
382 415
382 526
382 602
382 657
382 704
382 751
383 322
383 514
383 524
383 584
383 699
383 742
383 766
384 306
384 395
384 665
384 737
384 749
384 761
384 765
385 142
385 227
385 253
385 285
385 381
385 498
385 794
386 430
386 459
386 572
386 730
386 755
386 773
386 779
387 21
387 129
387 429
387 537
387 551
387 584
387 668
388 149
388 200
388 285
388 629
388 660
388 767
388 788
389 69
389 454
389 458
389 479
389 569
389 707
389 777
390 447
390 468
390 606
390 625
390 745
390 779
390 798
391 20
391 247
391 326
391 404
391 671
391 736
391 797
392 166
392 182
392 242
392 580
392 591
392 688
392 785
393 50
393 102
393 342
393 490
393 501
393 646
393 757
394 554
394 621
394 661
394 735
394 743
394 774
394 799
395 216
395 370
395 384
395 528
395 578
395 649
395 691
396 464
396 466
396 540
396 549
396 647
396 694
396 779
397 56
397 244
397 485
397 606
397 700
397 705
397 718
398 22
398 134
398 296
398 425
398 431
398 735
398 770
399 121
399 127
399 189
399 302
399 519
399 521
399 559
399 700
400 157
400 232
400 249
400 330
400 352
400 505
400 791
400 792
401 181
401 415
401 421
401 664
401 688
401 698
401 751
401 764
402 326
402 327
402 567
402 585
402 646
402 745
402 766
402 796
403 202
403 445
403 517
403 547
403 668
403 715
403 735
403 748
404 338
404 391
404 581
404 676
404 677
404 738
404 746
404 797
405 31
405 82
405 206
405 264
405 454
405 614
405 714
405 793
406 49
406 139
406 141
406 210
406 274
406 375
406 488
406 520
407 90
407 96
407 232
407 379
407 562
407 716
407 728
407 759
408 12
408 143
408 494
408 589
408 770
408 781
408 791
408 792
409 140
409 225
409 231
409 243
409 352
409 637
409 659
409 792
410 343
410 373
410 379
410 701
410 764
410 767
410 780
410 788
411 10
411 337
411 368
411 436
411 699
411 726
411 735
411 795
412 9
412 75
412 240
412 356
412 564
412 668
412 685
412 740
413 223
413 334
413 541
413 647
413 708
413 745
413 789
413 798
414 178
414 186
414 608
414 691
414 701
414 747
414 782
414 799
415 123
415 143
415 289
415 375
415 382
415 401
415 510
415 764
416 38
416 270
416 495
416 597
416 624
416 686
416 747
416 754
417 218
417 494
417 602
417 668
417 672
417 715
417 750
417 785
418 68
418 126
418 213
418 325
418 593
418 703
418 768
418 771
419 362
419 429
419 485
419 671
419 676
419 686
419 687
419 746
420 42
420 323
420 665
420 674
420 702
420 718
420 766
420 797
421 148
421 401
421 547
421 551
421 631
421 666
421 715
421 750
422 16
422 372
422 444
422 538
422 623
422 634
422 716
422 730
423 138
423 186
423 224
423 280
423 295
423 459
423 680
423 738
424 44
424 311
424 485
424 601
424 617
424 623
424 657
424 718
425 94
425 134
425 398
425 501
425 526
425 644
425 709
425 767
426 2
426 19
426 544
426 684
426 758
426 762
426 798
426 799
427 35
427 64
427 175
427 294
427 335
427 455
427 635
427 700
428 183
428 566
428 608
428 615
428 640
428 678
428 751
428 768
429 311
429 313
429 387
429 419
429 671
429 676
429 736
429 791
430 254
430 322
430 386
430 459
430 595
430 600
430 696
430 755
431 303
431 398
431 480
431 584
431 685
431 708
431 778
431 782
432 133
432 154
432 169
432 479
432 522
432 653
432 713
432 752
433 180
433 251
433 364
433 510
433 512
433 736
433 769
433 793
434 147
434 236
434 360
434 720
434 751
434 756
434 790
434 792
435 29
435 261
435 682
435 713
435 715
435 770
435 790
435 791
436 411
436 450
436 497
436 534
436 620
436 681
436 773
436 790
437 86
437 129
437 156
437 446
437 519
437 581
437 632
437 781
438 37
438 276
438 475
438 603
438 662
438 762
438 787
438 797
439 70
439 252
439 297
439 683
439 697
439 756
439 760
439 775
440 326
440 355
440 367
440 441
440 613
440 762
440 784
440 787
441 76
441 210
441 217
441 325
441 440
441 596
441 610
441 731
442 75
442 115
442 315
442 458
442 522
442 561
442 740
442 769
443 179
443 457
443 535
443 536
443 658
443 670
443 684
443 693
444 16
444 43
444 108
444 422
444 558
444 686
444 695
444 763
445 403
445 506
445 577
445 588
445 609
445 641
445 764
445 787
446 119
446 130
446 170
446 437
446 484
446 554
446 754
446 779
447 390
447 559
447 573
447 602
447 619
447 661
447 740
447 745
448 122
448 364
448 460
448 510
448 769
448 774
448 778
448 793
449 91
449 175
449 252
449 487
449 554
449 624
449 677
449 750
450 349
450 436
450 504
450 560
450 628
450 723
450 727
450 796
451 28
451 42
451 79
451 136
451 508
451 550
451 729
451 770
452 258
452 706
452 711
452 723
452 746
452 762
452 784
452 787
453 199
453 263
453 520
453 542
453 575
453 709
453 759
453 776
454 354
454 389
454 405
454 471
454 672
454 673
454 738
454 753
455 427
455 490
455 549
455 569
455 632
455 725
455 734
455 748
456 309
456 509
456 562
456 579
456 587
456 710
456 730
456 763
457 119
457 221
457 443
457 535
457 557
457 640
457 658
457 765
458 199
458 292
458 389
458 442
458 481
458 575
458 716
458 776
459 386
459 423
459 430
459 600
459 611
459 630
459 688
459 755
460 8
460 126
460 237
460 273
460 448
460 515
460 769
460 793
461 121
461 200
461 226
461 331
461 466
461 540
461 719
461 788
462 532
462 543
462 618
462 640
462 736
462 762
462 769
462 784
463 381
463 469
463 499
463 587
463 638
463 712
463 739
463 795
464 396
464 484
464 492
464 694
464 708
464 710
464 745
464 779
465 237
465 488
465 492
465 572
465 703
465 723
465 768
465 771
466 374
466 396
466 461
466 524
466 647
466 689
466 708
466 786
467 216
467 525
467 526
467 559
467 619
467 654
467 683
467 685
467 728
468 111
468 390
468 473
468 515
468 568
468 689
468 747
468 779
468 798
469 95
469 248
469 268
469 350
469 463
469 503
469 537
469 668
469 764
470 216
470 301
470 374
470 524
470 586
470 617
470 649
470 716
470 739
471 60
471 332
471 454
471 474
471 477
471 480
471 499
471 608
471 790
472 171
472 214
472 298
472 303
472 492
472 669
472 693
472 728
472 747
473 48
473 468
473 594
473 627
473 639
473 654
473 705
473 706
473 765
474 1
474 6
474 317
474 471
474 518
474 590
474 615
474 751
474 752
475 30
475 113
475 163
475 438
475 610
475 660
475 670
475 729
475 794
476 123
476 136
476 138
476 262
476 306
476 495
476 531
476 688
476 789
477 272
477 277
477 471
477 592
477 681
477 741
477 752
477 764
477 790
478 31
478 54
478 218
478 279
478 340
478 557
478 583
478 586
478 649
479 284
479 389
479 432
479 509
479 548
479 659
479 752
479 763
479 785
480 351
480 431
480 471
480 628
480 657
480 715
480 723
480 727
480 744
481 292
481 379
481 458
481 520
481 574
481 648
481 744
481 776
481 777
482 15
482 99
482 232
482 521
482 523
482 566
482 690
482 710
482 753
483 271
483 521
483 626
483 675
483 690
483 697
483 707
483 753
483 772
484 120
484 203
484 446
484 464
484 512
484 581
484 645
484 686
484 772
485 290
485 332
485 397
485 419
485 424
485 496
485 548
485 617
485 718
486 187
486 214
486 226
486 334
486 487
486 547
486 643
486 683
486 738
487 61
487 66
487 164
487 449
487 486
487 573
487 624
487 664
487 743
488 271
488 275
488 406
488 465
488 747
488 768
488 771
488 777
488 788
489 66
489 318
489 546
489 616
489 682
489 687
489 694
489 775
489 779
490 224
490 260
490 341
490 393
490 455
490 748
490 752
490 772
490 777
491 629
491 636
491 656
491 700
491 723
491 735
491 767
491 780
491 788
492 153
492 464
492 465
492 472
492 516
492 604
492 723
492 727
492 732
493 86
493 183
493 348
493 548
493 555
493 578
493 599
493 709
493 759
494 202
494 408
494 417
494 547
494 609
494 632
494 635
494 636
494 750
495 57
495 81
495 260
495 416
495 476
495 599
495 698
495 718
495 795
496 95
496 246
496 253
496 329
496 485
496 504
496 518
496 602
496 704
497 26
497 31
497 181
497 324
497 436
497 592
497 658
497 757
497 786
498 13
498 46
498 163
498 285
498 385
498 514
498 603
498 655
498 673
499 125
499 250
499 261
499 308
499 463
499 471
499 672
499 713
499 751
500 47
500 199
500 266
500 502
500 606
500 624
500 671
500 709
500 776
501 262
501 275
501 287
501 393
501 425
501 502
501 644
501 689
501 726
502 39
502 62
502 224
502 500
502 501
502 561
502 659
502 738
502 776
503 288
503 469
503 511
503 547
503 549
503 632
503 668
503 740
503 750
504 61
504 75
504 154
504 219
504 450
504 496
504 617
504 640
504 740
505 112
505 201
505 259
505 297
505 344
505 361
505 400
505 512
505 689
506 321
506 347
506 445
506 570
506 607
506 648
506 724
506 757
506 785
507 124
507 237
507 271
507 563
507 728
507 771
507 775
507 780
507 785
508 69
508 72
508 289
508 451
508 577
508 610
508 688
508 714
508 751
509 108
509 346
509 456
509 479
509 556
509 590
509 619
509 761
509 771
510 273
510 415
510 433
510 448
510 669
510 701
510 769
510 771
510 793
511 30
511 503
511 516
511 553
511 598
511 628
511 732
511 744
511 796
512 130
512 312
512 433
512 484
512 505
512 597
512 669
512 781
512 790
513 43
513 129
513 203
513 229
513 270
513 336
513 381
513 612
513 758
514 215
514 361
514 383
514 498
514 570
514 585
514 727
514 732
514 796
515 58
515 93
515 121
515 374
515 460
515 468
515 572
515 647
515 727
516 261
516 492
516 511
516 631
516 663
516 675
516 726
516 744
516 796
517 297
517 403
517 550
517 596
517 633
517 635
517 729
517 757
517 774
518 133
518 261
518 309
518 474
518 496
518 588
518 655
518 678
518 790
519 43
519 370
519 399
519 437
519 535
519 583
519 586
519 587
519 759
520 199
520 292
520 359
520 406
520 453
520 481
520 522
520 563
520 574
521 399
521 482
521 483
521 566
521 626
521 675
521 731
521 757
521 797
522 266
522 364
522 432
522 442
522 520
522 561
522 698
522 707
522 776
523 172
523 482
523 566
523 582
523 633
523 648
523 650
523 690
523 710
523 753
524 313
524 383
524 466
524 470
524 595
524 619
524 620
524 644
524 699
524 786
525 122
525 132
525 228
525 467
525 625
525 626
525 650
525 690
525 710
525 753
526 27
526 208
526 351
526 382
526 425
526 467
526 575
526 713
526 728
526 740
527 148
527 530
527 560
527 631
527 643
527 693
527 738
527 747
527 794
527 799
528 302
528 319
528 357
528 395
528 529
528 578
528 696
528 707
528 736
528 759
529 16
529 35
529 110
529 181
529 195
529 294
529 335
529 528
529 566
529 751
530 66
530 241
530 320
530 358
530 527
530 571
530 601
530 616
530 682
530 687
531 151
531 476
531 574
531 653
531 672
531 673
531 734
531 748
531 777
531 797
532 159
532 303
532 314
532 338
532 462
532 546
532 666
532 673
532 696
532 721
533 139
533 162
533 169
533 184
533 656
533 702
533 717
533 760
533 766
533 792
534 109
534 306
534 436
534 622
534 719
534 722
534 742
534 757
534 770
534 786
535 2
535 37
535 443
535 457
535 519
535 590
535 603
535 666
535 737
535 794
536 53
536 199
536 218
536 443
536 553
536 717
536 722
536 729
536 775
536 783
537 68
537 248
537 387
537 469
537 541
537 547
537 610
537 655
537 668
537 715
538 179
538 193
538 320
538 422
538 583
538 634
538 638
538 736
538 774
538 788
539 316
539 330
539 341
539 370
539 650
539 652
539 725
539 760
539 770
539 783
540 120
540 229
540 356
540 381
540 396
540 461
540 542
540 686
540 754
540 781
541 78
541 413
541 537
541 562
541 623
541 693
541 712
541 721
541 763
541 795
542 23
542 265
542 266
542 352
542 379
542 453
542 540
542 574
542 708
542 709
543 181
543 324
543 462
543 549
543 579
543 595
543 620
543 712
543 721
543 786
544 41
544 84
544 314
544 426
544 586
544 645
544 660
544 696
544 758
544 780
545 66
545 100
545 318
545 358
545 546
545 614
545 616
545 630
545 687
545 749
546 104
546 489
546 532
546 545
546 601
546 664
546 682
546 687
546 711
546 784
547 403
547 421
547 486
547 494
547 503
547 537
547 613
547 615
547 695
547 750
548 191
548 273
548 479
548 485
548 493
548 562
548 646
548 683
548 691
548 795
549 286
549 341
549 396
549 455
549 503
549 543
549 673
549 720
549 748
549 777
550 92
550 451
550 517
550 552
550 617
550 633
550 667
550 722
550 760
550 783
551 208
551 288
551 344
551 387
551 421
551 632
551 668
551 726
551 753
551 765
552 185
552 296
552 550
552 555
552 605
552 644
552 645
552 726
552 735
552 799
553 147
553 155
553 292
553 511
553 536
553 555
553 709
553 722
553 757
553 793
554 92
554 224
554 257
554 394
554 446
554 449
554 611
554 741
554 743
554 774
555 72
555 163
555 493
555 552
555 553
555 652
555 697
555 722
555 760
555 770
556 146
556 191
556 204
556 509
556 576
556 641
556 675
556 691
556 766
556 795
557 71
557 159
557 457
557 478
557 559
557 603
557 658
557 687
557 696
557 725
558 21
558 29
558 235
558 444
558 670
558 678
558 681
558 742
558 752
558 756
559 75
559 219
559 253
559 399
559 447
559 467
559 557
559 575
559 763
559 794
560 146
560 241
560 351
560 450
560 527
560 598
560 604
560 744
560 763
560 796
561 115
561 363
561 365
561 442
561 502
561 522
561 665
561 705
561 746
561 786
562 108
562 152
562 407
562 456
562 541
562 548
562 598
562 769
562 770
562 795
563 124
563 211
563 507
563 520
563 622
563 691
563 745
563 760
563 768
563 779
564 304
564 313
564 412
564 620
564 699
564 731
564 737
564 742
564 743
564 745
565 49
565 74
565 158
565 291
565 321
565 609
565 657
565 662
565 718
565 785
566 250
566 428
566 482
566 521
566 523
566 529
566 675
566 690
566 741
566 753
567 266
567 402
567 579
567 620
567 699
567 731
567 742
567 780
567 786
567 791
568 93
568 120
568 216
568 357
568 369
568 468
568 583
568 739
568 759
568 787
569 222
569 264
569 265
569 342
569 389
569 455
569 633
569 734
569 779
569 782
570 14
570 34
570 333
570 343
570 506
570 514
570 662
570 700
570 767
570 780
571 530
571 680
571 706
571 736
571 748
571 762
571 767
571 784
571 787
571 797
572 34
572 223
572 307
572 386
572 465
572 515
572 636
572 694
572 708
572 779
573 169
573 193
573 210
573 238
573 252
573 367
573 447
573 487
573 611
573 661
574 359
574 365
574 481
574 520
574 531
574 542
574 665
574 772
574 776
574 782
574 795
575 9
575 58
575 347
575 453
575 458
575 526
575 559
575 619
575 690
575 704
575 728
576 187
576 256
576 264
576 305
576 556
576 683
576 738
576 778
576 782
576 786
576 796
577 107
577 345
577 365
577 375
577 445
577 508
577 641
577 658
577 714
577 764
577 789
578 51
578 216
578 218
578 241
578 395
578 493
578 528
578 586
578 627
578 690
578 716
579 322
579 456
579 543
579 567
579 674
579 711
579 731
579 773
579 786
579 792
579 795
580 38
580 277
580 392
580 593
580 609
580 650
580 678
580 713
580 717
580 751
580 798
581 114
581 118
581 209
581 336
581 404
581 437
581 484
581 673
581 681
581 686
581 689
582 32
582 57
582 114
582 130
582 135
582 259
582 359
582 523
582 597
582 743
582 781
583 104
583 166
583 357
583 478
583 519
583 538
583 568
583 588
583 660
583 707
583 716
584 47
584 56
584 383
584 387
584 431
584 643
584 683
584 698
584 747
584 778
584 799
585 169
585 325
585 326
585 402
585 514
585 600
585 674
585 678
585 702
585 746
585 766
586 318
586 333
586 470
586 478
586 519
586 544
586 578
586 649
586 673
586 707
586 709
587 152
587 320
587 456
587 463
587 519
587 599
587 631
587 695
587 731
587 756
587 795
588 172
588 345
588 445
588 518
588 583
588 602
588 610
588 641
588 714
588 752
588 785
589 157
589 192
589 267
589 317
589 330
589 408
589 605
589 613
589 617
589 675
589 791
590 160
590 179
590 255
590 474
590 509
590 535
590 612
590 618
590 623
590 695
590 703
591 180
591 286
591 392
591 595
591 680
591 682
591 688
591 714
591 724
591 728
591 789
592 88
592 167
592 212
592 270
592 477
592 497
592 595
592 607
592 711
592 773
592 787
593 4
593 133
593 184
593 198
593 250
593 294
593 418
593 580
593 609
593 615
593 713
594 20
594 52
594 245
594 310
594 378
594 473
594 627
594 639
594 654
594 705
594 784
595 220
595 430
595 524
595 543
595 591
595 592
595 651
595 711
595 742
595 773
595 786
596 55
596 256
596 295
596 316
596 441
596 517
596 641
596 690
596 760
596 770
596 783
597 135
597 174
597 247
597 315
597 346
597 416
597 512
597 582
597 754
597 781
597 787
598 4
598 197
598 511
598 560
598 562
598 663
598 694
598 732
598 744
598 747
598 796
599 286
599 291
599 493
599 495
599 587
599 612
599 683
599 710
599 712
599 720
599 763
600 213
600 377
600 430
600 459
600 585
600 635
600 733
600 759
600 772
600 783
600 794
601 104
601 189
601 318
601 424
601 530
601 546
601 616
601 682
601 687
601 712
601 763
602 77
602 95
602 370
602 382
602 417
602 447
602 496
602 588
602 685
602 704
602 728
603 19
603 159
603 194
603 209
603 438
603 498
603 535
603 557
603 666
603 742
603 794
604 144
604 492
604 560
604 605
604 684
604 723
604 727
604 733
604 744
604 796
604 799
605 3
605 97
605 362
605 373
605 552
605 589
605 604
605 638
605 730
605 755
605 772
606 12
606 13
606 44
606 158
606 197
606 390
606 397
606 500
606 617
606 662
606 786
607 111
607 125
607 316
607 506
607 592
607 641
607 642
607 714
607 760
607 785
607 789
608 17
608 18
608 414
608 428
608 471
608 626
608 631
608 643
608 688
608 738
608 778
608 799
609 219
609 258
609 259
609 346
609 445
609 494
609 565
609 580
609 593
609 615
609 678
609 752
610 53
610 257
610 274
610 441
610 475
610 508
610 537
610 588
610 664
610 710
610 768
610 781
611 176
611 224
611 238
611 360
611 459
611 554
611 573
611 669
611 680
611 719
611 743
611 774
612 98
612 513
612 590
612 599
612 623
612 667
612 691
612 712
612 753
612 763
612 766
612 795
613 6
613 115
613 116
613 319
613 440
613 547
613 589
613 637
613 715
613 752
613 791
613 792
614 46
614 97
614 161
614 283
614 302
614 345
614 405
614 545
614 635
614 692
614 730
614 755
615 236
615 277
615 328
615 428
615 474
615 547
615 593
615 609
615 706
615 717
615 736
615 797
616 40
616 163
616 194
616 318
616 489
616 530
616 545
616 601
616 620
616 682
616 687
616 753
617 13
617 244
617 291
617 424
617 470
617 485
617 504
617 550
617 589
617 606
617 662
617 718
618 37
618 81
618 288
618 462
618 590
618 677
618 737
618 746
618 779
618 782
618 784
618 797
619 61
619 159
619 447
619 467
619 509
619 524
619 575
619 633
619 685
619 704
619 740
619 748
620 212
620 436
620 524
620 543
620 564
620 567
620 616
620 645
620 660
620 661
620 731
620 758
621 43
621 68
621 394
621 623
621 629
621 691
621 702
621 712
621 739
621 763
621 765
621 795
622 85
622 120
622 201
622 329
622 534
622 563
622 647
622 689
622 694
622 731
622 776
622 798
623 219
623 234
623 309
623 422
623 424
623 541
623 590
623 612
623 621
623 712
623 743
623 782
624 222
624 224
624 380
624 416
624 449
624 487
624 500
624 626
624 661
624 681
624 743
624 774
625 141
625 156
625 249
625 277
625 390
625 525
625 626
625 627
625 650
625 675
625 690
625 753
626 96
626 208
626 483
626 521
626 525
626 608
626 624
626 625
626 690
626 710
626 747
626 753
627 87
627 269
627 310
627 339
627 473
627 578
627 594
627 625
627 639
627 654
627 705
627 760
628 144
628 202
628 380
628 450
628 480
628 511
628 651
628 666
628 693
628 732
628 744
628 796
629 63
629 87
629 105
629 243
629 251
629 388
629 491
629 621
629 636
629 700
629 780
629 798
630 28
630 109
630 117
630 257
630 459
630 545
630 635
630 730
630 745
630 755
630 772
630 783
631 77
631 139
631 187
631 271
631 305
631 421
631 516
631 527
631 587
631 608
631 738
631 782
632 148
632 208
632 288
632 437
632 455
632 494
632 503
632 551
632 707
632 750
632 781
632 798
633 316
633 348
633 517
633 523
633 550
633 569
633 619
633 652
633 699
633 725
633 775
633 783
634 158
634 207
634 233
634 260
634 309
634 348
634 351
634 422
634 538
634 698
634 740
634 751
635 213
635 283
635 349
635 377
635 427
635 494
635 517
635 600
635 614
635 630
635 733
635 774
636 105
636 237
636 244
636 491
636 494
636 572
636 629
636 669
636 700
636 719
636 767
636 788
637 22
637 48
637 54
637 116
637 223
637 319
637 323
637 330
637 409
637 613
637 638
637 718
637 723
638 128
638 188
638 225
638 241
638 290
638 370
638 463
638 538
638 605
638 637
638 698
638 763
638 791
639 20
639 131
639 204
639 269
639 289
639 310
639 473
639 594
639 627
639 643
639 654
639 677
639 705
640 70
640 147
640 428
640 457
640 462
640 504
640 676
640 677
640 736
640 737
640 762
640 783
640 787
641 172
641 228
641 445
641 556
641 577
641 588
641 596
641 607
641 679
641 680
641 688
641 702
641 714
642 33
642 58
642 85
642 113
642 116
642 321
642 350
642 607
642 676
642 680
642 691
642 764
642 785
643 486
643 527
643 584
643 608
643 639
643 683
643 689
643 715
643 747
643 749
643 782
643 793
643 799
644 8
644 18
644 230
644 243
644 296
644 368
644 425
644 501
644 524
644 552
644 645
644 677
644 696
645 10
645 151
645 185
645 196
645 243
645 275
645 337
645 484
645 544
645 552
645 620
645 644
645 650
646 11
646 31
646 222
646 393
646 402
646 548
646 649
646 653
646 692
646 705
646 720
646 748
646 771
647 130
647 182
647 274
647 396
647 413
647 466
647 515
647 622
647 708
647 738
647 772
647 779
647 798
648 167
648 200
648 272
648 333
648 340
648 481
648 506
648 523
648 700
648 732
648 767
648 780
648 788
649 86
649 90
649 370
649 395
649 470
649 478
649 586
649 646
649 676
649 686
649 716
649 721
649 785
650 8
650 32
650 363
650 523
650 525
650 539
650 580
650 625
650 645
650 690
650 742
650 753
650 769
651 65
651 155
651 307
651 354
651 377
651 595
651 628
651 667
651 679
651 737
651 749
651 761
651 765
652 2
652 44
652 53
652 79
652 162
652 539
652 555
652 633
652 653
652 754
652 757
652 775
652 783
653 11
653 106
653 205
653 352
653 354
653 358
653 432
653 531
653 646
653 652
653 692
653 720
653 777
654 63
654 217
654 236
654 310
654 339
654 467
654 473
654 594
654 627
654 639
654 658
654 705
654 769
655 83
655 87
655 145
655 267
655 314
655 498
655 518
655 537
655 670
655 678
655 697
655 741
655 790
656 162
656 240
656 326
656 327
656 356
656 376
656 491
656 533
656 674
656 702
656 752
656 772
656 796
657 13
657 56
657 116
657 197
657 281
657 291
657 382
657 424
657 480
657 565
657 662
657 681
657 788
658 204
658 255
658 289
658 338
658 443
658 457
658 497
658 557
658 577
658 654
658 660
658 741
658 779
659 12
659 25
659 86
659 188
659 225
659 241
659 286
659 319
659 409
659 479
659 502
659 791
659 792
660 41
660 73
660 184
660 231
660 388
660 475
660 544
660 583
660 620
660 658
660 665
660 758
660 794
661 164
661 254
661 305
661 380
661 394
661 447
661 573
661 620
661 624
661 669
661 693
661 743
661 774
662 138
662 244
662 281
662 291
662 438
662 565
662 570
662 606
662 617
662 657
662 667
662 702
662 729
663 4
663 89
663 144
663 179
663 208
663 248
663 351
663 516
663 598
663 723
663 727
663 783
663 796
664 84
664 98
664 166
664 280
664 325
664 333
664 401
664 487
664 546
664 610
664 715
664 724
664 764
664 794
665 23
665 62
665 295
665 300
665 365
665 384
665 420
665 561
665 574
665 660
665 709
665 712
665 763
665 776
666 103
666 203
666 204
666 421
666 532
666 535
666 603
666 628
666 670
666 696
666 741
666 758
666 789
666 793
667 126
667 263
667 306
667 550
667 612
667 651
667 662
667 679
667 718
667 722
667 737
667 749
667 761
667 789
668 128
668 248
668 360
668 387
668 403
668 412
668 417
668 469
668 503
668 537
668 551
668 699
668 750
668 784
669 24
669 170
669 191
669 238
669 297
669 380
669 472
669 510
669 512
669 611
669 636
669 661
669 743
669 774
670 27
670 125
670 176
670 177
670 267
670 293
670 443
670 475
670 558
670 655
670 666
670 741
670 743
670 752
671 265
671 315
671 336
671 391
671 419
671 429
671 500
671 677
671 699
671 736
671 746
671 762
671 777
671 784
672 45
672 188
672 417
672 454
672 499
672 531
672 692
672 723
672 734
672 748
672 773
672 777
672 788
672 792
673 171
673 205
673 206
673 222
673 342
673 454
673 498
673 531
673 532
673 549
673 581
673 586
673 734
673 789
674 42
674 136
674 299
674 323
674 326
674 356
674 358
674 420
674 579
674 585
674 656
674 702
674 712
674 766
675 32
675 190
675 249
675 284
675 363
675 483
675 516
675 521
675 556
675 566
675 589
675 625
675 710
675 731
676 36
676 178
676 184
676 354
676 404
676 419
676 429
676 640
676 642
676 649
676 681
676 741
676 787
676 797
677 146
677 246
677 355
677 404
677 449
677 618
677 639
677 640
677 644
677 671
677 682
677 686
677 784
677 787
678 107
678 214
678 278
678 428
678 518
678 558
678 580
678 585
678 609
678 655
678 717
678 725
678 785
678 790
679 30
679 52
679 65
679 282
679 641
679 651
679 667
679 684
679 704
679 737
679 749
679 761
679 765
679 767
680 123
680 295
680 423
680 571
680 591
680 611
680 641
680 642
680 700
680 736
680 749
680 785
680 789
680 798
681 153
681 322
681 346
681 436
681 477
681 558
681 581
681 624
681 657
681 676
681 711
681 717
681 719
681 786
682 64
682 104
682 194
682 358
682 435
682 489
682 530
682 546
682 591
682 601
682 616
682 677
682 694
682 710
683 305
683 439
683 467
683 486
683 548
683 576
683 584
683 599
683 643
683 684
683 701
683 742
683 778
683 782
684 85
684 113
684 140
684 163
684 221
684 300
684 332
684 426
684 443
684 604
684 679
684 683
684 758
684 794
685 51
685 154
685 156
685 240
685 329
685 412
685 431
685 467
685 602
685 619
685 728
685 740
685 754
685 761
686 287
686 307
686 336
686 361
686 416
686 419
686 444
686 484
686 540
686 581
686 649
686 677
686 690
686 781
687 159
687 194
687 209
687 358
687 419
687 489
687 530
687 545
687 546
687 557
687 601
687 616
687 748
687 763
688 80
688 115
688 263
688 295
688 349
688 357
688 392
688 401
688 459
688 476
688 508
688 591
688 608
688 641
689 131
689 150
689 211
689 466
689 468
689 501
689 505
689 581
689 622
689 643
689 708
689 742
689 745
689 791
690 206
690 213
690 482
690 483
690 523
690 525
690 566
690 575
690 578
690 596
690 625
690 626
690 650
690 686
690 710
691 35
691 43
691 146
691 260
691 395
691 414
691 548
691 556
691 563
691 612
691 621
691 642
691 698
691 704
691 763
692 11
692 18
692 38
692 187
692 235
692 341
692 614
692 646
692 653
692 672
692 706
692 720
692 734
692 738
692 777
693 18
693 47
693 79
693 100
693 103
693 256
693 443
693 472
693 527
693 541
693 628
693 661
693 694
693 738
693 799
694 34
694 131
694 150
694 396
694 464
694 489
694 572
694 598
694 622
694 682
694 693
694 697
694 745
694 778
694 798
695 7
695 57
695 207
695 230
695 369
695 372
695 444
695 547
695 587
695 590
695 712
695 752
695 765
695 775
695 795
696 19
696 255
696 279
696 308
696 314
696 430
696 528
696 532
696 544
696 557
696 644
696 666
696 697
696 750
696 794
697 229
697 439
697 483
697 555
697 655
697 694
697 696
697 713
697 722
697 725
697 729
697 757
697 760
697 770
697 775
698 168
698 182
698 186
698 348
698 401
698 495
698 522
698 584
698 634
698 638
698 691
698 703
698 709
698 785
698 792
699 88
699 165
699 304
699 314
699 383
699 411
699 524
699 564
699 567
699 633
699 668
699 671
699 703
699 711
699 731
700 247
700 397
700 399
700 427
700 491
700 570
700 629
700 636
700 648
700 680
700 705
700 719
700 767
700 780
700 788
701 55
701 100
701 298
701 410
701 414
701 510
701 683
701 721
701 733
701 735
701 738
701 747
701 778
701 782
701 799
702 22
702 76
702 139
702 327
702 356
702 420
702 533
702 585
702 621
702 641
702 656
702 662
702 674
702 744
702 766
703 76
703 149
703 173
703 174
703 220
703 237
703 257
703 299
703 418
703 465
703 590
703 698
703 699
703 705
703 768
704 58
704 74
704 154
704 169
704 177
704 372
704 382
704 496
704 575
704 602
704 619
704 679
704 691
704 734
704 740
705 63
705 88
705 269
705 310
705 313
705 339
705 397
705 473
705 561
705 594
705 627
705 639
705 646
705 654
705 700
705 703
706 71
706 101
706 165
706 246
706 334
706 452
706 473
706 571
706 615
706 692
706 736
706 762
706 784
706 787
706 793
706 797
707 96
707 142
707 302
707 306
707 357
707 366
707 389
707 483
707 522
707 528
707 583
707 586
707 632
707 752
707 759
707 799
708 41
708 119
708 233
708 314
708 371
708 413
708 431
708 464
708 466
708 542
708 572
708 647
708 689
708 745
708 755
708 798
709 115
709 300
709 315
709 333
709 359
709 425
709 453
709 493
709 500
709 542
709 553
709 586
709 665
709 698
709 776
709 778
710 249
710 363
710 456
710 464
710 482
710 523
710 525
710 599
710 610
710 626
710 675
710 682
710 690
710 717
710 753
710 793
711 67
711 165
711 198
711 293
711 452
711 546
711 579
711 592
711 595
711 681
711 699
711 714
711 731
711 773
711 775
711 786
712 55
712 177
712 330
712 463
712 541
712 543
712 599
712 601
712 612
712 621
712 623
712 665
712 674
712 695
712 744
712 763
713 1
713 109
713 128
713 168
713 205
713 328
713 432
713 435
713 499
713 526
713 580
713 593
713 697
713 725
713 751
713 794
714 15
714 130
714 245
714 280
714 341
714 347
714 405
714 508
714 577
714 588
714 591
714 607
714 641
714 711
714 724
714 726
715 21
715 148
715 268
715 331
715 373
715 403
715 417
715 421
715 435
715 480
715 537
715 613
715 643
715 664
715 750
715 783
716 90
716 142
716 302
716 323
716 369
716 407
716 422
716 458
716 470
716 578
716 583
716 649
716 739
716 743
716 780
716 798
717 1
717 29
717 60
717 312
717 335
717 533
717 536
717 580
717 615
717 678
717 681
717 710
717 734
717 756
717 768
717 782
718 49
718 56
718 96
718 124
718 197
718 290
718 397
718 420
718 424
718 485
718 495
718 565
718 617
718 637
718 667
718 726
719 9
719 14
719 87
719 110
719 333
719 461
719 534
719 611
719 636
719 681
719 700
719 767
719 775
719 780
719 788
719 797
720 3
720 82
720 83
720 90
720 251
720 311
720 315
720 354
720 434
720 549
720 599
720 646
720 653
720 692
720 759
720 777
721 32
721 67
721 111
721 173
721 184
721 221
721 234
721 285
721 316
721 532
721 541
721 543
721 649
721 701
721 741
721 758
722 45
722 102
722 134
722 154
722 180
722 534
722 536
722 550
722 553
722 555
722 667
722 697
722 744
722 760
722 770
722 783
723 231
723 450
723 452
723 465
723 480
723 491
723 492
723 604
723 637
723 663
723 672
723 727
723 732
723 738
723 744
723 796
724 40
724 140
724 175
724 280
724 289
724 295
724 307
724 365
724 506
724 591
724 664
724 714
724 729
724 754
724 764
724 789
725 155
725 285
725 455
725 539
725 557
725 633
725 678
725 697
725 713
725 729
725 731
725 757
725 760
725 770
725 775
725 783
725 784
726 0
726 10
726 94
726 230
726 262
726 317
726 411
726 501
726 516
726 551
726 552
726 714
726 718
726 727
726 733
726 735
726 765
727 26
727 161
727 329
727 351
727 450
727 480
727 492
727 514
727 515
727 604
727 663
727 723
727 726
727 732
727 753
727 761
727 796
728 9
728 11
728 27
728 65
728 145
728 154
728 407
728 467
728 472
728 507
728 526
728 575
728 591
728 602
728 685
728 735
728 740
729 79
729 137
729 147
729 371
729 451
729 475
729 517
729 536
729 662
729 697
729 724
729 725
729 757
729 770
729 773
729 783
729 787
730 14
730 48
730 80
730 176
730 313
730 339
730 345
730 362
730 386
730 422
730 456
730 605
730 614
730 630
730 755
730 772
730 778
731 304
731 441
731 521
731 564
731 567
731 579
731 587
731 620
731 622
731 675
731 699
731 711
731 725
731 742
731 773
731 778
731 786
732 65
732 112
732 351
732 492
732 511
732 514
732 598
732 628
732 648
732 723
732 727
732 734
732 735
732 737
732 744
732 749
732 796
733 70
733 82
733 109
733 117
733 176
733 213
733 245
733 345
733 362
733 600
733 604
733 635
733 701
733 726
733 755
733 772
733 786
733 787
734 5
734 45
734 69
734 173
734 183
734 220
734 311
734 455
734 531
734 569
734 672
734 673
734 692
734 704
734 717
734 732
734 748
734 785
735 0
735 134
735 236
735 276
735 296
735 317
735 337
735 368
735 394
735 398
735 403
735 411
735 491
735 552
735 701
735 726
735 728
735 732
736 36
736 57
736 81
736 391
736 429
736 433
736 462
736 528
736 538
736 571
736 615
736 640
736 671
736 680
736 706
736 753
736 784
736 797
737 52
737 126
737 167
737 228
737 263
737 384
737 535
737 564
737 618
737 640
737 651
737 667
737 679
737 732
737 749
737 761
737 765
737 787
738 167
738 171
738 298
738 404
738 423
738 454
738 486
738 502
738 527
738 576
738 608
738 631
738 647
738 692
738 693
738 701
738 723
738 782
739 14
739 24
739 25
739 54
739 86
739 189
739 218
739 232
739 233
739 295
739 302
739 350
739 463
739 470
739 568
739 621
739 716
739 759
740 27
740 209
740 236
740 240
740 276
740 348
740 412
740 442
740 447
740 503
740 504
740 526
740 619
740 634
740 685
740 704
740 728
740 759
741 4
741 46
741 71
741 190
741 234
741 279
741 338
741 477
741 554
741 566
741 655
741 658
741 666
741 670
741 676
741 721
741 742
741 774
742 26
742 67
742 157
742 304
742 313
742 324
742 383
742 534
742 558
742 564
742 567
742 595
742 603
742 650
742 683
742 689
742 731
742 741
743 23
743 24
743 164
743 252
743 310
743 394
743 487
743 554
743 564
743 582
743 611
743 623
743 624
743 661
743 669
743 670
743 716
743 774
744 215
744 231
744 480
744 481
744 511
744 516
744 560
744 598
744 604
744 628
744 702
744 712
744 722
744 723
744 732
744 767
744 792
744 796
745 13
745 85
745 93
745 164
745 174
745 201
745 357
745 390
745 402
745 413
745 447
745 464
745 563
745 564
745 630
745 689
745 694
745 708
745 798
746 81
746 100
746 103
746 112
746 178
746 265
746 319
746 335
746 367
746 404
746 419
746 452
746 561
746 585
746 618
746 671
746 761
746 784
746 797
747 214
747 305
747 320
747 357
747 373
747 414
747 416
747 468
747 472
747 488
747 527
747 584
747 598
747 626
747 643
747 701
747 778
747 782
747 799
748 11
748 50
748 76
748 122
748 188
748 206
748 235
748 403
748 455
748 490
748 531
748 549
748 571
748 619
748 646
748 672
748 687
748 734
748 773
749 65
749 126
749 143
749 228
749 307
749 378
749 384
749 545
749 643
749 651
749 667
749 679
749 680
749 732
749 737
749 759
749 761
749 762
749 765
750 208
750 238
750 282
750 283
750 288
750 337
750 373
750 417
750 421
750 449
750 494
750 503
750 547
750 632
750 668
750 696
750 715
750 762
750 776
751 107
751 121
751 312
751 328
751 346
751 356
751 360
751 382
751 401
751 428
751 434
751 474
751 499
751 508
751 529
751 580
751 634
751 713
751 779
752 125
752 128
752 312
752 432
752 474
752 477
752 479
752 490
752 558
752 588
752 609
752 613
752 656
752 670
752 695
752 707
752 758
752 770
752 790
753 32
753 249
753 252
753 363
753 454
753 482
753 483
753 523
753 525
753 551
753 566
753 612
753 616
753 625
753 626
753 650
753 710
753 727
753 736
754 112
754 114
754 118
754 209
754 221
754 308
754 374
754 381
754 416
754 446
754 540
754 597
754 652
754 685
754 724
754 758
754 768
754 781
754 797
755 3
755 10
755 97
755 162
755 227
755 347
755 377
755 386
755 430
755 459
755 605
755 614
755 630
755 708
755 730
755 733
755 761
755 772
755 784
756 36
756 110
756 128
756 152
756 216
756 250
756 255
756 258
756 272
756 277
756 332
756 360
756 380
756 434
756 439
756 558
756 587
756 717
756 790
757 99
757 137
757 175
757 242
757 297
757 393
757 497
757 506
757 517
757 521
757 534
757 553
757 652
757 697
757 725
757 729
757 758
757 770
757 775
757 788
758 92
758 113
758 161
758 190
758 226
758 234
758 338
758 361
758 426
758 513
758 544
758 620
758 660
758 666
758 684
758 721
758 752
758 754
758 757
758 789
759 54
759 83
759 96
759 117
759 142
759 189
759 336
759 366
759 407
759 453
759 493
759 519
759 528
759 568
759 600
759 707
759 720
759 739
759 740
759 749
760 147
760 155
760 297
760 300
760 355
760 439
760 533
760 539
760 550
760 555
760 563
760 596
760 607
760 627
760 697
760 722
760 725
760 762
760 766
760 770
761 5
761 158
761 234
761 263
761 282
761 306
761 307
761 378
761 384
761 509
761 651
761 667
761 679
761 685
761 727
761 737
761 746
761 749
761 755
761 765
762 229
762 257
762 278
762 284
762 334
762 353
762 426
762 438
762 440
762 452
762 462
762 571
762 640
762 671
762 706
762 749
762 750
762 760
762 787
762 797
763 23
763 78
763 329
763 355
763 372
763 444
763 456
763 479
763 541
763 559
763 560
763 599
763 601
763 612
763 621
763 638
763 665
763 687
763 691
763 712
764 124
764 138
764 249
764 293
764 309
764 349
764 361
764 401
764 410
764 415
764 445
764 469
764 477
764 577
764 642
764 664
764 724
764 780
764 785
764 789
765 52
765 97
765 263
765 282
765 306
765 307
765 378
765 384
765 457
765 473
765 551
765 621
765 651
765 679
765 695
765 726
765 737
765 749
765 761
765 780
766 42
766 139
766 162
766 211
766 290
766 327
766 331
766 346
766 356
766 376
766 383
766 402
766 420
766 533
766 556
766 585
766 612
766 674
766 702
766 760
767 14
767 89
767 106
767 182
767 328
767 388
767 410
767 425
767 491
767 570
767 571
767 636
767 648
767 679
767 700
767 719
767 744
767 780
767 781
767 788
768 134
768 183
768 210
768 220
768 222
768 237
768 242
768 268
768 274
768 325
768 418
768 428
768 465
768 488
768 563
768 610
768 703
768 717
768 754
768 771
768 776
769 8
769 91
769 122
769 127
769 132
769 214
769 251
769 254
769 273
769 433
769 442
769 448
769 460
769 462
769 510
769 562
769 650
769 654
769 775
769 786
769 793
770 21
770 56
770 105
770 155
770 398
770 408
770 435
770 451
770 534
770 539
770 555
770 562
770 596
770 697
770 722
770 725
770 729
770 752
770 757
770 760
770 775
771 68
771 76
771 79
771 141
771 178
771 220
771 242
771 257
771 266
771 274
771 355
771 375
771 418
771 465
771 488
771 507
771 509
771 510
771 646
771 768
771 796
772 161
772 176
772 245
772 274
772 283
772 314
772 332
772 353
772 377
772 483
772 484
772 490
772 574
772 600
772 605
772 630
772 647
772 656
772 730
772 733
772 755
773 153
773 165
773 181
773 212
773 276
773 304
773 322
773 336
773 386
773 436
773 579
773 592
773 595
773 672
773 711
773 729
773 731
773 748
773 786
773 790
773 796
774 24
774 164
774 189
774 191
774 238
774 252
774 324
774 368
774 380
774 394
774 448
774 517
774 538
774 554
774 611
774 624
774 635
774 661
774 669
774 741
774 743
774 776
775 55
775 90
775 99
775 102
775 137
775 245
775 439
775 489
775 507
775 536
775 633
775 652
775 695
775 697
775 711
775 719
775 725
775 757
775 769
775 770
775 783
775 793
776 10
776 39
776 137
776 239
776 244
776 353
776 365
776 367
776 379
776 453
776 458
776 481
776 500
776 502
776 522
776 574
776 622
776 665
776 709
776 750
776 768
776 774
777 33
777 41
777 45
777 50
777 83
777 188
777 235
777 258
777 389
777 481
777 488
777 490
777 531
777 549
777 653
777 671
777 672
777 692
777 720
777 778
777 795
777 798
778 17
778 28
778 61
778 77
778 103
778 256
778 303
778 431
778 448
778 576
778 584
778 608
778 683
778 694
778 701
778 709
778 730
778 731
778 747
778 777
778 793
778 799
779 34
779 85
779 119
779 211
779 328
779 371
779 375
779 386
779 390
779 396
779 446
779 464
779 468
779 489
779 563
779 569
779 572
779 618
779 647
779 658
779 751
779 798
780 0
780 105
780 106
780 159
780 172
780 226
780 340
780 410
780 491
780 507
780 544
780 567
780 570
780 629
780 648
780 700
780 716
780 719
780 764
780 765
780 767
780 788
780 790
781 102
781 120
781 148
781 170
781 215
781 247
781 260
781 270
781 308
781 408
781 437
781 512
781 540
781 582
781 597
781 610
781 632
781 686
781 754
781 767
781 788
781 790
781 797
782 39
782 59
782 150
782 196
782 256
782 301
782 312
782 331
782 414
782 431
782 569
782 574
782 576
782 618
782 623
782 631
782 643
782 683
782 701
782 717
782 738
782 747
782 798
783 28
783 53
783 55
783 70
783 114
783 191
783 317
783 381
783 536
783 539
783 550
783 596
783 600
783 630
783 633
783 640
783 652
783 663
783 715
783 722
783 725
783 729
783 775
784 36
784 132
784 178
784 196
784 296
784 440
784 452
784 462
784 546
784 571
784 594
784 618
784 668
784 671
784 677
784 706
784 725
784 736
784 746
784 755
784 787
784 797
784 799
785 15
785 33
785 49
785 166
785 186
785 192
785 280
785 347
785 392
785 417
785 479
785 506
785 507
785 565
785 588
785 607
785 642
785 649
785 678
785 680
785 698
785 734
785 764
786 67
786 135
786 153
786 313
786 337
786 366
786 466
786 497
786 524
786 534
786 543
786 561
786 567
786 576
786 579
786 595
786 606
786 681
786 711
786 731
786 733
786 769
786 773
787 37
787 193
787 265
787 320
787 367
787 438
787 440
787 445
787 452
787 568
787 571
787 592
787 597
787 640
787 676
787 677
787 706
787 729
787 733
787 737
787 762
787 784
787 797
788 75
788 87
788 286
788 333
788 343
788 388
788 410
788 461
788 488
788 491
788 538
788 636
788 648
788 657
788 672
788 700
788 719
788 757
788 767
788 780
788 781
788 795
788 796
789 29
789 33
789 36
789 47
789 98
789 136
789 182
789 293
789 309
789 321
789 349
789 413
789 476
789 577
789 591
789 607
789 666
789 667
789 673
789 680
789 724
789 758
789 764
789 798
790 27
790 51
790 183
790 215
790 255
790 261
790 264
790 272
790 358
790 360
790 434
790 435
790 436
790 471
790 477
790 512
790 518
790 655
790 678
790 752
790 756
790 773
790 780
790 781
791 6
791 22
791 59
791 149
791 168
791 186
791 192
791 210
791 225
791 273
791 319
791 339
791 352
791 400
791 408
791 429
791 435
791 567
791 589
791 613
791 638
791 659
791 689
791 792
792 6
792 22
792 40
792 59
792 78
792 168
792 187
792 192
792 319
792 323
792 352
792 400
792 408
792 409
792 434
792 533
792 579
792 613
792 659
792 672
792 698
792 744
792 791
792 795
793 8
793 91
793 122
793 127
793 132
793 174
793 212
793 251
793 273
793 278
793 364
793 405
793 433
793 448
793 460
793 510
793 553
793 643
793 666
793 706
793 710
793 769
793 775
793 778
794 30
794 73
794 92
794 111
794 168
794 173
794 198
794 222
794 255
794 279
794 368
794 372
794 385
794 475
794 527
794 535
794 559
794 600
794 603
794 660
794 664
794 684
794 696
794 713
795 7
795 57
795 160
795 177
795 185
795 193
795 297
795 300
795 411
795 463
795 495
795 541
795 548
795 556
795 562
795 574
795 579
795 587
795 612
795 621
795 695
795 777
795 788
795 792
796 4
796 173
796 231
796 272
796 301
796 402
796 450
796 511
796 514
796 516
796 560
796 576
796 598
796 604
796 628
796 656
796 663
796 723
796 727
796 732
796 744
796 771
796 773
796 788
797 0
797 101
797 178
797 256
797 321
797 367
797 391
797 404
797 420
797 438
797 521
797 531
797 571
797 615
797 618
797 676
797 706
797 719
797 736
797 746
797 754
797 762
797 781
797 784
797 787
798 93
798 99
798 131
798 150
798 211
798 371
798 374
798 390
798 413
798 426
798 468
798 580
798 622
798 629
798 632
798 647
798 680
798 694
798 708
798 716
798 745
798 777
798 779
798 782
798 789
799 15
799 50
799 103
799 137
799 187
799 196
799 301
799 320
799 331
799 366
799 394
799 414
799 426
799 527
799 552
799 584
799 604
799 608
799 643
799 693
799 701
799 707
799 747
799 778
799 784
