149 379
301 314
318 395
37 320
68 309
88 395
85 146
249 318
252 266
283 367
172 305
339 352
301 383
283 284
193 339
10 385
201 314
70 395
138 379
188 353
88 353
150 252
296 345
193 247
127 346
205 283
120 205
284 305
245 352
284 394
48 150
245 394
192 266
362 386
48 305
193 386
305 394
174 249
37 379
309 364
353 395
321 354
149 346
364 383
318 325
41 379
79 377
88 367
73 100
15 174
127 149
204 385
346 379
192 243
27 70
264 308
27 362
97 358
89 213
142 386
186 339
10 156
32 353
41 346
79 364
354 386
374 394
205 352
46 299
186 346
252 394
354 367
85 237
249 394
301 374
135 283
321 339
320 321
20 152
321 367
377 378
377 385
155 325
27 96
299 304
314 385
243 285
28 245
235 247
41 237
32 204
18 20
204 354
146 269
15 394
32 364
100 304
142 205
283 362
96 318
48 358
352 395
149 174
79 249
152 345
304 346
150 284
234 352
12 156
150 249
245 309
48 285
156 309
284 354
345 372
314 383
18 377
358 394
37 247
46 304
372 385
27 235
308 367
264 374
74 383
299 383
186 362
120 353
205 362
88 394
96 321
308 374
192 367
204 378
339 386
201 320
301 308
96 354
28 305
367 386
192 358
364 385
301 377
18 219
234 249
192 395
142 367
74 353
188 352
325 353
97 395
109 378
243 325
227 305
320 385
79 301
172 385
339 367
266 353
156 378
299 332
146 346
325 372
127 237
32 201
374 385
318 385
296 395
332 377
201 204
66 378
235 354
97 284
20 325
89 374
15 379
109 364
305 358
262 358
309 374
12 377
212 320
352 383
142 308
250 269
227 249
135 367
269 379
79 252
155 362
250 358
234 252
15 346
106 296
299 374
237 379
309 383
68 152
264 314
266 395
249 395
212 386
227 353
237 346
174 269
120 395
150 266
205 212
234 374
256 296
73 212
204 283
378 385
28 266
346 374
146 379
332 358
142 296
321 386
27 97
284 395
20 372
219 394
227 358
243 256
235 367
68 383
12 385
374 378
100 346
37 378
256 325
186 367
213 314
264 378
172 309
269 346
138 372
74 325
219 250
234 395
264 309
345 364
296 372
352 394
138 174
362 378
285 345
155 285
172 352
174 379
46 296
106 127
352 385
85 379
262 395
318 372
264 395
304 378
339 362
188 262
186 354
243 367
256 358
89 308
188 219
10 352
66 325
135 386
219 353
18 345
37 308
172 364
305 353
68 301
320 383
85 269
364 378
332 339
66 374
12 299
201 383
247 339
89 378
353 385
320 374
256 372
213 383
192 394
109 172
106 318
48 372
192 227
73 332
46 395
193 354
213 308
247 386
109 320
79 374
358 395
314 320
127 379
377 383
212 245
345 385
250 394
96 314
245 284
120 269
245 262
142 354
10 371
10 380
12 365
15 370
18 80
20 334
28 396
28 275
32 253
41 119
41 240
46 248
66 223
66 356
68 337
11 70
70 330
70 381
73 370
73 112
74 108
74 311
85 242
85 185
88 348
40 88
89 376
89 302
96 388
97 366
53 97
100 271
98 100
100 248
106 357
106 399
106 118
109 280
109 330
78 120
99 120
127 147
135 381
91 135
116 135
138 390
138 399
138 223
138 196
142 278
146 396
146 229
146 241
149 273
59 149
149 326
150 246
150 303
152 336
152 330
152 229
152 334
155 351
155 370
155 324
155 259
156 187
156 336
156 324
172 390
158 174
186 355
186 369
58 188
133 188
188 287
192 221
193 380
193 206
117 193
193 208
1 201
201 335
201 363
190 204
204 398
205 380
205 278
212 384
212 380
212 276
213 388
213 311
213 300
213 344
126 219
219 288
219 387
227 393
227 397
31 227
194 234
134 234
234 393
235 322
99 235
235 292
235 388
237 348
207 237
237 391
95 243
243 311
243 315
243 399
245 397
130 245
49 247
247 254
247 326
247 380
249 375
179 250
189 250
250 351
250 391
61 250
40 252
252 331
252 322
252 286
256 271
256 396
4 256
256 291
262 388
72 262
262 322
134 262
262 355
264 350
264 371
151 264
266 355
266 342
266 375
266 389
45 269
269 300
221 269
283 348
231 283
283 292
283 396
284 341
131 284
285 370
285 316
47 285
285 286
285 399
38 285
296 376
296 365
143 296
296 343
197 299
248 299
299 347
299 329
171 299
260 301
293 301
301 316
230 301
244 304
279 304
195 304
304 319
153 304
198 304
305 387
157 305
295 305
308 366
103 308
308 311
260 309
309 359
309 361
291 314
314 387
310 314
314 368
232 318
318 399
318 351
260 318
2 320
320 387
307 320
321 349
321 392
321 337
231 321
122 321
136 321
161 325
297 325
325 365
325 368
101 332
302 332
248 332
332 355
159 332
313 332
332 340
86 332
332 376
50 339
303 339
59 339
339 341
276 339
112 345
334 345
211 345
324 345
345 357
23 345
115 345
346 357
289 346
282 346
287 352
352 363
323 352
348 352
238 353
99 353
153 353
107 354
276 354
224 354
230 354
354 387
358 366
263 358
358 359
347 358
169 358
220 362
302 362
362 381
288 362
362 380
137 362
7 362
207 362
344 364
23 364
111 364
16 364
290 364
121 364
364 369
355 367
367 380
176 367
13 372
279 372
343 372
324 372
349 372
326 372
360 372
372 399
313 372
167 374
331 374
326 374
335 374
377 381
203 377
118 377
343 377
244 377
295 377
350 377
335 377
377 384
286 377
267 377
51 378
373 378
140 378
331 378
257 378
363 378
19 379
226 379
76 379
241 379
379 396
289 379
45 379
379 398
229 383
375 383
64 383
323 383
383 389
279 383
344 383
177 385
131 385
376 385
224 385
344 385
64 385
370 386
179 386
159 386
371 386
337 386
98 386
313 386
254 386
287 386
7 386
25 386
278 394
198 394
107 394
351 394
40 394
93 394
11 394
392 394
242 394
336 394
347 395
328 395
134 395
225 395
351 395
