43 197
99 109
20 157
3 191
0 197
86 198
162 174
69 162
161 191
168 194
143 194
137 194
100 144
74 161
99 187
47 187
144 198
82 143
98 191
22 174
47 161
22 198
71 157
113 187
78 104
0 151
74 162
140 194
147 159
20 121
125 151
77 157
14 78
22 102
162 197
137 147
69 194
43 140
3 174
74 168
70 125
25 159
66 159
98 137
43 162
162 191
70 191
121 198
197 198
77 147
194 197
137 198
22 148
63 134
140 161
69 197
20 66
82 113
102 194
66 194
134 186
98 187
98 125
194 198
71 140
78 198
186 197
121 148
99 186
23 109
69 151
140 143
148 151
25 191
100 197
161 174
83 197
14 186
53 198
186 198
162 187
3 77
157 191
14 198
147 194
23 140
63 159
151 197
86 140
125 191
113 159
174 198
186 191
77 159
104 197
100 157
148 186
53 186
86 151
63 78
134 161
82 187
159 187
83 161
99 194
43 194
86 144
78 109
151 194
109 198
186 194
20 143
168 187
143 144
25 137
23 159
100 198
147 187
53 197
23 187
104 186
144 197
0 143
125 168
109 121
148 194
144 157
23 143
98 197
70 174
162 168
134 191
144 194
102 148
47 125
82 147
99 198
143 197
83 102
83 186
77 186
140 198
102 121
71 191
100 194
99 197
3 126
25 193
43 182
33 47
47 177
53 155
53 136
63 182
63 170
66 173
66 165
69 92
69 142
56 70
70 146
70 199
71 177
71 185
26 74
74 126
74 91
77 188
77 130
57 78
78 123
82 199
55 83
83 88
86 179
37 86
98 199
98 188
75 99
76 100
100 199
100 176
102 169
102 179
93 102
104 138
104 177
104 135
85 104
41 109
113 199
96 113
88 113
113 124
121 128
121 181
27 125
29 125
8 134
129 134
134 178
15 134
129 137
137 176
116 137
135 137
76 140
31 143
144 164
144 181
147 169
62 147
40 148
131 148
36 148
148 182
89 148
151 171
151 183
157 166
79 157
157 193
157 172
101 159
123 159
155 159
159 199
161 182
161 172
24 161
162 178
146 162
162 173
8 168
168 173
1 168
15 168
168 172
91 168
27 168
36 174
172 174
92 174
146 174
126 174
139 174
174 188
85 186
128 186
185 186
160 186
80 186
118 187
150 187
176 187
138 187
76 187
154 187
56 187
114 187
127 191
154 191
49 191
156 191
28 191
156 194
88 194
80 194
131 194
193 194
64 194
81 197
171 197
138 197
52 197
177 197
129 198
165 198
10 198
166 194
