39 46
54 120
110 190
6 97
45 111
111 158
30 107
103 196
110 111
59 158
141 158
175 196
180 196
46 61
107 141
175 184
184 189
48 196
46 97
35 189
130 196
54 163
84 108
141 163
141 189
59 72
167 189
61 97
42 189
72 196
145 175
30 111
16 196
163 190
16 175
44 107
132 184
39 107
13 54
45 163
158 189
34 119
120 130
2 184
35 152
184 190
152 189
84 184
4 119
108 132
110 175
152 163
103 145
158 190
119 141
72 90
108 111
119 190
120 189
13 184
180 184
39 184
51 152
103 190
45 103
145 163
42 180
73 152
132 158
105 180
108 167
2 190
117 190
180 189
68 130
7 73
90 117
68 73
32 111
35 50
2 163
61 184
48 180
105 196
44 119
39 119
158 175
103 141
145 190
105 189
34 44
163 196
132 190
50 141
130 189
120 167
6 34
120 141
190 196
16 167
68 189
120 190
7 175
97 119
97 105
72 175
42 130
145 196
59 110
51 167
61 180
110 196
34 84
50 132
130 180
180 190
59 190
163 175
54 184
45 184
132 175
13 189
16 180
48 184
4 97
90 120
6 107
145 189
35 180
68 90
117 196
48 175
189 196
4 107
51 117
2 137
2 191
4 199
4 172
6 58
6 192
7 197
7 159
7 195
13 134
13 191
16 169
20 30
30 176
30 193
32 146
32 162
32 168
32 133
34 177
35 96
39 164
42 126
42 63
44 155
44 191
45 176
46 197
46 166
48 109
48 199
50 156
50 174
50 198
51 113
18 51
51 106
54 188
54 168
59 140
59 147
61 122
61 153
25 68
68 101
72 168
72 198
73 121
3 73
73 116
84 181
84 183
84 115
71 84
9 90
90 178
90 147
97 146
97 118
103 157
103 193
103 195
105 114
105 147
105 143
105 188
107 155
107 121
108 162
108 161
108 191
108 173
110 135
110 161
74 110
111 186
111 198
104 117
117 170
117 182
117 124
119 174
119 151
66 120
120 151
130 136
130 198
132 165
96 132
125 132
116 141
141 187
144 145
52 145
142 145
82 145
75 152
40 152
152 176
152 187
98 152
152 153
139 158
0 158
122 158
62 158
158 198
82 158
161 163
163 193
87 163
22 163
163 179
134 167
167 179
31 167
64 167
167 185
157 167
167 199
167 193
167 195
150 175
156 175
14 175
21 175
57 175
37 180
11 180
180 193
109 180
86 180
172 180
139 184
181 184
24 184
174 184
184 185
65 184
185 189
157 189
186 189
189 197
188 189
142 189
190 191
9 190
178 190
162 190
83 190
154 190
99 190
14 196
196 198
94 196
185 196
0 196
196 197
89 196
139 196
135 196
161 196
179 196
