114 195
5 165
165 171
89 166
52 94
57 185
52 192
93 192
106 179
156 195
85 106
94 95
79 169
89 149
122 123
178 185
81 185
60 123
9 178
185 195
165 195
31 60
91 123
17 124
85 192
29 192
33 133
142 192
94 155
142 164
81 192
57 153
10 153
133 142
91 164
133 192
133 155
171 185
123 192
123 142
57 178
8 94
179 195
1 60
93 122
41 185
29 155
106 165
136 195
94 192
164 166
153 178
55 171
127 165
166 192
1 179
114 169
93 164
17 164
166 169
122 155
17 169
178 195
79 195
89 179
18 123
122 133
10 195
156 185
55 153
79 81
91 192
95 136
124 136
62 179
124 185
52 142
156 179
127 136
149 192
55 156
18 88
127 133
8 156
9 165
89 169
169 185
91 155
127 178
95 179
88 164
136 169
81 149
149 195
41 171
179 185
171 178
88 149
56 106
17 178
18 192
127 171
165 169
165 166
56 133
171 195
41 156
106 192
136 185
5 166
127 195
37 156
29 164
114 171
164 192
79 153
93 127
5 185
123 133
136 156
124 165
155 192
37 114
149 169
169 171
155 164
57 195
9 185
37 195
93 94
10 79
124 149
81 153
122 164
89 195
33 52
95 171
31 166
55 165
62 195
122 192
133 166
60 169
5 142
5 192
114 178
149 178
1 181
8 172
10 173
17 199
18 193
29 170
31 65
33 126
33 64
41 173
55 112
56 138
56 199
60 181
60 182
62 193
62 188
79 92
19 81
85 96
85 183
76 85
88 177
91 131
93 188
95 176
95 188
106 199
106 193
114 160
122 160
124 181
124 193
127 131
136 150
139 142
96 149
146 149
149 188
128 153
153 173
116 153
49 155
164 170
28 164
160 165
118 166
166 177
166 176
27 169
154 171
171 183
171 187
160 178
178 183
139 179
177 179
179 193
87 185
186 192
154 192
75 192
24 195
75 195
138 195
40 195
