295 739
280 785
365 665
463 638
637 638
43 444
179 590
485 718
233 370
216 470
594 639
96 759
664 724
321 565
160 795
186 791
179 538
420 718
470 617
225 659
12 606
189 739
96 707
138 764
207 695
479 659
376 656
357 568
601 687
142 759
590 695
638 763
530 687
556 691
538 638
280 714
63 705
143 241
357 583
260 634
445 588
358 674
6 792
578 716
599 763
7 695
152 179
556 795
463 739
707 759
409 659
591 789
318 586
591 680
78 160
568 759
269 627
623 712
588 714
20 269
138 423
136 789
528 578
291 565
479 763
476 495
295 688
310 639
522 707
642 785
15 785
289 639
508 714
478 649
528 759
192 785
124 718
424 623
365 577
641 688
691 698
90 649
7 179
136 350
637 718
712 763
400 792
166 366
330 712
158 634
139 766
225 791
96 718
20 639
162 766
22 637
23 300
189 601
281 662
33 642
54 759
233 366
90 407
612 763
606 662
86 649
44 606
138 244
136 476
269 639
607 641
541 712
664 764
172 588
612 795
545 616
588 785
293 789
587 795
714 724
186 423
680 785
601 616
108 444
613 791
583 707
687 763
63 654
589 617
269 705
358 530
522 561
612 712
621 739
350 642
594 654
561 705
57 795
372 422
57 495
146 309
541 763
588 641
568 583
295 423
280 664
408 792
172 350
698 785
302 707
356 674
397 606
139 702
12 659
591 682
538 583
422 538
420 766
289 415
43 621
473 654
420 674
192 290
698 792
241 659
397 718
330 400
612 623
290 638
12 408
49 565
347 714
522 698
59 168
423 680
612 766
485 548
764 785
401 764
548 562
98 789
493 548
621 795
641 680
310 594
347 785
519 587
716 739
54 478
323 674
194 616
375 577
356 702
601 682
162 533
479 785
116 637
323 420
56 657
115 688
656 702
401 664
244 617
319 791
339 791
358 687
90 716
420 702
23 665
22 792
506 724
508 688
659 792
365 561
293 764
123 476
168 698
791 792
495 795
538 634
621 763
116 657
578 627
186 698
182 698
269 293
627 654
182 392
565 785
541 795
172 641
189 232
352 409
319 613
207 289
356 656
533 766
509 556
444 763
577 714
98 612
352 791
356 766
562 795
578 586
310 627
445 577
6 791
408 589
162 376
370 638
607 714
347 506
143 408
281 657
40 172
350 739
489 687
194 682
352 400
546 664
207 634
295 724
166 392
739 759
78 792
607 789
309 789
300 795
530 601
612 691
319 659
290 766
358 682
691 763
295 665
142 716
561 665
372 763
376 766
577 789
168 792
634 698
621 623
310 654
370 519
545 687
657 662
186 785
139 533
116 613
13 617
627 639
59 792
470 716
528 707
590 612
680 789
339 654
533 702
641 714
401 688
577 641
42 674
233 634
166 583
104 546
541 562
260 495
589 613
546 682
78 763
724 764
44 158
370 649
22 702
479 509
792 795
20 225
33 785
590 623
649 785
289 508
291 657
485 617
40 792
193 538
309 764
397 485
401 415
15 166
456 509
323 637
621 702
180 591
321 642
545 546
473 639
116 330
568 739
146 691
616 687
357 707
43 519
318 545
638 698
152 562
291 662
115 561
638 791
15 714
506 607
463 712
369 716
565 657
216 395
49 718
192 791
556 641
193 795
369 568
369 695
318 601
649 716
66 530
422 444
330 589
519 583
310 705
392 688
422 634
409 637
232 739
493 759
323 716
136 674
357 688
617 718
358 545
409 792
444 695
420 665
702 766
659 791
54 739
395 528
146 556
197 657
473 627
152 194
577 764
695 795
407 562
197 606
244 397
372 695
124 764
66 545
548 795
556 766
408 791
422 716
530 616
241 530
158 565
473 594
424 617
478 586
216 578
108 509
232 369
665 712
98 347
641 702
182 789
182 350
104 601
470 739
42 766
548 691
724 789
63 339
642 680
674 712
617 662
616 682
197 718
319 792
442 561
302 739
366 759
586 649
22 791
642 764
565 662
583 716
49 158
143 415
309 456
318 616
319 528
13 657
56 718
327 702
445 641
489 682
194 687
366 707
591 688
138 476
78 541
86 493
318 489
180 321
476 789
665 763
138 662
295 680
422 623
463 795
495 599
116 642
456 587
233 739
639 654
302 716
291 617
546 601
281 290
401 698
519 759
349 764
375 415
479 548
115 613
104 583
349 688
415 764
108 302
260 691
489 616
352 792
327 376
349 789
193 260
607 785
456 763
43 691
599 612
397 705
309 623
40 616
621 712
546 687
290 718
530 682
639 705
319 637
7 795
400 791
591 714
327 766
207 327
424 485
57 695
323 792
44 372
476 688
160 590
124 375
216 568
123 680
20 594
6 613
44 424
289 724
424 718
160 372
599 712
108 562
587 599
473 705
330 637
232 400
586 707
123 323
601 712
280 724
627 705
33 789
662 702
613 792
166 664
123 415
166 785
470 586
225 638
395 691
96 407
321 789
280 423
395 649
407 759
86 659
470 649
456 562
180 293
23 763
162 656
180 323
232 407
143 192
192 589
300 665
656 674
654 705
601 763
519 586
495 718
541 623
493 599
309 634
66 489
583 588
606 617
40 724
54 637
442 522
506 785
509 590
152 587
533 656
621 691
49 785
424 601
168 791
489 546
291 599
160 376
241 638
674 766
56 397
607 642
158 606
269 375
395 578
327 656
13 606
392 785
321 506
192 792
695 712
104 682
594 627
339 705
478 583
613 637
392 591
533 792
445 764
642 691
225 409
302 528
591 724
189 759
290 485
495 698
594 705
589 791
244 662
339 627
463 587
508 577
142 707
98 664
445 506
42 420
357 528
115 442
6 63
241 578
764 789
407 716
365 724
370 395
86 739
59 791
565 718
493 578
674 702
587 695
424 657
7 195
15 482
15 799
20 391
23 743
23 542
33 777
42 451
44 652
49 406
54 144
56 584
56 770
57 582
57 736
59 782
63 629
66 487
66 170
78 353
90 720
90 775
96 626
98 265
115 709
123 305
124 507
136 451
139 406
139 631
17 142
143 749
146 560
146 677
152 756
158 761
162 755
162 652
168 713
172 523
172 780
179 663
180 433
180 722
182 767
186 414
189 774
193 787
193 573
170 194
197 598
197 248
197 226
207 261
216 756
225 378
232 482
241 560
244 636
244 776
260 781
260 490
281 282
200 281
295 596
300 379
300 709
300 760
302 614
309 518
310 743
17 310
155 318
248 318
319 746
321 797
327 402
330 539
339 730
347 755
349 450
349 635
350 469
352 542
352 653
206 352
356 751
357 747
358 653
358 790
365 776
365 574
366 799
133 369
343 369
370 539
375 406
375 771
376 378
343 376
242 392
392 580
384 395
397 700
249 400
401 421
401 751
379 407
408 494
408 770
408 781
231 409
415 510
420 797
16 422
422 730
423 738
423 459
224 423
311 424
315 442
442 769
442 458
16 444
445 787
403 445
445 609
456 710
456 730
463 469
463 499
301 470
473 706
48 473
473 765
306 476
476 531
340 478
31 478
218 478
389 479
284 479
332 485
419 485
489 775
493 555
493 709
183 493
81 495
416 495
506 648
506 757
506 570
69 508
451 508
508 751
508 610
346 509
509 771
509 761
522 776
520 522
364 522
266 522
528 736
528 529
527 530
320 530
530 571
533 717
533 760
538 774
538 788
538 736
320 538
537 541
541 693
545 630
545 749
545 614
100 545
546 784
273 548
548 683
548 646
191 548
191 556
556 675
556 576
363 561
561 746
502 561
562 769
562 770
562 598
565 609
568 787
345 577
107 577
51 578
218 578
578 690
333 586
586 673
586 709
320 587
587 631
587 756
345 588
518 588
588 610
589 605
589 675
590 618
590 703
286 591
594 784
245 594
378 594
52 594
599 710
286 599
599 720
599 683
500 606
607 760
316 607
612 753
612 667
613 715
440 613
547 613
613 752
616 753
550 617
621 629
621 765
68 621
394 621
623 743
623 782
87 627
627 760
625 627
634 751
351 634
48 637
637 723
128 638
605 638
188 638
639 677
639 643
641 679
596 641
228 641
642 676
649 676
646 649
654 769
217 654
656 796
326 656
491 656
656 772
657 788
480 657
286 659
188 659
502 659
438 662
570 662
662 667
662 729
325 664
487 664
333 664
610 664
664 715
665 776
384 665
574 665
665 709
62 665
326 674
299 674
585 674
680 749
611 680
680 700
571 680
680 736
64 682
435 682
682 710
677 682
687 748
419 687
459 688
608 688
263 688
80 688
35 691
414 691
547 695
695 775
695 765
584 698
698 709
698 703
76 702
585 702
702 744
700 705
703 705
646 705
389 707
306 707
707 799
483 707
632 707
55 712
712 744
341 714
405 714
245 714
458 716
716 798
716 780
716 743
667 718
175 724
307 724
724 729
218 739
24 739
14 739
83 759
720 759
600 759
453 759
117 759
749 759
560 763
355 763
410 764
469 764
249 764
764 780
331 766
346 766
585 766
760 766
402 766
507 785
678 785
734 785
417 785
47 789
673 789
36 789
667 789
149 791
273 791
429 791
435 791
210 791
672 792
187 792
434 792
744 792
297 795
777 795
574 795
788 795
