306 983
340 631
90 983
717 953
760 870
641 814
104 906
790 975
790 836
487 593
219 552
43 748
416 508
715 913
651 901
487 658
738 864
926 977
229 911
357 438
317 900
458 982
371 587
566 960
630 921
737 857
412 598
382 651
418 684
593 748
239 905
261 955
587 853
626 949
279 749
385 715
389 983
786 895
552 921
651 752
48 523
229 964
495 525
499 710
207 737
239 641
536 921
710 921
181 639
200 968
663 853
955 977
317 931
6 667
266 695
527 905
692 968
382 591
298 906
328 426
923 973
270 975
487 778
510 901
409 738
656 953
352 872
849 923
222 760
531 830
584 794
371 944
415 592
423 903
332 531
836 913
306 829
576 944
642 931
270 864
525 607
723 853
36 746
843 990
692 884
223 849
263 901
6 495
34 667
641 799
656 944
723 903
74 371
433 510
576 913
145 313
20 872
225 746
836 864
104 901
408 533
748 931
926 955
911 923
145 339
74 75
243 371
968 983
501 901
352 931
752 973
180 366
790 927
584 953
831 843
352 921
880 926
705 923
61 715
150 563
223 923
82 870
499 695
416 983
536 895
497 786
458 913
794 983
501 705
11 92
102 927
695 841
230 760
306 508
870 982
540 723
905 960
752 964
760 913
794 864
655 990
926 983
760 794
225 357
715 975
265 531
523 902
778 841
38 264
533 960
105 655
135 678
692 829
513 723
749 903
230 973
270 430
334 949
612 853
105 903
357 830
577 949
639 710
584 600
331 776
319 814
563 794
665 710
903 990
587 949
814 905
423 631
592 902
864 975
364 973
279 631
473 857
853 862
21 900
380 692
911 968
167 906
905 927
684 983
408 949
302 584
54 983
786 921
631 749
829 926
495 927
36 219
333 817
219 497
279 853
705 870
738 790
240 723
433 667
692 977
442 923
222 864
313 964
380 880
247 872
408 421
598 944
21 931
663 937
64 235
350 778
364 964
626 870
836 982
426 960
423 765
110 663
408 799
409 458
678 964
220 420
25 926
758 983
227 758
902 903
6 607
334 903
758 880
120 964
123 944
90 968
433 607
541 790
380 955
577 903
927 931
265 723
70 243
79 172
442 705
418 926
678 906
926 968
328 905
0 678
612 953
75 853
350 473
906 937
385 927
104 302
74 414
174 421
64 953
332 684
266 921
633 923
497 921
790 870
911 964
228 799
499 872
14 913
52 931
96 814
765 937
420 748
830 895
913 982
239 527
163 421
25 880
416 576
35 333
163 746
339 817
593 931
600 738
266 477
416 540
300 949
911 973
584 715
639 857
584 870
679 829
870 975
426 905
658 778
347 960
642 841
857 900
284 841
298 531
414 765
251 973
175 903
220 857
655 975
738 849
595 968
849 901
884 983
415 552
684 955
489 872
477 895
412 937
27 48
906 911
684 977
776 977
319 960
366 880
655 953
514 872
514 737
587 598
163 895
64 843
181 905
591 902
332 926
641 990
240 927
799 814
22 655
364 633
298 695
334 340
829 955
279 612
35 975
230 836
514 841
418 968
175 830
61 831
25 902
156 841
179 964
495 510
229 633
264 883
612 631
853 937
347 990
350 862
82 715
409 982
328 814
156 900
240 944
136 715
150 880
22 110
263 563
251 817
442 906
73 960
527 566
225 630
513 982
533 864
600 870
339 923
409 794
120 973
420 931
125 931
977 983
235 953
692 955
595 776
73 955
665 786
577 944
710 895
927 944
421 921
864 982
281 990
592 778
207 931
125 180
423 749
34 778
630 872
831 953
678 849
180 977
174 695
313 906
334 540
92 964
96 533
587 843
651 964
752 906
836 883
223 339
267 630
746 786
864 913
200 595
501 752
228 884
81 499
180 181
264 982
752 872
371 836
921 953
513 937
263 906
167 817
473 514
513 540
150 705
595 758
884 977
135 442
487 748
576 883
267 438
531 536
34 525
31 973
135 901
34 300
172 913
264 872
641 905
64 990
748 900
841 900
235 973
162 902
281 831
968 982
110 953
829 884
227 884
749 944
125 663
243 953
71 831
430 576
563 633
841 895
651 911
786 830
598 831
678 752
880 903
366 380
225 665
607 679
56 369
438 497
79 607
298 921
261 884
748 862
895 921
831 949
79 495
752 817
900 905
317 862
937 949
749 911
794 982
520 563
172 510
642 857
70 923
927 949
284 857
222 230
190 667
501 911
541 626
655 717
633 964
508 983
179 817
790 913
514 778
235 911
21 487
412 953
477 539
385 949
421 841
52 748
584 738
102 587
527 990
765 843
350 593
853 944
222 641
737 931
799 905
120 923
710 746
906 973
179 923
539 902
658 900
633 973
684 900
758 829
22 843
145 973
319 382
333 639
626 715
369 849
641 960
715 870
679 884
430 913
104 973
717 749
412 944
541 883
831 836
843 937
705 817
883 975
426 533
220 884
776 968
73 977
514 857
284 473
433 817
630 665
477 552
495 642
430 760
228 973
900 931
968 977
849 973
536 830
626 790
663 944
247 415
738 883
128 692
127 964
525 667
426 814
841 862
497 665
219 261
61 281
75 591
389 508
799 960
843 900
416 884
655 927
251 906
300 853
870 883
366 977
600 817
385 656
34 510
247 695
905 990
263 778
421 630
513 831
710 829
43 389
266 746
227 776
901 911
304 527
489 895
251 776
595 717
239 814
52 900
81 219
679 977
903 949
332 955
73 527
240 265
24 656
477 927
223 817
593 642
317 737
853 927
489 786
433 525
414 903
332 758
902 975
651 817
438 695
36 872
414 937
679 710
600 836
931 937
20 489
541 975
73 679
626 982
658 857
54 955
20 895
75 937
43 125
81 895
489 906
145 536
598 883
350 752
412 857
228 960
408 990
695 895
778 900
61 927
901 973
510 523
0 235
96 880
125 418
352 799
576 584
38 302
27 128
749 843
48 592
92 849
541 968
225 913
56 911
576 880
190 607
598 765
371 949
631 953
81 102
389 880
642 658
880 968
830 872
31 849
352 357
794 883
656 903
71 949
284 593
975 983
304 905
11 31
128 684
172 433
508 955
883 982
136 836
499 552
415 872
752 901
776 983
270 836
665 921
24 953
127 923
328 990
937 944
776 829
200 306
300 990
230 982
0 520
123 937
162 539
829 880
56 968
43 926
24 102
880 955
220 737
540 717
595 983
56 651
857 931
340 817
70 765
849 906
27 902
150 964
181 228
913 921
251 901
385 487
738 975
489 536
790 960
831 927
577 927
135 333
563 911
864 870
414 901
229 328
717 843
576 982
229 906
684 814
265 949
71 749
600 975
313 794
319 347
418 566
626 883
799 990
679 968
25 778
128 758
495 667
96 960
331 977
156 862
227 717
385 631
760 975
22 883
539 592
717 903
814 960
520 923
458 790
513 577
264 975
884 955
11 167
127 520
389 902
261 977
207 778
380 884
14 975
679 880
207 937
319 799
723 927
746 872
841 931
642 737
369 501
304 960
304 533
420 857
760 982
123 265
541 794
81 913
595 926
630 830
778 931
415 710
540 927
591 695
911 921
174 786
261 679
656 663
82 794
181 799
937 990
136 913
960 990
25 968
54 416
105 953
14 982
281 765
414 552
591 737
710 830
90 776
705 901
658 841
190 510
600 864
438 830
56 989
90 904
110 999
251 972
513 943
642 999
911 969
965 977
