140 303
164 316
196 361
136 194
254 335
5 390
49 384
303 350
293 338
35 107
93 139
175 203
338 368
306 316
140 203
64 158
35 58
47 357
194 270
267 303
93 390
293 382
151 286
44 334
24 327
196 390
47 323
139 361
143 170
253 267
58 63
167 371
175 316
368 384
8 338
57 257
173 211
77 254
251 293
184 203
72 357
257 350
206 253
323 357
36 393
184 327
290 393
140 294
221 384
33 303
33 338
254 267
8 211
278 357
77 306
323 329
91 382
33 257
158 390
107 350
166 267
63 368
58 203
59 293
221 334
371 384
384 393
93 154
371 382
136 366
194 390
49 393
312 338
166 257
158 226
176 323
196 270
114 369
270 306
382 393
63 184
154 196
329 357
368 371
151 173
67 164
102 229
166 293
91 384
143 251
226 390
105 270
121 369
139 382
329 335
105 117
154 288
77 175
158 393
209 286
44 371
357 366
44 382
329 337
290 337
63 257
253 390
226 253
221 327
312 371
371 393
164 306
167 251
221 393
140 166
306 369
110 294
327 382
3 393
21 80
293 384
47 366
67 270
99 366
114 170
254 294
36 327
24 40
196 393
329 366
293 368
290 338
35 151
166 170
49 323
180 316
257 361
327 368
21 102
67 369
136 357
175 303
323 366
131 357
278 323
99 303
105 384
184 338
382 384
52 180
206 390
293 371
194 288
288 390
59 369
131 329
187 286
80 334
154 390
203 211
209 335
270 316
270 369
337 357
8 173
140 187
51 368
169 323
14 327
57 166
164 206
290 382
294 350
24 184
93 226
51 384
169 357
14 361
169 312
361 390
117 312
196 288
21 334
184 393
251 384
286 303
112 361
121 306
251 312
110 338
117 290
51 91
115 334
14 390
36 368
169 329
278 329
114 382
51 52
80 102
72 323
136 140
221 371
334 382
164 369
154 361
115 229
49 117
173 209
226 288
143 338
288 361
206 361
338 382
180 251
211 350
3 312
151 254
115 316
167 384
169 366
158 206
368 382
288 306
278 366
229 334
327 371
57 335
254 350
77 180
251 290
323 337
303 335
267 294
337 366
80 294
3 290
93 169
59 306
17 350
63 335
187 211
44 338
77 369
251 382
267 335
184 384
35 164
251 393
131 366
102 334
286 294
72 366
312 393
112 368
209 294
306 323
253 361
139 194
17 107
158 361
327 338
136 329
105 368
33 294
350 382
180 369
121 316
175 369
337 338
24 371
194 253
316 369
110 176
209 329
368 393
187 335
17 203
167 312
209 350
114 368
105 382
338 393
14 206
175 270
180 270
139 390
5 207
8 71
14 153
21 375
36 397
40 82
44 244
52 281
43 52
29 57
13 58
64 233
67 389
72 398
77 318
80 182
91 397
11 99
102 307
107 265
110 363
101 112
54 112
115 375
117 123
121 328
124 139
143 289
151 233
151 360
154 398
157 167
170 218
170 356
173 398
176 181
180 333
187 297
189 196
203 292
209 396
69 211
226 360
229 398
9 254
257 397
267 388
258 267
124 278
288 289
244 290
290 342
282 293
16 294
294 310
265 312
312 356
210 327
327 328
327 360
218 329
240 329
95 334
239 334
45 334
292 335
335 391
90 337
337 397
350 396
344 350
350 391
242 357
122 357
101 361
239 361
307 366
81 366
248 368
368 387
360 369
137 369
182 371
280 371
207 382
189 384
171 384
163 384
98 390
29 390
390 396
123 390
297 393
137 393
393 399
