255 658
111 227
221 457
71 557
704 740
67 721
726 735
390 745
58 704
134 735
773 786
0 735
467 685
658 660
603 794
1 474
185 275
559 575
557 603
381 385
75 559
234 741
223 371
92 758
2 234
19 696
120 622
145 728
296 552
329 496
46 227
0 726
447 745
34 779
411 735
337 411
564 731
275 501
694 798
413 745
140 684
540 686
234 758
396 540
559 794
314 696
25 267
699 731
543 595
95 496
477 741
130 647
10 645
150 689
467 526
159 557
374 754
515 572
27 670
154 432
602 685
287 501
572 779
0 276
74 240
154 704
543 721
446 779
557 658
125 752
540 754
647 708
114 754
336 686
426 544
497 786
754 758
644 645
711 731
114 581
337 735
437 446
467 728
567 731
564 620
203 484
475 660
255 794
620 645
752 758
524 644
93 515
436 773
731 773
71 72
338 532
212 592
221 754
532 696
666 758
447 559
371 374
443 670
163 475
85 622
581 681
259 505
336 773
543 786
544 660
219 504
457 535
390 468
67 786
190 741
181 497
129 513
477 752
25 157
221 721
411 699
557 696
413 798
165 711
524 786
169 432
209 603
129 437
595 786
436 620
329 622
622 798
94 151
468 798
112 156
118 754
564 745
670 752
10 726
279 696
223 572
337 645
119 779
209 221
466 708
119 201
190 758
411 726
592 711
681 711
558 670
253 329
595 711
443 684
19 603
9 412
262 501
524 595
85 745
10 411
368 794
165 699
121 515
212 324
296 398
658 741
390 798
221 684
34 694
745 798
181 773
457 658
322 773
253 559
595 742
313 786
88 592
524 620
447 602
728 740
159 532
112 754
371 779
622 689
165 204
130 446
118 581
581 686
223 374
543 579
253 496
728 735
337 786
660 758
46 498
371 708
2 426
501 644
524 619
535 603
229 540
552 645
267 670
177 704
484 686
572 694
344 505
666 670
670 741
276 773
19 426
666 696
689 745
61 329
30 73
93 745
157 169
581 689
466 689
563 622
567 579
567 742
111 721
30 794
432 752
620 660
262 317
153 773
385 498
204 658
535 794
121 399
198 794
575 704
296 644
412 740
163 684
125 253
685 728
464 484
184 198
72 84
2 118
685 754
563 779
689 708
73 794
447 619
622 731
287 308
567 620
413 708
436 497
371 798
259 344
443 535
243 337
243 644
240 412
61 504
150 798
411 436
708 745
93 798
314 544
684 794
317 735
711 786
95 145
412 685
579 711
85 684
317 474
361 505
230 243
41 544
19 201
209 740
230 275
603 666
165 773
464 708
287 686
227 385
88 165
390 447
685 740
304 731
74 308
219 382
230 726
211 779
398 735
425 501
112 505
131 689
396 694
304 742
368 735
240 740
501 726
443 658
94 726
383 524
563 745
314 699
111 468
125 670
313 524
58 575
336 513
71 741
412 564
338 658
84 338
204 348
41 198
201 505
564 699
579 731
209 581
131 694
58 515
324 497
156 437
129 229
26 497
348 740
544 645
113 684
308 754
240 685
619 685
304 773
526 575
163 173
526 728
84 544
203 381
156 685
515 647
234 721
382 526
185 645
526 740
595 773
2 535
466 647
314 708
313 564
708 798
211 798
475 794
413 647
71 140
557 559
296 735
543 620
181 543
29 558
496 504
1 190
572 708
505 689
484 581
603 742
163 498
236 740
496 704
111 794
184 660
602 728
464 779
513 758
95 602
119 457
317 726
711 773
154 504
721 741
34 572
426 684
696 794
466 786
74 704
154 685
26 742
457 557
279 741
324 742
468 515
779 798
396 464
92 794
92 140
159 619
464 745
229 344
173 721
203 513
9 575
229 513
398 425
361 686
150 694
666 741
437 581
212 773
67 711
689 742
27 526
368 644
484 645
620 731
74 219
425 644
475 670
443 457
497 658
544 758
212 620
322 681
93 94
153 786
447 740
741 742
75 412
156 361
694 745
322 579
185 552
119 446
151 645
381 540
466 524
544 696
496 602
474 752
9 728
426 758
27 728
385 794
177 670
203 666
279 794
85 779
276 740
552 644
579 773
230 644
46 741
120 540
204 666
173 794
575 728
236 267
497 592
467 619
209 754
383 742
390 779
552 726
602 704
498 603
118 336
131 798
61 619
504 740
558 742
622 647
699 711
532 721
153 681
374 798
30 475
201 622
41 660
383 699
567 699
113 475
73 660
338 741
396 466
67 742
535 666
644 696
446 754
399 559
684 758
156 344
374 515
317 337
198 711
592 773
524 699
731 786
304 699
436 681
721 758
304 564
681 786
501 689
177 324
575 619
619 740
94 425
396 647
243 645
381 513
464 694
477 592
338 758
381 754
558 752
275 645
262 726
276 735
201 745
113 758
446 484
567 786
622 694
119 708
532 666
660 794
151 368
219 559
477 681
190 221
468 779
159 603
114 262
564 742
276 296
329 685
426 798
314 532
382 704
88 699
368 411
255 696
558 681
592 595
134 425
336 581
211 563
308 696
313 742
731 742
41 708
658 779
157 742
169 704
223 413
1 118
361 758
374 466
647 779
134 398
26 181
382 602
322 383
211 689
236 735
579 786
75 504
154 728
552 735
120 484
253 385
58 145
396 779
324 543
620 758
425 526
184 721
619 704
467 559
647 798
27 740
468 689
0 797
0 780
1 717
1 713
2 652
9 39
9 719
10 755
10 776
19 377
25 659
12 25
25 739
26 366
26 727
27 790
29 789
29 350
29 717
29 435
30 511
30 679
34 359
34 570
41 777
46 339
46 614
58 642
61 778
61 487
67 327
71 706
72 349
72 508
72 555
73 312
73 246
74 565
75 442
75 788
84 664
40 84
85 642
88 705
59 88
92 554
92 550
93 568
94 321
95 469
95 281
111 607
112 732
112 746
113 642
108 113
114 783
114 582
120 781
120 568
121 751
121 369
121 461
125 607
125 499
129 387
129 342
130 512
130 714
130 582
131 639
131 186
134 722
134 768
140 724
140 409
145 233
145 655
150 247
150 782
151 531
33 151
153 349
153 492
154 722
156 625
157 589
24 157
157 400
159 687
159 780
163 616
163 555
165 706
169 533
169 573
169 585
173 734
173 703
173 796
177 207
177 795
177 712
181 529
181 401
184 593
184 533
184 676
185 226
185 795
185 193
190 268
190 675
198 593
198 345
201 246
203 215
35 203
204 556
204 639
209 687
211 766
211 266
212 347
212 793
219 623
219 609
223 637
62 223
227 342
227 755
160 227
229 697
229 762
45 230
230 695
234 623
234 761
236 615
236 434
236 654
240 656
202 240
243 409
243 629
253 354
255 756
255 790
255 590
38 259
259 609
259 330
259 582
262 328
262 476
107 267
267 589
267 655
196 275
275 488
276 438
279 365
279 291
279 478
104 287
215 287
38 287
296 784
280 296
82 304
304 311
247 308
308 499
308 781
313 730
313 429
313 705
314 772
314 655
317 589
317 783
322 430
69 322
322 362
7 324
324 774
329 763
329 727
336 759
336 671
337 750
338 380
338 404
228 344
12 344
344 551
348 633
299 348
348 493
348 698
348 634
250 361
361 514
361 764
42 368
368 774
106 371
371 729
374 470
381 463
381 783
382 657
382 751
382 415
383 766
383 514
383 584
285 385
142 385
390 606
390 625
396 549
398 770
22 398
398 431
189 399
399 521
127 399
399 700
399 519
302 399
411 795
356 412
412 668
413 541
413 789
334 413
425 709
425 767
426 799
426 762
432 713
432 653
432 479
432 522
133 432
436 450
436 534
436 790
437 781
437 519
86 437
437 632
443 693
443 536
179 443
170 446
446 554
447 661
447 573
457 765
457 640
464 710
464 492
461 466
216 467
467 654
467 525
467 683
468 568
468 747
468 473
474 751
474 590
6 474
471 474
474 518
474 615
475 610
438 475
475 729
477 790
477 764
272 477
471 477
277 477
484 512
484 772
485 496
246 496
496 518
497 757
31 497
498 673
498 514
285 498
13 498
498 655
393 501
501 502
504 640
450 504
504 617
400 505
297 505
505 512
43 513
513 612
270 513
460 515
515 727
470 524
351 526
208 526
526 713
303 532
532 546
462 532
532 673
37 535
535 590
519 535
535 737
461 540
540 781
356 540
540 542
543 549
543 712
462 543
544 586
544 780
552 555
552 799
550 552
552 605
478 557
557 725
557 687
558 756
235 558
21 558
444 558
558 678
559 763
563 768
563 760
507 563
563 691
124 563
520 563
564 743
564 737
567 791
402 567
567 780
266 567
465 572
572 636
307 572
386 572
347 575
458 575
453 575
575 690
456 579
579 674
579 792
579 795
404 581
581 673
167 592
270 592
592 787
592 607
591 595
430 595
595 651
220 595
77 602
370 602
417 602
588 602
438 603
194 603
509 619
619 748
619 633
616 620
620 661
622 776
534 622
644 677
18 644
8 644
196 645
645 650
182 647
647 738
274 647
647 772
577 658
289 658
654 658
660 665
388 660
231 660
583 660
666 789
421 666
628 666
103 666
666 793
670 743
176 670
655 670
293 670
681 717
346 681
676 681
624 681
681 719
657 681
332 684
679 684
683 684
604 684
300 684
431 685
51 685
685 761
686 781
444 686
686 690
419 686
677 686
307 686
416 686
649 686
643 689
689 791
682 694
693 694
489 694
694 778
598 694
694 697
696 750
528 696
696 697
430 696
668 699
633 699
671 699
699 703
704 734
372 704
691 704
679 704
233 708
431 708
542 708
708 755
452 711
293 711
711 775
546 711
711 714
285 721
541 721
32 721
701 721
316 721
649 721
714 726
726 733
726 765
726 727
718 726
516 726
551 726
65 728
472 728
407 728
507 728
591 728
725 731
441 731
587 731
521 731
675 731
731 778
403 735
491 735
732 735
701 735
394 735
634 740
740 759
442 740
503 740
676 741
4 741
655 741
554 741
566 741
741 774
683 742
650 742
534 742
402 745
164 745
174 745
13 745
357 745
630 745
752 790
707 752
609 752
695 752
656 752
128 752
312 752
588 752
479 752
490 752
752 770
597 754
754 768
416 754
724 754
754 797
652 754
754 781
226 758
757 758
161 758
758 789
672 773
729 773
773 796
773 790
748 773
386 773
489 779
328 779
375 779
386 779
569 779
751 779
618 779
606 786
733 786
561 786
135 786
769 786
576 786
534 786
366 786
664 794
713 794
527 794
372 794
600 794
168 794
222 794
777 798
782 798
632 798
789 798
629 798
580 798
680 798
99 798
