339 580
28 396
50 534
394 586
293 344
376 483
415 493
43 368
407 446
357 400
96 269
92 406
175 256
275 357
489 542
339 446
17 424
305 489
174 350
299 424
421 529
429 483
483 523
219 486
293 494
489 586
113 570
242 586
388 476
73 577
256 305
368 577
289 476
322 354
91 552
44 407
436 580
436 494
446 493
174 529
72 493
199 207
151 529
491 502
207 293
242 290
116 523
344 591
354 461
325 586
207 407
132 552
368 483
72 276
305 534
281 552
258 570
112 145
237 281
151 477
281 358
350 433
189 290
424 516
31 476
199 591
314 500
344 347
502 529
322 461
54 498
219 542
230 261
394 516
426 586
51 526
133 577
313 406
197 586
178 494
51 421
199 580
142 586
6 360
486 577
483 577
305 414
174 237
388 396
414 586
291 293
419 504
226 425
483 525
53 421
325 477
231 322
92 516
313 498
230 513
297 360
347 461
313 333
314 325
166 461
54 486
146 178
112 466
286 347
265 591
286 500
112 424
357 476
133 483
360 526
526 529
368 432
95 498
6 142
113 166
160 570
483 502
347 504
513 557
258 542
161 552
28 46
426 577
502 552
219 502
171 557
400 454
289 400
400 476
207 489
165 534
265 518
276 407
189 500
162 577
289 454
275 491
230 285
425 591
454 476
44 165
354 376
461 513
171 421
305 586
112 360
46 198
73 432
45 295
325 570
376 523
28 580
281 433
446 494
17 394
175 542
43 425
107 316
189 586
368 570
50 466
552 570
432 523
529 552
189 542
297 418
325 433
289 388
198 281
494 591
159 258
333 424
414 542
92 518
17 498
477 529
119 542
133 518
425 552
45 433
525 577
237 258
516 591
344 557
339 407
219 489
523 525
407 580
146 591
414 489
171 425
132 526
256 542
436 591
91 239
121 513
175 489
146 293
166 513
357 429
255 557
18 498
51 299
316 516
231 513
293 518
237 580
291 339
286 513
433 552
193 461
290 414
295 580
291 415
100 313
376 577
426 483
347 466
426 525
161 591
166 500
376 525
483 486
299 498
276 580
258 314
433 591
436 493
500 557
132 425
419 513
212 477
418 502
432 525
295 500
193 504
38 466
165 518
175 586
289 357
219 586
285 396
421 591
269 552
160 425
314 518
170 425
239 500
421 570
350 388
291 580
51 491
107 333
197 542
119 586
134 477
38 92
322 419
54 523
297 570
486 491
6 350
154 552
396 400
121 406
518 526
170 529
100 113
230 286
119 142
18 316
207 580
518 570
429 577
426 486
146 580
112 252
154 360
256 414
526 552
498 534
368 502
523 577
358 502
286 339
91 297
242 542
178 436
239 557
142 542
542 586
31 255
261 586
426 523
290 489
154 570
350 494
500 513
269 433
354 557
165 591
39 252
200 454
322 504
44 265
276 494
258 477
145 252
31 388
96 525
388 400
171 212
226 419
415 436
142 197
500 504
226 513
347 557
426 498
526 570
486 502
38 396
226 344
54 234
28 454
95 316
406 424
454 557
293 415
234 426
357 454
394 424
121 299
133 523
275 591
406 516
151 237
477 570
360 591
198 200
358 518
193 557
426 432
396 454
6 418
396 476
18 333
119 325
113 518
376 486
415 494
72 436
513 518
333 394
175 269
429 525
275 358
121 376
476 552
344 504
174 212
91 418
207 591
170 358
165 314
486 525
113 529
316 376
171 433
231 347
134 418
297 504
133 234
239 344
286 354
354 500
394 498
46 396
237 285
43 466
502 577
486 516
388 454
493 580
424 498
161 252
368 486
199 493
159 461
38 534
258 325
212 529
368 525
299 516
461 557
291 407
231 504
239 513
446 580
134 295
419 557
45 526
95 516
376 429
504 557
18 425
53 491
160 552
145 466
285 489
419 500
39 466
290 586
43 50
132 350
73 429
31 454
178 493
265 526
446 591
313 516
276 415
44 518
339 494
350 491
432 577
429 523
275 360
119 433
493 494
166 419
100 570
242 489
197 219
344 513
39 534
107 121
286 557
100 295
50 418
53 418
275 421
226 504
154 518
314 358
400 529
46 357
322 500
295 446
256 421
265 350
394 406
162 255
219 498
161 526
256 586
121 316
92 498
580 591
498 516
234 577
494 552
31 594
39 278
39 371
45 217
72 546
73 535
95 519
95 448
96 506
100 560
113 530
116 381
116 310
119 442
132 551
134 321
142 519
145 507
146 524
151 571
151 495
154 399
159 371
159 480
129 160
162 594
162 217
85 174
178 267
193 268
193 279
198 506
198 405
199 288
199 550
200 544
200 555
212 558
212 268
226 485
226 556
231 356
231 403
234 352
234 597
237 594
239 558
255 460
255 594
255 566
261 441
216 261
265 543
23 265
281 519
203 281
274 286
288 289
289 380
289 569
290 511
290 380
295 543
297 566
299 564
305 599
313 437
313 399
310 314
314 507
316 544
296 333
83 339
282 347
354 530
1 354
324 358
204 358
360 480
368 460
366 388
388 413
394 566
65 394
396 555
292 400
260 400
158 400
406 560
263 406
406 543
414 565
415 558
315 415
415 420
419 487
420 421
315 424
426 560
429 487
432 437
77 432
441 446
33 461
461 566
181 466
466 481
466 595
473 476
68 477
158 477
310 477
483 548
483 547
486 551
282 489
489 492
233 491
491 556
456 491
274 491
491 597
493 597
164 493
494 495
214 494
167 500
502 535
349 502
504 582
513 530
109 516
260 516
516 565
518 565
381 523
167 523
250 523
492 523
321 526
487 526
524 529
534 594
422 534
181 534
303 542
356 557
557 564
35 570
485 577
84 577
495 577
564 577
164 580
68 580
463 586
506 591
238 591
473 591
