161 834
447 957
72 205
811 894
124 919
253 885
811 925
465 482
457 683
436 741
683 722
468 919
9 731
596 889
199 993
286 834
49 833
161 708
269 912
792 919
878 885
806 844
691 865
732 793
722 980
768 925
49 978
644 755
846 851
558 676
44 851
797 886
861 865
195 882
277 805
492 798
393 978
793 840
805 951
846 962
274 833
192 924
386 986
707 837
505 766
168 898
889 894
177 394
590 601
833 912
885 898
286 401
253 834
572 654
918 998
676 700
942 991
620 942
768 916
721 980
39 889
254 465
236 957
481 957
791 984
842 924
472 991
292 992
42 991
233 941
253 732
481 792
601 924
683 871
736 865
787 998
787 837
7 708
731 970
609 871
787 811
951 979
448 821
810 842
280 721
310 972
83 337
462 871
549 813
3 680
448 811
882 925
544 613
505 993
834 984
274 939
741 803
834 893
131 697
609 761
242 962
236 813
309 763
470 972
39 696
44 998
436 861
889 941
750 993
353 874
755 980
597 787
616 740
690 813
451 601
731 858
736 948
398 851
177 893
185 792
763 793
894 962
700 803
80 929
83 803
634 842
280 929
80 846
882 916
537 957
644 871
320 992
750 924
821 948
840 984
930 939
474 572
107 436
234 480
335 912
782 791
192 572
148 759
141 759
346 948
813 824
750 766
89 978
131 874
326 993
452 676
28 309
280 898
57 596
55 700
425 930
811 962
114 942
597 759
616 768
743 978
297 691
329 998
86 992
986 998
472 948
148 205
256 865
597 948
596 601
436 803
585 916
782 798
463 766
465 747
472 986
9 970
139 919
236 741
303 924
80 806
763 791
741 874
472 998
29 992
590 941
69 782
925 939
185 736
886 991
609 929
721 740
213 979
833 930
343 691
865 962
492 889
741 824
245 425
585 925
468 979
3 957
16 121
635 798
682 951
114 766
326 858
272 842
575 585
435 986
680 874
204 979
292 813
725 740
337 919
462 654
472 886
457 844
632 980
805 837
148 696
803 992
725 929
930 948
747 861
447 972
837 979
242 998
616 925
916 979
45 874
451 676
759 978
821 986
69 837
871 992
277 700
326 970
837 910
504 942
447 502
696 878
732 859
100 898
707 859
505 924
535 537
871 980
504 797
759 919
193 708
393 912
840 893
276 998
72 337
743 747
384 893
792 916
256 257
121 861
572 722
782 874
57 676
721 871
759 939
272 930
44 991
575 792
700 992
325 962
572 806
700 837
894 993
63 957
731 750
195 919
353 859
743 792
766 919
782 984
851 942
916 925
404 970
924 930
740 761
893 984
444 768
634 970
842 858
42 797
912 979
7 916
448 736
480 768
589 910
69 813
303 842
682 690
176 502
253 353
314 805
401 972
910 930
449 833
558 561
384 793
481 506
459 898
833 882
170 696
463 861
449 585
10 858
63 537
205 979
170 918
803 824
329 589
470 898
256 725
979 998
842 970
28 874
654 722
490 984
744 957
482 984
728 992
871 916
202 459
474 929
744 972
234 941
821 991
561 889
755 941
425 998
736 962
444 824
257 898
725 980
616 632
12 929
55 992
192 810
471 634
793 865
925 930
837 951
451 942
482 858
919 978
116 803
149 886
199 731
401 650
404 482
435 910
107 992
95 763
213 393
436 682
632 793
121 993
650 878
722 871
535 972
898 972
492 604
177 782
224 929
337 978
504 851
597 942
290 435
335 919
650 840
682 805
465 810
797 894
9 744
886 889
100 462
254 861
691 805
386 962
292 991
205 991
276 452
87 613
457 654
124 874
590 635
882 912
462 474
585 939
924 980
401 506
272 910
654 980
139 185
204 918
233 889
49 979
45 984
185 978
858 861
116 257
234 492
170 889
69 691
432 929
435 728
601 889
865 942
680 957
708 984
55 166
474 725
707 834
28 394
170 941
320 561
604 980
449 743
632 833
95 707
447 885
613 898
28 998
463 465
550 942
728 894
549 805
134 166
471 604
743 833
732 791
861 970
404 810
42 948
721 761
787 886
970 993
444 844
550 787
204 833
275 787
470 502
589 986
290 993
886 910
16 993
766 924
471 654
846 865
504 813
141 893
650 763
732 833
18 747
962 986
471 740
272 998
108 116
731 993
233 833
620 910
894 986
930 991
837 972
87 744
9 924
325 910
100 972
168 744
269 925
558 596
80 755
124 844
45 970
432 806
575 740
919 939
691 824
793 859
683 980
447 951
242 991
791 972
793 930
690 951
169 941
286 353
750 970
813 951
740 806
506 893
550 682
747 924
492 696
589 731
343 803
874 984
310 690
731 924
882 919
292 682
325 329
837 991
269 644
275 962
214 616
193 874
320 798
575 916
824 992
682 803
589 736
609 725
912 939
256 346
632 743
10 842
87 502
89 979
404 993
213 925
275 910
750 761
761 844
768 979
199 970
124 224
398 930
939 998
468 912
728 851
245 821
894 942
326 924
549 691
116 957
506 840
806 980
49 858
650 791
632 939
885 972
505 861
851 991
620 846
782 793
535 957
811 886
236 824
139 916
589 991
743 925
276 558
19 725
797 998
432 683
343 741
141 834
690 824
325 889
957 972
309 394
761 929
274 882
930 962
384 840
256 833
463 505
480 590
806 929
544 972
740 844
242 851
924 993
425 991
792 939
470 970
697 732
329 736
858 993
842 871
204 978
138 878
277 549
233 676
821 998
114 894
290 878
386 398
138 840
297 992
898 957
280 722
451 480
894 930
29 470
481 979
634 810
393 882
604 755
759 979
109 343
124 721
149 986
492 916
7 978
761 871
797 865
755 844
613 885
45 680
889 918
63 459
544 885
744 898
444 939
558 798
885 957
57 941
325 448
7 72
192 861
813 992
834 859
747 970
325 490
214 269
747 766
859 984
948 962
834 885
12 844
398 763
910 986
634 747
176 468
609 747
169 889
504 948
732 984
601 798
193 793
632 882
394 650
740 980
844 871
635 889
169 470
29 885
108 550
451 885
346 991
768 882
680 893
811 948
824 951
728 972
109 233
842 861
912 978
683 806
929 980
575 939
468 759
690 992
725 948
766 993
141 984
109 590
335 444
257 744
837 992
297 690
45 980
18 970
865 930
83 444
204 993
10 970
63 275
245 865
18 861
620 991
755 761
86 957
297 741
680 763
683 889
697 707
851 948
930 998
474 763
871 929
462 644
803 916
482 993
787 942
394 878
708 918
10 474
596 635
768 919
254 303
535 744
432 604
50 134
131 572
149 991
481 585
192 644
697 782
148 978
269 393
537 885
725 761
310 951
214 792
697 708
86 502
811 930
728 986
504 910
601 941
224 432
272 986
502 957
616 978
861 942
95 131
309 401
335 979
19 980
561 941
604 844
609 683
644 980
821 910
865 986
89 792
791 893
245 962
108 998
858 930
797 930
951 992
481 743
791 859
86 544
697 791
41 384
41 859
634 750
29 957
613 972
452 696
3 984
803 898
50 86
916 919
700 951
682 882
490 878
810 858
537 898
728 886
597 846
176 939
575 912
805 824
791 846
343 992
978 979
169 676
837 886
535 690
894 998
634 993
736 846
550 874
202 972
202 885
506 874
100 885
597 998
176 979
314 691
680 782
858 948
168 972
810 970
644 722
894 948
346 886
290 490
224 721
471 980
275 386
635 941
766 810
797 942
549 951
821 846
12 980
19 755
448 986
457 929
846 894
16 254
195 449
596 798
138 793
707 840
798 874
842 993
939 979
707 878
763 782
277 310
700 810
984 986
39 798
310 992
696 798
741 805
798 962
912 925
506 732
435 942
750 858
597 811
276 561
435 616
109 941
108 256
292 741
314 992
3 874
858 924
620 728
452 941
107 951
114 550
398 986
728 962
457 644
721 951
865 998
459 972
286 859
134 740
462 572
161 707
620 930
55 951
833 978
696 942
912 916
472 939
632 768
544 957
759 882
3 58
7 863
9 961
10 944
12 387
12 416
16 499
16 402
18 112
18 332
19 996
19 625
28 868
29 723
39 440
39 698
41 976
41 639
41 479
42 862
42 867
44 876
44 190
49 371
50 987
50 890
50 530
55 692
57 400
57 954
63 147
69 315
72 952
72 964
80 206
83 140
83 200
87 145
87 631
89 570
89 804
95 467
95 431
100 905
107 638
107 526
106 108
109 934
114 411
116 244
121 748
121 981
131 990
134 890
134 629
138 577
138 987
139 994
139 920
21 141
148 675
149 217
149 244
161 917
161 786
166 926
166 183
166 968
168 701
168 349
169 237
170 994
176 869
177 867
177 612
185 890
193 952
193 997
111 195
195 753
199 678
199 968
202 710
202 958
205 974
213 273
213 869
214 493
214 911
224 410
224 985
233 868
234 423
234 621
234 640
236 907
236 390
242 567
242 900
245 995
245 905
253 639
119 253
254 513
254 819
257 662
257 295
269 960
272 920
274 396
274 573
274 646
275 612
276 566
23 276
277 661
277 897
280 498
280 339
286 780
286 983
290 552
290 624
292 565
297 790
297 983
303 503
303 776
303 823
309 407
309 341
310 525
314 450
314 377
314 996
247 320
320 413
152 320
326 737
326 539
329 779
329 611
335 892
335 617
337 960
337 618
343 955
346 823
346 776
353 935
353 915
384 614
384 896
384 399
271 386
386 988
281 386
393 818
393 426
390 394
394 579
398 964
398 738
389 401
401 774
404 665
404 814
304 404
122 425
425 907
1 425
432 971
207 432
435 714
88 436
436 967
444 748
447 801
268 447
164 448
448 888
283 449
347 449
449 908
451 896
451 566
288 452
452 887
452 909
457 530
457 952
459 956
459 831
459 968
462 530
463 866
461 463
463 958
465 574
465 681
468 887
468 943
470 999
471 573
471 749
472 990
474 872
480 935
413 480
259 480
260 480
481 712
481 531
482 752
482 802
482 990
490 897
490 983
490 637
490 789
492 863
492 517
58 502
502 841
504 904
504 580
505 508
505 822
505 954
506 602
423 506
227 535
535 927
318 535
537 934
537 828
537 771
544 928
544 659
486 544
549 985
549 692
443 549
469 550
548 550
558 995
446 558
558 621
558 760
561 940
561 989
561 856
509 561
430 572
572 906
575 964
575 853
575 701
585 908
585 603
248 585
589 884
47 589
589 888
586 590
590 965
22 590
590 880
37 596
596 667
110 596
597 788
442 597
601 943
601 869
604 647
501 604
604 973
609 809
420 609
609 790
126 613
291 613
613 843
613 959
616 945
616 961
620 969
620 751
620 633
507 632
419 632
554 634
118 634
147 634
635 971
635 668
260 635
635 638
635 637
644 973
644 760
650 961
650 944
650 695
650 751
654 678
654 961
654 808
577 654
676 994
676 996
278 676
680 753
680 867
678 680
298 680
252 682
300 682
598 682
167 683
683 966
683 989
509 690
560 690
690 705
587 691
691 758
167 691
64 696
260 696
566 696
264 697
697 829
163 697
532 697
467 697
579 700
646 700
361 700
424 707
132 707
622 707
331 708
201 708
708 815
639 708
708 734
133 721
194 721
101 721
555 721
406 722
722 906
529 722
388 722
722 950
553 725
651 725
542 725
728 976
301 728
663 728
731 975
731 943
624 731
731 876
732 955
570 732
672 732
732 928
576 736
736 757
406 736
736 917
740 848
740 818
741 830
741 981
741 857
238 743
215 743
31 743
158 743
744 887
744 745
38 744
317 744
427 747
747 822
165 747
750 900
750 956
750 876
288 750
755 944
588 755
356 755
669 755
223 759
759 785
757 759
761 922
206 761
385 761
70 761
763 828
763 899
763 932
763 922
136 766
746 766
766 795
705 766
450 768
135 768
746 768
66 768
178 782
266 782
782 960
248 787
787 852
399 787
664 787
162 787
791 847
395 791
791 964
46 791
491 792
792 923
227 792
305 792
792 966
443 793
345 793
793 838
797 802
212 797
322 797
748 797
797 868
797 907
798 908
798 976
633 798
803 887
552 803
369 803
805 996
65 805
805 944
805 977
583 805
806 968
765 806
586 806
2 806
649 806
716 806
810 950
582 810
666 810
767 810
519 810
684 811
762 811
764 811
811 967
808 811
473 813
813 913
807 813
487 813
767 813
21 821
714 821
821 877
553 821
473 821
94 821
816 824
815 824
824 835
153 824
833 901
647 833
723 834
296 834
333 834
491 834
625 834
519 834
837 937
570 837
191 837
14 840
665 840
771 840
31 840
840 843
35 840
840 975
593 842
771 842
605 842
521 842
844 891
569 844
812 844
844 966
720 844
564 846
32 846
323 846
846 903
438 846
182 851
851 966
851 917
818 851
851 985
848 851
542 858
637 858
156 858
464 859
315 859
859 867
563 859
704 859
478 859
859 892
861 931
608 861
556 861
865 875
532 865
85 865
154 871
765 871
800 871
140 871
845 874
599 874
874 879
639 878
878 900
796 878
878 921
823 878
186 878
283 878
362 878
608 878
882 982
665 882
231 882
671 882
849 882
885 995
614 885
569 885
886 973
886 971
886 956
656 886
698 886
369 886
771 889
413 889
889 892
781 893
633 893
893 900
639 893
373 893
893 905
808 893
617 893
727 893
483 894
383 894
894 940
737 894
551 894
327 898
835 898
898 936
881 898
898 974
54 910
130 910
566 910
409 910
203 910
318 910
910 961
440 912
568 912
724 912
912 914
356 912
658 912
899 912
809 916
228 916
532 916
483 916
726 916
624 918
918 937
918 963
663 918
789 918
23 918
918 953
672 918
612 918
765 918
823 918
598 918
186 918
875 918
686 919
649 919
897 919
712 919
919 921
917 919
313 924
848 924
615 924
412 924
538 924
531 925
777 925
388 925
668 925
758 925
839 925
610 925
267 925
666 929
387 929
388 929
293 929
577 929
860 929
926 929
929 994
905 930
279 930
939 990
610 939
246 939
922 939
267 939
809 939
374 941
621 941
250 941
446 941
671 941
854 941
423 941
709 941
437 942
2 942
306 942
239 942
906 942
738 942
4 948
751 948
679 948
397 948
577 948
528 948
948 950
187 948
525 951
796 951
367 951
780 951
951 966
921 951
311 951
896 957
317 957
936 957
957 977
498 957
53 962
648 962
687 962
717 962
512 962
672 962
273 962
232 970
749 970
729 970
362 970
742 970
953 970
499 970
120 972
872 972
405 972
693 972
126 978
429 978
853 978
790 978
628 978
976 978
694 978
684 978
630 978
979 996
241 979
555 979
979 987
850 979
979 997
836 980
692 980
321 980
794 980
664 980
429 980
35 984
336 984
817 984
968 984
984 988
940 984
289 984
331 984
943 984
526 986
664 986
734 986
159 986
60 986
500 986
46 986
926 986
494 991
229 991
215 991
128 991
703 991
112 991
947 991
433 991
952 992
850 992
367 992
723 992
856 992
545 992
414 993
717 993
564 993
560 993
952 993
733 993
606 993
522 998
830 998
911 998
738 998
977 998
