263 268
241 317
84 147
2 78
62 162
183 268
231 331
6 336
103 322
272 359
2 295
148 195
272 381
129 388
165 376
111 214
160 300
111 241
78 190
215 232
30 275
311 365
162 220
214 275
272 341
7 380
263 349
119 392
223 347
19 162
129 392
31 190
75 236
263 392
215 324
168 373
87 298
365 399
200 330
340 359
75 376
4 129
133 223
129 300
380 381
87 340
255 365
277 326
103 392
343 348
295 336
347 381
25 190
202 331
295 388
199 208
62 216
38 343
132 195
208 298
111 130
348 380
190 279
359 381
271 343
220 348
185 365
279 388
348 349
6 255
30 241
132 373
287 330
183 208
168 331
236 376
208 214
133 347
331 376
160 326
178 272
60 324
313 351
30 130
195 276
298 370
228 340
215 351
268 380
118 215
200 365
104 178
113 336
322 359
2 349
241 298
199 347
311 348
104 330
132 272
119 128
241 268
224 324
202 317
160 340
125 222
119 349
125 298
195 373
231 380
322 324
216 255
373 376
300 340
351 399
178 336
168 326
116 388
222 376
60 388
255 388
165 216
178 317
330 347
62 336
185 341
177 272
317 336
230 349
162 178
236 326
313 340
119 388
208 351
324 388
268 275
263 388
38 365
199 381
84 376
148 373
25 348
341 347
75 380
178 348
220 231
185 381
230 392
317 392
287 399
185 359
222 287
116 168
275 276
60 113
75 373
222 365
388 392
195 331
271 330
228 300
277 331
104 376
6 230
130 370
260 313
272 340
341 343
104 202
232 330
311 343
116 317
78 128
165 373
183 324
165 351
108 287
322 349
215 272
34 392
260 370
255 399
130 298
87 341
224 330
224 313
103 359
128 336
263 336
132 376
111 370
331 373
132 277
6 177
190 347
216 295
38 380
271 313
202 373
231 311
392 399
133 381
23 322
326 376
236 331
275 370
7 277
202 326
87 199
208 370
108 200
232 399
241 275
60 230
19 61
347 359
311 324
183 351
331 340
183 275
341 381
125 268
125 183
220 276
34 322
287 313
341 359
340 341
165 236
133 199
324 399
272 399
84 165
160 381
78 392
272 300
348 388
148 376
326 331
220 380
118 330
348 381
268 295
279 322
147 195
268 317
359 380
30 268
232 365
113 317
38 160
31 279
78 214
147 373
177 223
340 381
340 347
61 241
216 392
255 317
61 392
271 351
216 311
168 376
216 349
260 399
128 295
222 313
4 116
260 330
177 381
300 359
324 365
214 370
228 341
300 381
199 349
23 263
148 277
116 129
190 295
317 349
185 300
276 380
268 298
75 370
277 376
183 223
311 351
215 343
108 214
200 399
160 341
200 236
162 277
279 392
271 287
113 255
103 255
162 388
31 348
228 381
118 399
349 373
228 347
4 23
177 347
87 359
215 231
223 359
322 392
84 148
232 373
125 214
260 295
111 287
147 202
25 380
2 69
4 164
6 191
7 350
19 391
19 361
25 253
30 344
31 333
34 383
34 391
34 90
60 258
61 261
62 274
62 302
84 315
84 389
87 246
103 391
104 209
1 104
50 108
108 280
102 113
113 363
98 118
119 303
125 289
128 312
128 371
129 291
130 310
132 312
3 133
35 147
57 147
90 148
148 356
160 229
162 217
161 165
168 273
110 168
177 356
52 178
185 390
190 257
195 315
199 397
42 199
92 200
200 369
200 233
197 202
202 387
173 208
191 214
187 215
216 357
131 220
91 220
144 222
114 222
143 222
223 240
121 224
224 335
8 224
228 361
228 253
56 228
230 281
67 230
231 337
159 232
94 232
221 236
26 236
206 255
260 265
263 342
153 263
166 271
271 273
105 271
33 275
175 275
276 337
274 276
276 316
277 286
176 277
42 277
43 279
154 279
295 319
217 298
298 390
83 298
137 298
300 344
170 311
226 313
9 313
267 317
306 317
5 322
176 326
280 326
330 384
281 330
110 331
194 336
39 336
173 336
315 340
340 393
341 382
341 375
198 343
114 343
211 343
170 343
144 343
302 347
337 348
274 349
5 349
349 382
83 351
64 351
17 359
316 359
13 365
167 365
333 365
270 365
53 370
83 370
126 370
141 370
139 370
282 373
3 373
306 373
373 393
176 373
21 376
171 376
328 380
81 380
145 381
225 381
265 388
5 388
388 391
171 388
115 392
392 393
286 392
182 392
36 392
389 392
17 399
327 399
143 399
47 399
24 399
0 399
391 399
