246 532
80 549
469 538
306 541
488 561
590 598
253 273
318 503
330 588
7 531
387 553
318 336
81 273
42 553
187 598
27 341
248 590
329 541
538 549
533 549
86 93
458 599
465 528
408 490
389 447
538 596
87 490
247 561
195 567
584 598
369 532
528 572
387 520
453 596
541 588
479 503
98 593
209 562
15 598
505 593
185 306
47 64
273 479
168 520
140 508
184 383
222 475
141 590
277 451
479 567
21 294
283 553
185 337
27 110
222 590
578 596
222 592
355 592
294 561
470 567
379 533
5 588
395 553
81 536
64 362
383 505
387 592
302 567
29 412
528 554
104 247
435 528
417 592
156 451
300 447
520 531
34 561
60 561
533 598
412 554
363 521
60 559
14 431
222 453
136 549
117 596
63 520
183 554
80 573
538 587
110 136
66 465
520 538
271 588
12 578
262 553
439 479
184 593
34 584
247 590
348 510
187 590
120 539
89 588
488 532
501 593
363 592
136 536
348 395
362 593
222 395
64 572
348 479
337 541
229 431
277 592
220 538
14 247
549 578
187 573
345 531
587 596
10 55
479 510
554 573
176 562
253 283
86 599
379 475
488 598
87 584
21 488
474 521
294 567
283 395
475 521
201 345
549 587
124 508
311 538
345 532
42 599
15 561
183 383
19 86
47 549
253 559
374 451
56 531
439 510
183 528
232 578
533 596
185 248
451 532
538 572
232 465
294 538
180 593
12 520
311 531
475 587
229 329
469 596
431 458
156 488
383 387
532 561
475 573
124 139
469 521
201 592
10 187
490 532
180 435
520 573
561 584
311 572
508 541
294 353
431 501
5 210
302 408
439 470
222 587
247 294
185 599
271 539
120 124
155 277
311 587
300 505
180 412
300 593
271 559
355 539
451 590
184 361
283 567
363 587
517 561
539 588
306 337
447 465
176 277
184 318
490 584
34 562
395 447
262 447
501 541
311 475
408 470
383 554
201 578
539 559
387 596
434 474
465 536
431 588
271 501
30 458
318 554
229 501
330 447
210 588
42 262
435 593
64 593
136 553
501 596
453 587
562 590
29 395
379 592
220 596
387 521
69 348
434 532
210 330
355 578
155 353
538 539
474 503
29 553
439 567
5 120
336 508
180 572
592 596
434 584
7 573
520 592
141 434
82 562
561 590
56 573
176 374
273 465
156 561
520 599
141 584
505 528
479 573
19 572
431 508
104 488
341 389
7 348
588 599
417 587
7 533
439 517
15 439
329 559
30 567
273 598
10 445
139 588
195 517
408 510
248 584
56 445
501 559
445 531
503 572
470 517
93 598
14 559
361 435
384 567
89 93
348 567
353 590
389 536
149 447
15 584
63 578
474 490
362 503
533 592
408 479
42 232
5 363
141 451
479 517
139 508
417 521
369 561
465 553
183 593
140 435
168 596
488 584
469 592
510 517
532 590
387 453
63 587
149 283
55 503
536 559
209 374
247 474
374 490
445 549
201 596
124 329
384 517
453 469
262 538
554 572
176 561
348 517
353 562
30 562
474 562
294 434
156 553
361 412
451 562
374 584
104 561
536 587
434 554
48 528
318 596
510 567
14 588
12 63
273 536
300 528
81 379
176 408
47 538
127 412
531 573
306 431
155 562
469 573
82 209
120 559
82 447
66 389
336 588
383 572
387 389
187 469
66 447
81 253
501 599
435 536
508 559
93 590
229 330
62 599
531 578
246 584
7 554
110 553
271 389
337 539
229 541
353 536
412 593
60 541
277 598
521 578
445 554
55 361
136 510
185 539
541 559
345 521
10 587
149 341
369 521
220 592
262 395
329 501
106 588
369 417
87 596
379 453
106 598
531 587
87 434
60 210
253 341
435 505
48 559
384 510
82 532
302 470
539 599
503 554
98 383
246 561
80 578
195 341
520 521
587 599
48 539
408 567
508 539
588 596
117 538
176 521
531 592
48 599
117 488
336 539
384 479
363 533
337 559
248 488
139 587
355 363
336 599
374 590
549 596
311 533
501 588
300 412
127 572
345 573
562 598
89 209
341 553
93 503
559 588
384 470
345 592
21 474
187 596
302 510
253 458
533 573
531 549
469 549
470 510
584 590
475 596
220 573
168 587
408 517
195 510
330 501
27 389
458 541
384 439
273 553
246 590
86 562
271 541
532 562
505 572
474 598
355 533
517 567
232 389
302 439
330 508
69 479
47 277
490 590
379 573
503 528
362 554
140 505
355 538
69 567
379 521
62 539
302 561
47 578
363 453
168 470
387 417
329 508
538 578
232 553
62 337
318 593
474 532
336 541
578 587
127 505
89 488
248 490
19 30
5 502
10 335
12 373
12 452
14 390
15 576
19 370
19 485
21 402
21 410
27 476
27 352
29 162
29 205
30 548
34 301
34 411
42 339
48 557
55 550
55 484
56 144
56 128
60 134
62 143
62 433
63 530
64 393
66 357
66 581
69 530
69 276
80 411
80 404
81 153
82 333
86 546
87 161
46 89
98 480
98 583
98 525
104 425
104 419
106 530
106 558
106 583
110 557
110 150
117 511
117 399
117 563
120 372
120 504
124 576
124 269
127 509
127 544
127 391
136 298
139 398
139 526
140 480
140 326
140 307
141 548
141 196
149 202
149 589
149 170
155 504
155 218
155 583
156 448
135 156
168 595
168 498
180 550
74 180
4 183
183 558
184 334
184 430
185 421
195 480
195 581
201 481
201 427
209 258
123 209
186 209
210 569
210 579
210 450
129 220
220 257
218 220
222 309
229 482
229 502
206 232
232 497
246 413
246 535
234 246
125 247
248 252
248 555
253 281
4 262
262 563
262 557
271 388
271 326
273 317
53 277
269 277
283 327
283 478
283 514
294 399
259 300
215 300
164 300
302 320
302 548
49 306
306 325
306 478
306 308
311 312
173 311
228 318
318 543
329 516
50 329
329 441
330 430
330 509
330 472
336 436
257 336
260 336
245 337
337 527
337 586
341 498
341 351
202 341
9 345
102 345
83 345
276 348
348 530
353 391
353 485
269 353
353 583
355 461
352 355
279 355
361 575
361 405
354 361
361 552
361 484
362 462
362 398
362 380
362 558
362 570
363 463
333 363
363 522
24 369
252 369
369 372
99 369
327 369
369 450
374 537
352 374
374 555
374 419
88 379
379 441
379 436
358 383
383 569
383 499
384 386
384 543
384 524
206 384
324 387
389 405
377 389
392 395
395 429
41 395
408 409
408 493
380 412
412 580
157 412
272 412
357 417
417 571
349 417
417 484
114 417
274 417
431 438
431 576
431 564
17 431
434 452
96 434
434 460
241 434
435 486
380 435
435 574
33 435
439 556
365 439
323 439
244 445
308 445
445 556
290 445
445 477
170 445
445 570
319 447
157 447
420 447
451 477
128 451
175 451
430 451
346 451
453 544
223 453
453 552
244 453
288 453
458 496
457 458
437 458
458 485
458 544
458 555
458 543
254 465
418 465
465 534
319 465
398 465
349 465
160 469
372 469
420 469
315 469
462 469
418 470
249 470
322 470
470 513
470 502
429 474
456 474
474 496
26 474
468 475
335 475
393 475
323 475
475 570
344 475
479 489
459 479
488 534
488 544
459 488
249 488
255 490
376 490
490 497
177 490
96 490
101 490
484 501
94 501
173 501
107 501
503 504
503 506
108 503
443 503
169 503
404 503
324 505
391 505
132 505
390 505
505 540
505 594
444 505
416 508
364 508
482 508
508 509
307 508
295 510
456 510
510 542
162 510
487 510
402 517
473 517
298 517
267 517
407 517
517 524
520 525
375 520
274 520
45 520
413 520
11 520
518 521
371 521
521 585
148 521
396 528
491 528
467 528
423 528
169 528
528 551
296 528
198 528
464 531
266 531
484 531
377 531
421 531
338 531
75 532
78 532
88 532
446 532
454 532
275 533
476 533
406 533
126 533
533 537
523 533
304 533
205 536
382 536
41 536
319 536
432 536
366 536
179 536
536 570
538 545
322 538
468 538
339 539
432 539
539 585
340 539
539 566
541 542
192 541
347 541
230 541
506 541
541 570
549 580
546 549
542 549
529 549
549 563
433 549
452 549
553 555
446 553
553 566
202 553
548 553
553 568
228 554
159 554
73 554
214 554
552 554
436 554
506 554
514 559
485 559
537 559
22 559
153 559
555 561
22 561
169 561
511 561
409 562
562 564
540 562
224 562
562 595
269 562
242 562
143 567
146 567
221 567
298 567
403 567
565 567
483 572
212 572
466 572
480 572
391 572
545 572
102 572
512 572
108 572
380 572
316 573
560 573
416 573
123 573
76 573
338 573
573 589
264 578
53 578
235 578
550 578
392 578
494 578
150 578
335 578
473 584
276 584
574 584
72 584
460 584
575 584
118 584
154 584
550 584
582 587
471 587
105 587
70 587
368 587
545 587
509 588
471 588
165 588
519 588
583 588
242 588
574 588
52 590
284 590
2 590
245 590
580 590
138 590
590 591
317 590
218 592
468 592
299 592
103 592
240 592
571 592
126 592
546 592
61 592
323 593
391 593
593 597
159 593
67 593
372 593
407 593
52 593
527 593
364 593
331 593
444 593
492 596
535 596
542 596
499 596
381 596
217 596
365 598
515 598
542 598
242 598
589 598
537 598
585 598
441 598
308 598
301 598
240 598
373 598
586 598
548 599
440 599
594 599
568 599
425 599
530 599
235 599
332 599
343 599
437 599
200 599
546 599
