249 586
469 974
668 772
807 896
159 659
255 974
777 809
324 987
469 808
618 985
781 785
15 221
518 920
899 934
579 839
669 985
512 610
101 516
255 933
863 879
344 879
374 677
745 958
15 869
301 383
546 974
215 947
562 877
734 974
547 928
391 985
562 839
483 819
26 938
877 958
184 822
730 845
91 969
358 947
664 958
745 891
358 808
354 617
37 779
475 757
706 860
812 928
933 966
342 751
877 891
455 959
377 802
311 443
417 938
413 879
538 659
375 519
211 606
807 971
59 896
538 943
113 808
659 754
562 899
808 932
67 822
754 943
756 959
772 932
370 932
687 938
260 739
51 628
397 491
617 730
734 987
221 947
666 669
769 987
403 888
795 839
93 879
294 809
638 801
32 564
395 706
673 945
365 848
215 974
559 999
147 781
252 512
196 706
60 103
602 845
745 946
375 772
588 660
106 295
496 777
769 826
293 845
554 754
625 812
119 891
439 443
157 602
287 971
301 769
282 507
496 965
664 946
769 845
381 757
417 932
365 603
835 839
249 969
557 896
260 999
734 826
271 756
379 999
483 959
381 547
507 706
820 932
143 987
231 739
429 908
602 920
671 838
578 809
777 928
754 879
349 628
94 866
91 785
143 669
877 989
483 669
231 860
311 390
184 928
579 879
816 966
603 987
122 730
345 434
377 934
453 974
877 904
359 636
299 943
483 932
315 896
618 959
509 819
832 974
101 908
403 772
354 756
324 603
397 496
358 643
610 781
557 839
967 989
754 832
551 974
354 947
46 869
687 985
519 845
392 809
231 819
129 819
375 920
469 877
673 958
660 848
664 745
460 943
625 838
564 822
188 971
804 966
217 888
713 835
605 896
557 934
568 685
734 848
390 685
779 946
186 559
258 519
603 660
934 966
779 904
381 521
625 928
769 848
93 299
628 928
636 974
231 945
59 933
252 967
434 661
685 928
618 866
835 933
143 866
479 969
46 947
51 839
579 694
863 869
636 694
835 971
869 947
249 845
586 920
381 439
188 945
359 943
839 896
568 838
391 999
706 739
26 932
184 812
271 772
437 971
713 934
231 706
899 933
291 687
588 628
785 928
117 456
606 848
144 751
804 835
932 959
84 785
437 562
826 856
807 934
891 946
358 832
132 845
896 971
677 891
221 453
605 934
400 869
301 429
606 660
23 989
869 888
479 785
455 932
933 985
191 568
534 808
548 674
848 856
555 999
370 739
661 802
285 437
388 781
315 807
429 838
526 795
580 899
718 756
777 965
241 516
244 891
446 838
515 888
802 967
66 838
512 974
491 802
816 899
526 807
395 801
122 932
198 664
666 938
839 938
344 512
26 985
62 769
554 971
359 879
756 888
562 933
434 443
899 966
554 602
439 460
8 795
324 769
661 946
534 579
685 822
808 974
30 718
189 958
772 974
456 820
671 822
507 945
661 767
673 904
479 674
586 835
730 985
645 835
594 621
221 669
15 66
933 971
296 801
863 947
554 845
958 989
53 521
258 781
439 718
383 920
547 562
119 946
579 869
808 943
580 860
804 838
342 781
437 795
507 757
557 899
621 645
687 959
548 781
804 812
580 739
249 258
8 294
282 838
819 820
241 965
289 920
32 53
959 999
945 967
59 966
439 866
147 751
301 434
157 429
252 718
453 475
673 989
491 967
377 816
832 896
548 969
377 959
491 989
67 383
308 969
390 822
383 446
422 580
594 928
159 189
8 301
645 804
293 518
101 812
636 643
730 802
295 965
439 687
103 706
534 643
291 866
62 826
645 966
569 677
455 934
673 877
255 400
299 636
23 802
324 848
660 769
379 932
358 781
578 674
67 785
103 809
807 835
669 999
293 920
417 772
363 673
605 899
713 965
344 469
534 672
201 588
62 987
779 945
392 397
417 985
661 891
198 801
559 938
643 832
959 985
311 812
23 946
606 987
673 856
377 804
93 947
198 422
374 891
445 777
363 777
820 866
201 521
453 947
244 989
538 610
564 669
289 518
391 959
129 668
835 966
186 999
217 757
896 933
551 808
816 934
406 674
184 989
826 987
299 958
569 959
756 820
808 863
879 938
113 578
877 945
946 967
645 730
159 546
445 643
258 920
580 801
282 345
959 966
140 569
315 966
509 516
106 965
767 967
370 985
158 974
271 985
285 734
496 809
365 400
365 987
756 938
157 812
377 896
807 933
891 945
838 908
37 989
802 945
512 672
801 822
555 959
363 578
628 671
668 938
496 578
363 445
557 966
132 602
522 795
413 621
559 754
666 932
201 856
308 548
668 985
196 860
403 668
456 888
144 388
289 375
143 515
244 767
406 785
522 966
53 349
456 618
521 745
554 586
588 826
674 781
891 985
469 869
809 965
509 730
822 928
745 967
617 718
288 621
295 967
287 795
554 920
816 896
769 856
106 113
491 958
674 969
37 945
515 938
638 706
819 888
460 863
562 934
628 838
904 967
375 518
578 965
496 807
779 967
294 777
189 967
785 969
546 863
422 801
547 628
779 989
920 985
985 999
713 971
515 999
879 943
294 965
559 666
638 739
446 521
739 904
101 345
406 969
638 860
672 869
687 999
767 877
673 967
342 971
296 390
288 413
685 757
515 718
285 987
713 896
201 987
60 241
241 809
638 687
938 999
91 751
375 674
659 974
391 516
551 947
349 908
661 958
745 945
610 943
826 848
879 974
512 832
645 933
226 777
526 933
845 920
555 617
455 888
32 999
140 819
694 947
888 932
538 734
751 969
564 594
84 751
159 255
344 863
255 808
400 453
217 959
252 989
475 908
945 958
397 669
664 802
388 674
781 969
687 816
804 971
363 965
538 694
672 754
157 568
460 636
196 801
392 965
580 638
98 551
188 933
507 928
745 877
287 947
211 826
287 526
475 594
521 547
739 801
288 848
618 666
51 971
660 987
217 938
252 946
379 826
628 685
610 659
198 860
822 908
361 374
437 899
392 777
315 804
730 772
801 860
291 826
756 772
354 999
516 999
518 519
804 934
519 920
84 969
446 671
516 569
643 947
659 672
285 666
308 785
349 443
538 879
555 967
643 677
117 475
158 579
255 804
603 856
559 618
605 971
455 819
869 943
66 908
661 677
496 660
94 217
15 879
379 672
933 958
767 989
559 866
98 299
832 863
103 636
772 866
605 816
60 965
767 904
282 564
588 987
645 971
938 945
226 296
8 191
215 546
820 832
345 685
342 969
361 779
53 965
568 908
586 602
866 888
293 375
287 860
816 971
664 989
395 638
838 989
397 965
569 985
694 869
422 739
694 754
569 820
819 938
781 863
734 856
779 819
839 899
555 932
526 816
802 946
491 904
249 920
586 845
395 860
767 945
479 781
374 967
891 904
359 694
958 967
67 443
379 509
706 839
522 645
819 999
119 904
191 812
289 370
617 669
643 863
848 987
904 989
606 734
403 820
795 899
522 713
295 777
189 945
117 928
769 816
548 785
51 795
826 835
904 946
294 397
730 938
296 625
767 958
285 826
677 989
147 969
934 971
140 999
406 751
258 554
588 856
606 822
625 671
103 113
106 730
132 920
516 820
606 856
677 904
37 579
891 989
91 661
144 969
460 947
546 832
361 946
400 974
94 985
422 987
226 475
445 965
674 888
361 877
388 969
129 985
434 812
51 509
186 666
779 958
754 869
381 383
802 958
839 933
98 943
221 943
671 757
295 578
734 769
370 866
677 945
807 966
713 899
832 947
122 617
379 455
718 730
91 958
757 908
66 507
188 966
342 479
809 877
439 555
856 987
706 801
908 920
664 877
795 804
519 522
877 946
594 757
30 370
260 945
391 888
395 739
509 555
46 672
835 934
158 958
456 668
453 610
158 832
551 943
8 908
522 839
422 860
211 987
946 999
226 928
30 959
769 934
26 533
30 983
60 870
62 746
67 926
84 975
93 477
93 162
94 903
98 964
113 510
119 304
129 926
132 964
143 814
157 849
191 901
196 843
196 931
211 990
211 222
226 901
241 641
258 501
282 790
285 563
288 883
291 831
293 937
48 294
296 319
308 357
308 862
311 523
324 626
324 960
35 344
345 849
359 944
361 983
365 927
374 884
374 870
381 944
383 944
390 960
391 831
400 921
406 905
413 964
417 536
417 968
417 895
422 923
38 429
437 931
445 600
418 445
446 955
455 612
102 456
6 456
460 902
460 926
475 584
313 479
483 765
483 831
515 600
518 715
20 518
120 518
534 758
540 546
54 547
430 548
551 587
551 695
557 723
557 836
24 562
562 923
302 564
568 921
175 568
540 569
586 949
588 591
594 776
302 594
380 602
605 983
270 605
172 605
610 949
618 955
364 621
300 621
625 901
302 625
523 625
628 949
636 937
643 955
641 643
525 645
659 663
659 829
660 663
527 666
408 671
123 671
674 977
677 786
687 949
687 931
694 746
694 749
418 713
284 713
6 713
713 955
263 718
718 982
718 760
631 730
734 953
527 739
739 895
745 857
409 754
754 883
754 862
279 756
737 757
357 757
658 769
267 772
20 772
778 779
779 990
639 785
219 785
607 795
795 883
331 795
347 801
804 973
369 807
630 807
163 808
421 809
38 812
717 812
799 812
243 816
799 816
819 913
748 820
651 822
738 826
826 831
832 937
74 832
240 832
835 982
225 838
607 838
817 838
836 839
11 839
331 845
539 845
848 849
415 856
856 960
352 860
860 911
458 863
92 866
438 866
866 870
566 869
499 877
541 877
870 888
888 913
891 895
48 891
891 955
497 896
715 899
760 899
901 904
667 904
665 904
684 904
737 908
905 908
175 908
592 920
75 928
489 932
829 933
933 975
934 977
923 934
655 934
913 938
382 938
520 938
926 943
458 943
943 955
96 945
497 945
265 946
71 946
862 947
958 964
127 959
174 959
533 965
656 965
298 965
884 965
489 966
895 967
150 967
281 969
334 969
902 969
389 971
971 977
864 971
857 971
78 974
0 974
752 985
794 985
651 985
705 987
975 989
884 989
566 989
306 999
136 999
626 999
