65 981
154 981
160 950
248 914
488 887
237 387
780 954
464 545
573 726
567 954
675 976
183 909
5 994
770 996
784 818
567 729
182 909
402 952
268 940
543 762
419 917
466 698
653 764
182 935
581 726
450 698
854 963
97 867
897 963
517 997
238 581
402 997
210 827
852 961
917 936
454 675
399 619
372 935
815 988
868 876
360 976
478 909
648 868
97 922
854 881
283 780
467 709
827 909
653 914
484 543
624 875
530 867
237 709
237 784
142 827
796 852
720 981
875 897
498 649
209 494
780 936
464 543
153 178
466 815
307 783
570 907
599 719
623 712
950 956
653 907
208 997
387 867
689 796
209 775
137 259
467 699
907 950
622 961
693 714
33 897
528 780
511 956
582 818
173 611
488 876
847 981
378 995
356 976
2 950
771 873
450 729
399 494
517 574
699 762
956 996
500 917
183 950
681 995
637 800
208 988
312 996
367 582
524 574
248 407
868 981
702 825
428 963
608 828
936 995
818 825
68 818
360 950
703 997
133 402
689 961
950 997
720 828
216 855
823 961
875 917
611 996
637 997
689 850
259 940
702 847
130 873
348 976
112 873
615 827
724 854
698 873
47 988
573 994
560 890
488 956
770 994
560 686
165 567
323 996
341 850
729 873
500 954
724 727
4 646
773 784
498 783
428 954
652 915
410 773
4 789
76 855
854 961
689 881
500 571
897 961
210 704
852 963
727 892
321 909
627 647
160 556
583 729
764 847
208 640
321 935
146 648
155 735
614 762
699 988
33 961
218 914
653 950
646 873
218 686
500 876
165 997
237 867
582 875
623 852
703 922
735 753
716 997
529 981
854 873
322 428
553 689
574 976
720 788
419 431
619 775
670 897
142 825
316 476
428 876
528 611
476 963
727 994
372 936
467 640
726 892
17 689
493 640
653 981
624 646
312 915
553 827
410 762
670 855
427 922
461 850
624 789
250 961
411 789
907 936
212 852
704 914
770 897
511 652
478 764
703 716
250 647
450 815
498 702
646 815
681 711
210 599
574 873
570 950
714 952
827 935
574 714
881 963
517 693
511 994
868 995
368 915
47 133
273 517
892 996
77 216
155 622
305 796
608 847
686 702
615 909
727 956
368 994
405 936
887 936
570 648
573 961
619 890
640 976
532 742
348 571
681 907
212 996
892 952
875 881
466 729
681 788
360 545
784 868
153 940
248 825
427 640
464 662
316 321
770 940
164 355
582 622
637 753
318 399
503 688
567 950
376 976
76 996
212 892
246 701
556 688
206 788
278 892
318 825
733 783
183 935
653 917
727 915
581 996
770 915
88 338
652 909
828 887
232 704
724 907
486 825
133 762
5 956
646 698
716 988
724 881
560 775
742 815
726 994
33 854
529 764
599 881
614 742
142 935
545 773
424 712
629 657
85 952
735 897
165 574
876 981
262 681
542 704
476 637
273 640
500 788
493 997
362 789
372 553
712 753
454 976
372 827
283 608
652 994
273 467
629 719
376 530
327 954
828 868
203 611
356 571
115 709
210 935
262 478
542 543
372 719
410 627
431 847
250 441
662 867
622 796
216 424
5 976
543 914
623 724
316 963
627 940
1 681
454 952
5 662
40 517
629 686
151 735
627 742
565 854
336 488
711 952
237 773
485 952
216 355
729 815
17 954
99 976
461 670
68 545
714 988
675 997
118 963
154 847
356 988
915 956
441 881
99 789
356 493
573 727
341 875
218 775
640 956
720 907
545 867
649 827
173 248
368 996
699 952
716 890
892 988
152 922
68 784
648 936
118 647
151 623
312 855
719 996
476 647
407 775
178 825
1 784
681 828
246 622
823 852
478 529
711 997
323 956
378 976
599 909
619 825
686 733
720 876
729 764
405 981
530 825
307 775
565 823
154 995
689 907
441 494
570 868
581 994
484 542
206 828
194 988
670 789
65 567
424 940
764 887
488 981
762 867
111 714
330 729
915 996
627 887
155 961
702 890
78 485
336 995
146 827
615 935
699 976
160 368
503 917
703 952
171 952
733 774
649 783
171 232
151 637
936 981
259 875
118 622
498 560
704 774
529 995
556 868
405 688
876 907
581 892
771 954
327 648
373 461
47 922
410 818
796 850
764 868
583 815
318 649
373 956
735 847
77 818
532 818
556 950
336 716
428 789
657 997
648 887
936 950
341 963
493 988
402 486
647 670
565 582
485 988
305 753
701 784
476 485
565 852
126 847
197 997
376 914
553 719
529 714
112 771
431 917
164 273
182 367
142 909
528 770
773 818
887 995
173 914
323 915
614 662
76 956
111 976
330 963
405 653
268 424
623 753
624 689
486 914
368 511
399 825
735 850
212 770
396 940
182 719
428 780
488 917
720 887
956 994
197 954
268 712
47 118
774 914
194 402
17 800
828 995
503 981
130 815
58 688
348 922
698 815
338 396
494 560
823 854
126 503
493 922
524 915
351 419
581 956
378 952
171 657
450 873
40 652
307 733
950 954
411 876
528 573
567 936
571 881
608 688
466 873
543 825
647 881
657 890
735 789
396 424
570 981
615 890
467 784
689 875
800 850
1 742
318 543
646 823
720 847
711 988
330 854
466 907
704 733
742 773
336 876
703 988
478 780
13 940
648 995
800 961
994 996
187 693
712 940
484 783
17 724
173 232
441 724
112 729
714 922
209 528
146 961
485 675
194 711
771 815
649 704
197 976
238 997
183 854
97 997
115 675
599 935
553 615
608 917
85 988
238 711
450 994
454 922
486 890
542 914
278 770
216 742
954 995
956 963
206 780
407 494
556 996
13 338
322 995
724 796
187 997
753 890
615 719
40 716
376 890
246 773
567 995
530 774
611 892
58 868
99 954
348 711
742 867
892 994
440 823
85 711
137 268
78 427
764 773
431 950
800 897
961 963
152 571
410 701
629 733
316 488
693 709
688 847
78 675
649 914
828 876
137 940
727 996
203 994
753 897
307 686
427 571
582 854
783 890
583 873
608 981
637 735
484 657
855 994
498 775
726 915
771 915
13 712
629 875
599 827
619 774
322 327
657 914
693 922
800 852
704 825
922 963
68 688
305 963
330 852
336 570
703 855
629 774
815 873
524 873
2 954
232 484
573 892
726 855
796 875
670 852
373 892
647 850
950 981
611 770
574 693
197 716
77 762
528 994
670 701
850 881
259 712
152 952
611 915
565 881
411 800
146 909
615 686
99 780
719 909
238 709
742 818
855 956
698 771
440 623
146 935
524 709
419 828
619 629
171 376
936 954
283 954
259 396
503 720
387 662
753 961
466 583
441 800
2 995
622 852
58 556
40 922
396 963
702 774
486 775
312 956
262 917
126 950
111 988
529 788
662 915
88 940
764 954
4 724
652 892
733 890
316 440
855 915
780 788
847 995
688 936
13 775
494 783
411 875
305 461
774 783
753 881
396 712
65 917
407 702
532 887
351 936
278 855
338 940
583 771
556 876
952 976
76 850
652 996
907 917
203 996
5 581
788 995
868 873
511 915
373 855
727 855
373 611
524 997
623 875
770 855
719 935
461 735
250 850
532 784
351 907
788 823
323 653
427 709
99 887
560 702
699 729
565 709
693 716
729 771
209 914
372 909
411 823
704 827
351 681
1 762
262 764
405 887
440 441
77 956
218 517
378 997
627 867
649 657
360 988
464 532
850 936
553 935
246 355
165 703
88 178
485 709
627 784
670 963
887 950
97 164
238 524
160 907
909 935
130 771
675 733
727 827
652 956
178 940
115 454
355 867
788 907
367 897
402 976
528 726
649 688
218 875
868 954
362 961
164 952
627 662
77 362
4 59
13 226
17 933
33 308
33 445
40 864
65 772
68 403
71 76
78 863
85 90
88 685
97 829
111 547
115 807
115 902
130 395
133 862
137 607
137 541
142 946
151 677
151 975
152 958
153 340
153 911
154 880
155 933
155 760
160 982
171 967
173 412
187 989
187 869
194 965
197 598
203 830
79 208
208 932
209 442
210 933
216 799
218 949
232 908
246 539
250 946
262 947
262 923
268 883
278 354
278 564
243 283
305 655
307 908
307 603
312 880
312 899
316 593
321 843
321 938
322 765
322 595
323 872
0 327
220 327
330 779
330 946
338 896
338 860
341 819
341 836
348 977
348 508
351 366
351 453
355 539
82 355
360 802
360 928
362 668
270 367
368 830
372 477
373 473
376 403
27 376
378 860
339 378
378 580
350 387
387 591
261 399
311 405
407 809
180 407
410 968
411 945
349 419
223 419
420 424
427 932
428 841
431 959
156 431
440 989
344 441
454 946
454 522
235 461
464 990
464 592
466 872
476 514
476 678
478 895
62 484
484 969
484 822
469 485
364 485
486 943
426 486
487 488
493 899
493 655
494 848
498 557
32 500
500 507
503 923
503 638
511 969
511 694
70 511
517 758
524 862
524 884
529 603
530 864
542 964
542 786
543 765
289 545
523 545
556 947
560 705
565 923
179 565
567 685
571 802
571 862
571 820
15 573
574 578
409 581
581 799
221 582
79 582
583 807
583 932
559 583
82 599
599 862
608 706
523 614
614 987
614 902
162 614
615 767
619 982
515 619
619 920
622 883
239 622
588 623
623 932
43 623
516 624
624 801
189 624
129 627
382 627
629 679
534 629
637 642
640 751
640 642
646 853
646 975
647 949
636 648
648 946
548 652
247 652
653 990
36 653
657 659
657 906
657 723
662 902
520 662
61 670
559 670
299 675
675 928
681 746
668 681
685 686
364 686
686 864
688 999
688 977
179 689
689 835
692 693
603 693
693 891
563 698
698 863
381 698
699 959
521 699
175 699
699 966
117 699
382 701
701 953
592 701
591 701
701 938
104 702
618 702
702 718
703 982
501 703
703 879
84 704
709 927
711 896
711 934
711 849
340 712
714 967
365 714
716 820
495 716
719 879
291 719
240 720
105 720
720 983
724 804
724 982
726 974
726 903
667 726
568 726
631 727
727 947
678 733
733 864
244 733
546 735
735 888
392 735
742 795
534 742
200 753
762 902
591 762
382 762
685 762
667 764
764 814
770 990
24 770
594 770
773 841
767 773
247 773
773 902
773 967
774 814
774 777
636 774
520 774
515 775
514 775
508 775
188 775
776 780
756 780
512 783
380 783
633 783
606 783
783 973
784 857
784 990
595 784
660 788
415 788
788 830
789 812
789 832
266 789
442 796
523 796
796 856
796 933
391 796
800 879
287 800
392 800
800 934
190 800
815 959
818 902
660 818
745 823
379 823
825 888
816 825
825 959
249 827
626 827
827 863
828 829
434 828
826 828
786 828
430 847
847 969
434 847
777 850
92 850
230 852
587 852
852 866
756 852
334 854
127 854
843 854
854 860
98 855
123 855
578 855
867 960
27 867
592 867
786 868
536 868
534 873
282 873
856 873
347 875
617 875
580 876
845 876
751 876
881 938
263 881
342 881
881 974
641 887
117 887
184 890
612 890
890 926
594 890
105 892
658 892
879 897
897 973
897 966
366 897
267 897
520 907
547 907
866 909
392 909
870 909
358 909
900 909
497 914
222 914
531 914
745 914
656 914
458 915
557 915
845 915
794 917
546 917
333 917
820 922
354 922
862 922
220 922
920 922
59 935
935 974
52 935
935 947
756 935
935 953
363 936
284 936
926 936
932 936
673 940
767 940
340 940
928 940
198 940
950 953
74 950
14 952
853 952
645 952
359 954
944 954
11 954
144 954
949 956
243 961
955 961
937 963
144 963
903 963
958 963
26 963
36 976
862 976
973 976
949 981
820 981
593 981
658 981
895 981
953 981
928 981
408 988
271 988
420 988
983 988
987 988
630 988
673 994
526 994
987 994
328 994
174 994
982 995
496 995
891 995
538 995
602 995
656 995
52 996
758 996
403 996
853 997
661 997
30 997
122 997
271 997
