471 499
117 733
440 762
600 783
101 334
455 490
246 284
325 418
109 117
787 797
646 771
237 465
272 790
517 596
97 605
283 284
55 775
257 610
246 706
254 430
672 748
83 655
178 784
377 635
50 777
499 672
39 502
784 787
235 748
393 646
507 771
671 736
109 534
354 720
539 760
82 733
646 653
500 776
315 671
242 299
706 784
311 734
377 772
419 429
671 677
69 83
434 720
553 555
176 730
188 672
220 768
439 775
213 635
720 777
264 405
569 633
316 539
553 709
768 776
453 520
36 676
188 342
3 60
646 748
161 614
176 245
242 757
539 770
292 458
452 746
83 777
725 783
50 748
462 784
141 771
292 520
756 790
574 776
677 787
265 746
404 746
51 790
3 605
284 762
155 553
137 775
635 733
386 755
353 762
722 783
188 777
80 353
419 671
264 569
222 673
292 553
455 748
729 787
5 82
614 692
28 783
736 784
517 757
325 768
438 797
51 183
536 553
569 734
137 776
454 673
117 299
315 709
640 676
101 797
53 536
222 646
220 325
462 618
220 734
640 783
419 746
37 787
534 722
435 790
386 430
605 730
434 756
676 787
692 706
99 757
402 646
224 490
379 542
451 550
555 760
362 419
673 734
458 776
220 703
452 787
274 610
377 755
542 709
441 610
183 734
210 441
596 760
671 777
539 783
440 784
274 772
188 748
101 706
28 630
481 777
362 730
729 757
596 783
210 406
217 283
45 722
97 614
265 671
237 768
692 720
652 783
757 770
213 733
334 762
70 439
68 418
70 783
481 574
45 672
555 652
706 762
218 334
451 729
377 600
239 341
245 733
367 746
418 768
155 770
39 776
439 760
36 736
618 677
534 770
70 733
299 703
76 748
235 777
438 787
235 692
760 770
199 458
518 655
205 653
438 762
345 614
760 762
507 775
454 471
502 776
542 574
359 520
762 787
709 776
725 729
734 748
531 777
600 733
733 755
161 772
465 703
367 776
45 734
311 429
213 600
676 797
224 502
258 285
133 518
70 640
404 797
354 653
550 760
672 777
45 777
531 673
725 760
614 755
550 722
31 264
596 770
430 600
455 569
82 720
245 772
68 771
11 748
265 569
292 481
345 733
342 569
725 770
459 630
646 692
55 783
405 454
757 775
550 783
355 677
386 730
453 542
250 756
618 746
553 757
571 787
48 353
359 574
239 776
500 709
653 777
297 760
455 725
60 471
341 490
109 713
555 722
768 771
736 797
490 777
531 574
266 542
70 316
320 787
490 748
697 725
258 452
11 653
488 771
655 790
733 787
430 755
536 783
481 520
462 640
441 596
53 652
79 652
706 787
341 539
539 652
571 748
633 652
653 720
585 746
37 438
571 706
316 633
326 402
722 770
452 784
272 756
297 517
362 605
271 507
389 458
453 709
500 671
360 756
345 730
101 271
48 730
729 770
237 703
250 499
725 775
430 459
218 536
147 434
79 729
50 133
610 768
51 332
746 797
730 755
697 713
242 768
465 488
48 80
37 618
536 722
117 630
297 757
199 536
36 784
517 729
455 734
404 677
367 787
274 768
571 762
53 783
257 630
283 635
79 771
28 451
630 755
271 299
389 569
633 783
147 640
429 671
5 354
266 771
775 783
697 722
784 797
671 762
261 499
393 490
536 729
326 440
360 434
518 790
614 635
332 756
389 454
81 736
266 500
50 393
391 671
342 673
618 797
178 746
770 775
102 722
62 239
69 389
217 299
222 768
326 391
264 790
367 440
454 672
697 775
462 762
99 102
3 720
633 725
389 777
257 771
391 736
355 771
499 713
292 360
439 756
60 250
391 797
205 341
81 618
713 725
465 768
722 760
386 459
128 713
419 676
646 720
257 703
435 713
155 725
746 784
53 610
97 206
600 772
342 393
283 772
733 772
245 775
213 418
261 435
435 770
265 542
161 254
109 630
325 585
178 771
418 703
429 676
315 720
178 797
183 768
362 733
149 210
534 757
217 235
434 790
258 777
76 441
246 677
367 797
271 488
459 755
531 734
205 673
258 272
706 797
79 451
3 362
618 784
206 673
149 703
692 777
605 772
653 692
137 729
453 776
517 550
81 320
488 768
640 787
147 729
418 771
3 755
402 585
205 713
332 471
222 569
555 697
614 730
141 406
451 770
640 762
393 757
285 725
692 734
53 254
730 772
517 635
391 404
128 756
630 635
655 697
141 292
183 790
630 783
697 729
147 760
550 633
316 596
640 677
585 600
199 520
360 790
471 790
141 242
80 730
406 488
531 748
725 784
36 756
571 736
176 772
605 755
697 760
217 441
237 507
359 709
406 520
99 775
265 787
76 771
11 646
199 500
671 746
326 585
274 406
102 775
199 367
261 518
762 797
176 733
220 771
62 502
239 326
97 755
311 720
81 746
257 762
630 730
283 614
353 772
206 405
574 772
439 697
239 379
205 311
539 725
571 784
706 736
481 776
531 653
334 355
31 405
703 768
536 775
83 720
155 760
258 756
297 439
729 783
354 676
147 553
677 784
39 315
137 757
11 692
459 600
697 770
69 734
149 217
652 757
725 757
264 311
531 797
332 772
429 736
210 768
500 502
755 784
652 775
452 762
353 776
199 453
465 771
109 733
517 633
379 776
697 757
334 706
5 734
284 355
488 777
520 574
76 703
455 549
462 736
405 614
31 646
254 353
341 692
161 345
379 481
600 635
341 549
82 405
355 440
549 777
490 772
652 653
549 748
555 770
633 775
55 596
440 441
630 772
261 790
531 672
672 734
571 797
242 771
101 325
549 720
672 692
28 316
178 676
206 748
325 441
452 706
549 673
404 676
355 760
102 393
354 454
274 771
440 787
640 736
671 784
755 772
315 359
458 481
553 722
11 728
402 796
574 782
737 787
