241 194 289 564 24 280 473 211 150 291 579 539 463 383 506 265 415 229 337 491 11 72 234 269 308 397 205 544 504 575 188 385 61 
471 319 500 346 42 
230 568 181 408 27 196 16 594 427 197 210 580 92 264 225 78 565 262 159 453 468 537 321 50 381 589 237 176 105 180 118 371 450 
394 395 588 143 462 252 525 303 48 563 469 349 127 259 528 505 433 155 85 533 25 103 392 570 553 164 79 44 206 82 454 343 141 556 
335 561 503 417 306 419 356 436 219 538 222 516 217 484 577 461 51 247 477 299 566 274 414 60 129 112 227 372 541 402 99 593 239 236 195 
486 238 366 358 10 363 497 518 391 535 460 134 9 547 26 487 494 422 20 
542 101 8 455 456 290 109 511 354 481 435 203 551 292 244 428 488 199 184 123 586 163 185 
277 55 83 501 15 74 592 514 130 111 88 412 128 540 390 126 405 413 207 449 300 57 240 384 576 307 19 520 470 
107 245 370 293 513 465 161 552 80 399 407 228 251 246 439 63 338 
571 559 410 212 178 45 441 326 389 369 242 165 56 198 153 186 288 510 558 71 
119 209 581 595 257 434 28 388 138 23 334 583 495 124 84 14 355 120 314 64 457 220 317 507 147 398 152 475 315 480 340 543 276 339 499 425 255 597 224 420 297 
254 13 386 560 330 38 93 116 146 373 555 442 368 1 183 492 179 142 2 582 387 585 545 596 320 149 527 223 232 148 490 517 431 168 304 452 
108 548 478 445 36 587 284 396 17 345 508 170 70 351 213 591 34 167 39 336 218 160 121 100 144 162 271 81 65 310 467 172 379 204 279 598 189 432 270 5 41 393 114 117 444 77 534 54 166 173 31 104 29 86 281 479 532 464 325 329 286 106 302 378 110 515 200 53 258 151 
282 268 76 182 46 263 154 360 458 
327 400 489 573 202 367 
208 135 87 73 333 32 0 530 523 493 296 418 
496 409 283 374 22 243 313 382 301 248 67 40 140 546 401 294 59 482 62 249 89 115 272 344 364 
68 158 590 97 359 447 316 550 305 485 275 536 253 261 91 578 423 267 353 125 557 521 215 250 421 132 115 522 193 82 483 331 33 438 233 273 298 
599 98 52 448 352 512 429 466 94 498 375 474 177 35 18 502 526 278 426 47 309 574 174 519 260 221 187 113 322 342 122 524 30 21 
37 311 476 49 131 101 323 156 133 569 531 285 175 451 95 440 584 
12 192 562 136 226 171 430 145 287 43 231 554 443 214 332 90 365 235 96 
411 376 572 509 377 549 324 6 348 341 318 266 459 328 
312 446 406 403 361 567 137 157 404 256 75 362 380 
201 169 357 347 139 424 295 437 529 472 69 4 
102 58 191 7 66 416 350 3 216 190 
