181 417 506 11 78 138 372 366 457 17 595 589 331 192 305 163 155 385 20 464 254 159 592 261 226 558 507 580 204 9 586 554 248 354 297 104 150 112 494 70 139 228 590 129 326 48 158 505 569 557 573 133 178 504 318 313 421 50 213 134 334 416 149 551 453 317 492 552 379 499 229 594 211 153 330 164 352 412 566 247 323 525 40 532 71 467 281 41 472 233 119 387 585 214 198 162 166 301 520 542 370 82 106 190 212 241 251 32 161 109 1 81 23 489 5 283 55 16 541 449 478 583 264 409 339 215 428 171 193 439 477 314 524 484 292 263 577 0 597 230 280 206 99 515 296 288 448 130 67 117 466 432 516 410 538 265 414 33 151 36 348 398 315 207 476 180 543 397 393 83 411 172 560 87 19 120 64 452 381 224 132 547 289 395 269 122 189 598 293 147 423 187 359 407 324 531 221 107 88 376 350 262 203 21 89 225 480 92 85 72 8 375 518 559 185 217 312 28 174 463 252 287 512 202 103 496 517 445 234 286 544 47 526 450 382 273 479 349 308 455 511 386 394 238 14 95 144 276 26 481 91 167 343 59 100 97 333 316 218 356 380 442 485 27 239 200 535 290 358 427 128 368 240 454 37 593 514 76 529 136 267 443 111 209 175 584 553 154 374 471 131 60 110 319 419 429 105 201 469 271 433 362 197 406 10 260 284 156 126 13 268 93 31 242 561 140 537 548 142 328 502 555 121 179 266 497 441 483 94 243 270 125 160 148 108 369 495 384 29 54 424 123 377 127 216 84 340 43 80 570 540 345 437 75 578 473 351 528 223 
45 245 274 363 530 253 158 556 327 500 335 
42 306 182 325 361 86 459 400 249 257 534 61 118 465 591 
68 474 388 227 434 4 12 353 196 508 90 294 250 34 275 303 581 210 66 44 
184 62 101 186 513 300 116 143 39 389 53 
367 436 440 320 199 180 452 69 79 25 6 282 451 336 582 564 
510 399 169 74 65 332 371 237 145 415 360 523 
49 364 152 57 576 539 232 533 346 482 568 56 307 404 246 546 599 191 188 501 383 522 277 146 567 458 124 255 444 431 357 220 536 365 2 321 259 205 
405 291 503 425 35 141 96 574 195 309 549 509 157 
392 285 462 165 390 219 430 338 447 176 51 256 588 77 98 170 22 572 587 426 38 194 73 173 579 550 322 486 52 491 58 30 236 571 355 498 565 135 208 
373 413 183 18 310 7 341 137 378 435 63 460 438 401 493 102 
446 298 222 299 403 402 114 475 347 456 487 258 304 177 408 545 596 24 278 521 231 488 337 418 344 115 
461 527 311 519 490 3 
46 302 391 420 272 342 
422 168 244 468 575 279 396 562 563 113 235 329 470 15 295 
