250 370 429 587 76 61 79 466 13 574 327 522 219 207 229 52 425 205 377 519 361 180 333 567 101 454 78 108 118 584 
294 369 19 351 407 60 353 484 410 489 103 25 121 153 183 450 328 284 177 272 129 70 452 281 65 564 354 87 493 499 226 363 248 175 329 156 577 330 326 523 517 355 543 44 293 464 321 390 173 162 365 430 54 335 257 416 599 307 99 338 97 415 81 32 346 418 149 133 43 392 227 213 563 151 593 572 46 12 331 427 434 597 357 82 520 217 569 267 0 
200 594 471 6 540 192 472 301 7 26 310 
319 116 486 388 83 380 3 436 215 11 15 106 18 372 
320 556 397 439 244 204 497 312 172 282 446 184 348 511 16 259 459 432 460 313 135 504 571 469 246 104 181 
100 508 53 40 35 195 451 63 364 71 159 447 94 
305 265 45 234 73 132 376 494 105 214 273 48 324 360 538 541 570 
463 458 107 4 379 221 562 174 88 586 470 487 449 386 275 152 467 341 582 547 505 252 559 126 264 21 148 334 492 56 345 419 398 426 197 445 2 122 309 591 585 222 560 28 404 343 191 
84 57 86 389 358 224 576 240 285 164 498 509 235 66 186 412 160 
123 187 67 295 201 448 507 194 535 579 254 209 189 443 441 300 119 396 558 260 527 565 375 245 385 14 371 169 381 236 500 521 185 476 80 515 179 253 39 31 120 140 288 344 526 298 
203 524 545 549 242 198 262 428 50 532 210 27 503 399 95 
64 77 98 435 268 367 539 74 482 144 165 237 
249 516 124 537 322 283 550 143 411 501 413 232 
206 190 394 477 506 544 456 220 208 36 147 291 488 161 136 68 340 554 583 168 382 112 238 561 461 271 290 316 468 137 29 581 279 302 17 127 167 102 378 423 483 49 391 575 59 384 438 406 368 233 366 318 176 228 359 96 37 292 47 387 114 30 155 395 598 566 299 178 590 109 342 510 239 473 546 444 289 251 247 595 596 72 485 409 
51 38 231 490 440 374 481 325 163 475 223 89 308 297 480 
139 518 115 188 23 9 356 408 350 431 22 125 134 512 420 130 362 269 258 171 306 128 10 145 280 286 170 266 383 93 352 216 142 405 287 303 414 465 256 513 531 528 555 196 339 
34 502 113 496 138 157 403 588 455 92 347 255 553 551 542 311 529 131 580 323 20 424 110 
8 141 5 42 462 530 525 193 336 533 117 199 243 182 274 337 514 230 211 332 304 421 573 58 1 
225 349 276 317 75 315 24 417 479 548 589 557 314 55 62 158 296 261 478 33 568 278 41 263 491 578 241 
433 437 393 457 373 592 202 495 166 536 534 218 402 277 442 552 474 146 270 400 91 
212 401 150 90 111 85 453 69 422 154 
