351 43 568 307 66 158 115 17 207 59 321 443 454 22 505 480 245 440 297 202 78 151 
560 466 23 302 191 58 203 507 306 205 364 303 163 372 377 275 506 331 56 586 447 1 366 
10 189 92 220 459 201 553 235 175 271 20 15 50 146 345 217 314 478 160 120 583 211 94 256 399 320 573 46 105 455 206 382 171 109 81 
514 7 188 87 288 332 231 429 299 475 566 152 575 432 250 460 181 82 80 512 461 123 411 441 458 41 587 355 180 295 483 449 333 154 76 557 281 513 261 376 344 349 408 136 126 457 558 147 200 214 
590 283 142 232 140 319 541 519 243 40 437 518 569 77 208 190 368 442 470 431 
396 427 599 247 564 375 401 474 538 352 172 521 155 285 446 393 34 389 539 356 559 252 39 392 96 529 497 489 
24 381 112 223 418 373 74 500 554 511 416 3 515 
562 340 402 9 296 44 84 248 574 551 465 162 73 412 
64 481 209 322 451 523 166 153 260 162 430 98 278 592 550 27 570 496 467 88 134 479 576 358 170 491 420 324 270 
169 304 68 434 132 384 149 400 127 221 106 
452 422 337 42 363 93 525 357 135 
598 579 578 537 508 
230 534 536 526 273 473 290 280 409 2 63 6 125 83 453 438 504 463 21 60 25 177 213 12 102 130 335 4 428 312 386 131 
301 398 343 269 268 11 117 266 421 436 65 462 
174 8 517 258 79 114 476 311 448 404 168 138 216 388 122 276 
492 225 233 193 487 186 581 346 310 394 350 410 99 292 157 
38 251 305 323 435 161 145 348 198 390 308 210 67 378 315 274 254 520 293 516 555 419 
543 113 391 244 49 571 484 503 277 197 29 240 241 129 121 159 300 53 196 456 510 530 182 234 90 
365 85 577 542 282 69 279 189 108 195 415 342 124 284 52 549 532 498 580 369 272 309 488 111 97 433 
30 371 165 379 143 495 264 156 139 414 18 585 471 318 522 57 494 33 444 572 75 14 249 326 110 339 450 359 255 338 148 47 133 425 426 588 374 417 477 445 48 61 545 548 4 32 567 547 439 262 86 
116 45 597 3 51 589 
531 565 546 596 528 486 
563 101 395 0 424 584 259 228 263 423 469 330 199 70 591 407 118 253 385 
36 16 361 316 236 54 317 291 502 328 509 499 
184 183 298 238 224 325 347 103 289 267 
100 89 370 242 150 246 227 218 406 380 62 485 397 334 540 362 173 31 167 128 595 229 222 383 37 119 13 490 
593 535 329 141 95 286 582 336 204 104 185 482 219 265 533 194 413 367 556 5 91 164 215 72 55 552 353 28 493 405 187 
30 294 527 192 257 239 178 354 71 561 237 524 226 544 403 360 212 341 464 472 179 164 137 26 35 594 
327 313 387 287 19 176 501 539 107 468 144 
