89 187 109 258 43 596 531 223 90 585 254 238 76 122 459 288 508 342 567 359 418 479 245 383 547 
25 204 569 434 309 175 571 253 10 1 457 450 524 523 371 424 20 594 542 512 514 234 559 467 193 558 71 556 138 
484 131 560 145 111 419 554 117 520 63 385 52 60 278 
494 177 127 535 589 339 69 269 195 476 182 241 360 100 553 319 257 356 404 
104 485 24 347 103 505 98 586 455 121 495 401 286 513 312 91 
542 227 572 417 323 219 590 149 478 168 198 433 324 326 57 348 200 536 
584 204 46 54 247 270 32 321 384 222 475 373 129 259 237 552 229 48 167 11 595 290 55 477 470 582 155 87 159 562 256 94 354 361 503 181 
509 369 14 336 38 262 113 492 580 519 280 221 3 92 498 137 28 102 
555 545 56 273 267 101 436 482 171 507 463 497 208 332 51 592 184 541 205 
438 465 382 376 345 452 214 570 358 225 528 370 491 72 502 
499 272 315 308 410 250 432 132 506 446 439 249 317 306 50 82 134 599 
58 226 551 578 31 469 6 5 85 142 199 430 230 206 135 172 151 525 
468 8 33 307 44 534 557 310 300 304 248 460 581 333 78 228 232 573 575 380 444 
499 287 260 293 88 322 564 388 344 302 115 473 
22 588 412 398 577 544 561 442 414 105 292 413 540 7 235 576 311 406 466 454 
591 346 143 538 147 37 26 4 516 68 363 391 106 565 49 175 239 186 20 285 
277 597 351 331 67 390 399 34 316 276 209 139 543 327 114 502 107 422 337 
224 16 593 368 451 128 275 364 136 298 163 328 158 539 153 488 352 144 161 
146 96 283 112 372 160 527 40 59 521 95 440 366 176 216 207 240 263 
494 73 500 496 217 480 487 110 409 84 21 367 334 
236 529 471 522 530 274 265 162 289 313 140 
546 190 125 395 441 83 425 156 118 74 194 341 320 
42 299 251 325 407 387 
29 281 583 218 427 124 45 579 64 517 330 423 197 297 357 504 420 
154 203 11 378 396 533 550 192 456 296 123 268 355 213 526 
428 389 403 574 493 99 453 212 394 329 381 189 350 
53 191 80 152 445 301 18 196 415 150 141 392 243 216 170 81 77 393 365 437 
183 271 291 340 338 426 405 47 511 210 402 374 61 19 148 435 169 566 472 
65 93 294 164 448 261 353 264 244 13 119 386 242 178 36 537 563 0 30 598 86 
66 15 41 23 70 408 62 185 126 120 549 397 510 416 173 
12 421 318 449 279 568 335 75 266 486 375 202 282 
501 166 116 252 9 462 587 443 130 349 97 165 518 215 305 489 377 
284 188 233 343 246 174 362 231 431 
400 220 211 548 429 490 133 27 464 39 411 180 17 
532 474 79 512 35 255 458 157 379 201 515 108 483 303 461 2 481 
447 179 314 295 
