102 595
112 297
587 590
399 403
349 421
496 551
336 337
266 555
255 496
20 542
339 352
148 442
442 558
10 423
368 544
465 528
462 578
75 517
478 578
561 596
212 512
146 402
290 546
510 516
240 595
169 390
444 581
139 177
269 472
363 517
514 530
387 488
423 595
12 272
274 586
96 534
208 491
415 431
36 493
60 257
278 550
101 193
216 458
322 516
552 579
130 188
133 145
46 504
513 531
134 517
502 542
340 471
280 570
225 452
280 420
137 554
544 561
329 408
330 534
41 44
496 588
423 468
231 481
216 465
233 533
182 336
474 476
479 589
315 548
413 516
274 557
293 452
437 564
317 478
318 468
502 529
467 561
127 589
383 408
495 562
206 387
280 427
311 529
24 507
248 559
213 452
130 142
222 568
171 397
302 522
534 592
556 581
226 365
405 548
328 421
438 483
168 515
5 362
233 488
349 589
278 349
264 593
283 457
68 318
342 596
218 373
308 503
510 544
136 160
10 12
329 593
440 481
42 182
8 549
61 293
363 382
438 506
424 580
518 531
193 332
547 554
232 550
247 251
266 413
345 444
434 522
202 574
59 468
477 488
81 394
228 562
263 568
302 391
182 530
536 567
22 518
443 575
62 263
37 390
67 402
270 597
456 561
309 518
37 220
142 531
1 571
308 372
59 583
139 405
176 409
457 589
496 528
263 582
9 531
92 580
18 150
257 569
20 440
210 401
546 554
286 369
566 583
362 596
314 557
442 486
477 580
280 287
464 593
29 561
97 593
260 304
592 594
111 401
166 339
258 528
558 561
119 575
395 575
456 575
112 598
331 481
480 490
409 533
157 580
429 479
124 537
340 590
359 520
256 352
502 591
411 422
195 373
199 421
350 531
261 439
465 593
216 531
56 188
384 473
325 374
474 592
171 528
480 481
63 518
302 560
548 559
462 533
394 477
269 362
147 255
438 473
554 581
557 568
317 553
414 555
143 550
2 588
332 400
26 464
580 596
374 480
170 531
228 590
480 557
358 514
342 391
142 405
354 593
419 468
318 554
232 295
292 299
402 513
114 448
118 566
434 593
44 272
335 452
541 569
393 536
124 550
179 437
437 442
534 536
176 546
461 575
322 550
382 590
97 517
478 479
227 390
249 322
23 362
173 569
405 465
283 438
413 550
336 573
163 551
241 315
137 525
529 551
349 534
208 406
424 457
317 589
409 420
227 365
121 293
417 548
431 433
306 512
29 406
395 506
54 390
138 424
196 230
395 590
239 506
29 36
401 453
257 502
233 554
423 438
121 311
29 326
291 461
202 528
278 478
239 554
421 462
196 287
293 329
261 272
109 488
478 589
483 568
528 555
69 453
393 437
457 592
20 588
225 589
283 550
442 592
356 477
247 595
124 420
91 536
255 553
440 475
517 593
110 553
400 536
537 566
479 557
46 596
125 528
290 583
456 473
60 593
373 534
155 178
136 581
156 536
208 456
213 356
0 452
329 434
402 552
239 590
366 583
575 598
281 590
176 276
70 593
366 566
296 568
47 382
54 452
400 534
349 557
150 422
461 510
424 588
277 374
374 590
166 433
276 548
373 536
124 516
24 314
391 485
37 317
496 529
157 403
533 573
269 405
208 228
340 395
289 424
408 555
393 474
340 506
261 589
233 593
261 478
557 598
373 495
456 544
225 296
481 552
145 356
453 488
491 557
97 163
316 395
502 588
342 485
1 421
340 368
289 595
117 440
368 477
383 528
478 491
411 516
414 452
112 359
231 475
378 566
146 442
111 422
352 528
374 481
434 599
470 516
473 577
40 60
562 596
230 371
342 503
19 391
420 431
555 575
277 290
468 585
33 329
251 510
305 598
113 539
96 279
46 464
301 568
541 568
356 405
567 568
383 518
459 555
248 326
249 550
145 149
457 529
371 384
335 592
113 490
91 552
171 518
387 581
9 314
541 561
301 578
220 566
455 551
504 514
36 62
346 569
239 529
42 453
279 394
209 444
102 299
303 414
110 347
24 589
208 303
84 228
68 382
473 555
0 543
202 442
229 414
429 566
17 444
444 450
92 460
552 592
93 528
42 514
475 534
387 546
10 555
373 469
47 473
204 306
131 553
280 290
154 401
304 526
168 546
464 547
102 544
252 405
199 382
291 316
208 536
320 573
508 516
475 501
524 531
9 554
125 269
72 316
97 276
336 556
153 490
134 196
546 595
30 501
307 528
476 581
206 581
154 186
158 578
146 400
171 408
444 583
349 350
81 427
444 566
430 513
182 573
218 433
534 572
278 479
490 529
291 298
231 490
286 414
223 572
316 575
196 431
269 463
70 384
92 515
314 491
62 158
249 501
437 495
461 473
136 544
173 335
428 550
496 590
32 374
196 263
251 417
143 537
109 596
44 226
411 462
223 475
433 592
303 581
347 407
238 561
308 490
317 356
409 566
296 417
150 314
153 454
568 578
492 592
368 590
3 580
136 409
82 512
544 577
251 596
224 231
518 542
27 490
281 475
51 480
485 598
289 299
0 593
112 246
128 465
223 440
18 534
103 452
89 480
382 575
113 588
256 420
46 427
270 592
308 565
75 479
208 247
491 569
440 490
153 464
226 381
393 577
257 434
172 365
501 545
46 434
102 234
16 598
315 578
308 374
437 534
455 588
70 173
272 569
293 572
495 592
544 598
468 566
163 490
238 359
303 356
289 576
270 546
289 318
145 465
406 408
1 562
455 581
574 575
190 292
542 580
55 479
170 269
12 434
69 537
592 596
311 588
42 573
423 488
70 326
190 554
455 578
502 589
202 495
156 378
266 512
51 596
143 413
167 299
542 551
232 516
365 366
220 554
411 433
433 534
403 542
280 414
427 430
308 475
457 506
227 593
422 444
323 575
533 592
113 496
362 551
456 598
145 512
456 491
167 583
134 546
30 595
455 553
137 468
112 406
475 481
68 368
514 525
8 421
363 427
146 277
354 464
424 542
496 502
279 506
286 306
34 529
444 554
548 589
534 552
411 413
178 384
111 453
501 537
430 464
296 479
529 542
421 533
226 569
171 216
417 578
37 581
387 554
85 227
47 342
506 590
30 176
158 350
188 306
5 533
271 315
134 513
304 573
266 332
391 551
437 592
299 595
17 595
114 590
352 408
211 514
216 461
255 483
147 596
117 462
513 528
54 335
437 552
578 589
23 272
596 598
89 583
551 580
218 552
139 339
196 256
277 534
247 596
340 551
141 530
34 588
270 495
553 580
117 525
406 544
340 473
90 154
323 496
403 424
283 501
157 533
36 438
212 365
38 481
420 495
514 578
146 552
290 581
136 583
5 336
213 354
178 337
323 510
128 139
384 496
478 548
279 461
85 280
366 581
190 566
232 553
491 568
274 533
346 598
462 506
213 363
483 598
338 456
363 464
161 595
346 593
179 550
326 390
70 566
417 522
471 557
256 546
38 357
406 596
506 535
142 537
161 176
455 580
29 526
138 311
304 462
435 552
530 593
286 383
291 391
59 508
17 477
317 557
266 513
468 581
557 589
285 479
477 546
170 474
387 413
481 490
139 556
375 391
448 578
109 546
491 548
477 595
459 575
319 506
410 514
405 451
501 516
49 598
53 359
438 576
477 571
41 589
242 352
480 507
506 544
33 400
218 457
220 546
22 585
404 583
408 514
529 561
588 591
115 531
350 512
335 597
156 329
485 531
90 453
128 560
167 331
286 449
514 563
471 561
102 468
301 583
141 595
363 437
163 231
326 593
404 590
323 551
485 540
475 480
42 542
188 414
427 517
51 475
474 552
326 569
347 580
516 537
277 592
170 439
502 575
356 414
138 553
56 434
168 566
223 499
408 528
77 548
54 395
241 589
303 408
142 339
93 511
403 494
149 291
387 575
420 555
517 520
442 536
315 449
387 588
391 571
455 542
226 588
155 584
587 589
273 403
241 582
20 278
400 592
310 568
225 557
522 525
378 584
201 241
68 359
51 297
308 440
316 456
69 256
74 150
223 481
461 598
153 400
299 401
393 495
223 374
450 453
433 443
89 297
306 468
551 553
384 544
114 483
248 390
339 356
96 127
23 518
484 510
368 489
244 478
218 234
114 596
243 597
72 470
510 520
130 161
261 276
354 365
8 525
145 290
296 349
495 552
117 230
127 552
238 240
433 437
402 488
409 444
553 578
438 561
131 542
344 417
363 399
494 555
297 480
536 590
421 527
479 568
8 274
451 452
146 567
315 568
235 544
517 597
155 483
156 517
30 492
230 243
393 442
414 506
0 346
89 591
384 483
422 453
281 464
377 401
585 596
402 474
34 580
553 588
581 583
413 501
91 272
158 557
401 422
453 554
481 513
90 311
491 578
154 453
542 593
85 453
202 457
438 510
280 531
297 475
62 256
274 368
96 368
349 578
501 550
157 271
289 290
271 359
274 530
33 568
263 581
231 257
69 422
182 304
228 598
34 593
274 525
477 583
296 546
263 557
249 518
329 464
292 566
287 531
125 420
206 528
228 456
501 561
124 339
414 588
516 550
41 578
575 590
272 410
137 423
271 483
58 573
226 513
408 420
153 346
12 427
325 481
276 589
81 517
69 401
434 453
167 595
166 552
411 537
249 537
393 457
230 462
304 332
325 490
134 414
302 575
241 276
230 374
433 525
394 595
475 490
276 595
49 590
170 518
406 442
266 431
131 580
271 510
420 465
212 422
525 573
378 583
91 457
291 561
154 212
430 452
269 431
382 406
33 417
216 266
178 391
55 314
297 531
409 423
233 318
91 546
292 468
302 592
530 533
238 529
255 502
403 502
417 568
431 518
512 555
127 596
247 510
286 512
251 302
395 510
199 525
72 464
90 422
109 394
347 573
225 227
317 349
374 475
270 536
274 573
383 598
156 569
24 491
10 130
302 316
405 488
438 575
411 501
58 514
544 575
193 573
206 595
143 422
20 553
147 598
92 542
255 551
115 337
537 552
390 580
432 548
347 403
518 547
211 525
178 309
410 416
287 431
166 536
23 556
81 410
7 491
559 590
393 441
362 383
293 517
150 401
461 463
518 538
211 530
525 588
158 448
130 350
334 550
211 332
303 306
488 583
291 484
59 477
391 506
33 557
211 539
318 376
14 138
141 514
287 551
271 281
239 291
336 514
430 544
161 583
54 555
115 555
134 297
138 491
250 474
1 462
147 411
258 512
303 339
457 474
517 574
350 431
333 461
110 588
314 548
277 400
343 478
332 589
424 502
193 530
583 595
478 557
501 558
433 457
336 438
228 313
302 544
452 578
270 457
335 407
55 451
293 569
354 569
426 513
211 577
323 580
394 444
583 584
422 486
44 410
483 577
106 530
485 590
19 589
24 75
78 258
99 561
155 342
232 537
51 361
125 306
289 566
55 427
293 593
314 566
150 453
9 362
321 550
529 588
271 485
421 579
394 423
141 324
218 540
111 554
592 599
168 318
531 532
41 315
1 243
455 496
115 256
257 410
554 583
68 76
384 584
243 533
121 267
141 462
385 495
156 430
393 529
512 585
287 512
591 598
249 536
325 525
443 456
375 525
212 401
231 553
235 359
352 532
97 410
13 550
383 462
298 303
281 365
232 413
50 530
199 406
311 551
350 518
258 583
343 573
326 480
474 489
38 308
93 513
111 427
373 592
173 595
409 468
359 360
292 423
277 597
190 372
279 598
121 390
473 590
22 139
332 362
430 593
408 442
233 427
323 553
347 553
388 544
62 417
138 580
31 137
89 325
143 501
75 483
393 402
537 586
495 534
423 570
451 596
15 554
424 455
384 596
373 546
325 341
474 561
125 488
197 464
455 536
257 511
426 478
328 383
347 551
337 525
270 534
382 385
37 554
243 304
124 501
417 424
455 529
115 576
60 410
332 573
370 456
495 548
286 513
322 413
15 568
366 409
258 555
403 580
225 548
421 530
9 10
426 473
283 411
514 533
362 518
442 552
277 474
378 387
238 544
483 561
561 590
402 495
270 480
34 569
362 513
241 336
406 533
405 531
226 346
121 427
85 90
430 517
506 596
400 552
537 550
276 491
136 488
199 514
168 366
60 287
278 568
281 452
316 318
335 569
325 440
290 394
402 592
479 578
239 279
317 479
581 595
128 383
202 474
292 533
368 596
30 161
55 278
38 490
366 434
421 525
536 592
322 537
155 485
363 390
58 533
137 488
384 485
211 533
233 378
72 461
125 530
440 480
75 598
155 548
326 400
188 465
178 590
347 529
575 596
382 431
406 561
411 550
141 199
36 598
568 589
238 596
22 513
424 496
206 573
47 182
163 480
258 513
243 568
213 464
92 588
248 434
332 337
569 589
478 530
366 595
365 569
510 596
157 588
548 568
382 473
477 581
227 569
249 516
350 555
352 512
248 593
337 573
283 537
168 455
373 402
173 272
263 548
433 536
530 573
206 488
323 588
473 485
365 410
557 593
513 555
529 580
342 510
437 474
537 542
223 297
212 395
342 530
147 438
365 403
352 542
483 590
49 485
311 502
502 553
546 566
359 575
477 592
281 363
193 588
17 529
354 434
58 292
394 462
110 483
378 468
113 542
93 512
230 525
394 544
114 128
248 517
378 581
147 461
5 573
261 317
335 346
337 530
85 212
218 311
391 575
72 561
548 578
261 516
490 550
127 561
241 578
258 598
163 440
23 465
395 598
216 356
131 551
