0 207
0 346
0 452
0 543
0 593
1 243
1 421
1 462
1 562
1 571
2 132
2 343
2 445
2 463
2 588
3 65
3 319
3 372
3 380
3 580
4 191
4 387
4 519
4 582
4 585
5 336
5 362
5 446
5 533
5 573
6 71
6 100
6 312
6 358
6 508
7 447
7 491
7 508
7 566
7 594
8 274
8 421
8 467
8 525
8 549
9 10
9 314
9 362
9 531
9 554
10 9
10 12
10 130
10 423
10 555
11 18
11 300
11 388
11 409
11 436
12 10
12 222
12 272
12 427
12 434
13 207
13 361
13 470
13 550
13 574
14 138
14 521
14 535
14 560
14 579
15 83
15 319
15 486
15 554
15 568
16 312
16 446
16 460
16 471
16 598
17 444
17 477
17 527
17 529
17 595
18 11
18 150
18 319
18 436
18 534
19 391
19 392
19 418
19 563
19 589
20 278
20 440
20 542
20 553
20 588
21 404
21 419
21 467
21 541
21 554
22 139
22 497
22 513
22 518
22 585
23 272
23 362
23 465
23 518
23 556
24 75
24 314
24 491
24 507
24 589
25 217
25 220
25 418
25 563
25 594
26 451
26 464
26 508
26 540
26 594
27 399
27 428
27 464
27 490
27 549
28 245
28 445
28 492
28 511
28 586
29 36
29 326
29 406
29 526
29 561
30 161
30 176
30 492
30 501
30 595
31 123
31 137
31 254
31 385
31 547
32 374
32 407
32 472
32 499
32 599
33 329
33 400
33 417
33 557
33 568
34 529
34 569
34 580
34 588
34 593
35 59
35 471
35 472
35 567
35 594
36 29
36 62
36 438
36 493
36 598
37 220
37 317
37 390
37 554
37 581
38 308
38 357
38 385
38 481
38 490
39 171
39 260
39 524
39 535
39 579
40 60
40 447
40 471
40 498
40 594
41 44
41 315
41 454
41 578
41 589
42 182
42 453
42 514
42 542
42 573
43 331
43 468
43 520
43 523
43 585
44 41
44 100
44 226
44 272
44 410
45 494
45 524
45 538
45 541
45 570
46 427
46 434
46 464
46 504
46 596
47 182
47 342
47 375
47 382
47 473
48 305
48 538
48 541
48 542
48 556
49 234
49 447
49 485
49 590
49 598
50 78
50 524
50 530
50 532
50 545
51 297
51 361
51 475
51 480
51 596
52 316
52 322
52 466
52 519
52 584
53 200
53 301
53 359
53 500
53 594
54 335
54 390
54 395
54 452
54 555
55 278
55 314
55 427
55 451
55 479
56 188
56 275
56 426
56 434
56 559
57 358
57 389
57 412
57 428
57 528
58 292
58 389
58 514
58 533
58 573
59 35
59 468
59 477
59 508
59 583
60 40
60 257
60 287
60 410
60 593
61 293
61 294
61 522
61 574
61 587
62 36
62 158
62 256
62 263
62 417
63 471
63 472
63 509
63 518
63 594
64 217
64 367
64 482
64 489
64 539
65 3
65 174
65 489
65 499
65 563
66 285
66 369
66 498
66 557
66 576
67 140
67 236
67 402
67 535
67 581
68 76
68 318
68 359
68 368
68 382
69 256
69 401
69 422
69 453
69 537
70 173
70 326
70 384
70 566
70 593
71 6
71 245
71 298
71 364
71 540
72 316
72 461
72 464
72 470
72 561
73 461
73 494
73 538
73 555
73 570
74 150
74 237
74 268
74 539
74 543
75 24
75 479
75 483
75 517
75 598
76 68
76 108
76 205
76 515
76 522
77 435
77 482
77 539
77 548
77 598
78 50
78 258
78 370
78 584
78 587
79 250
79 377
79 397
79 426
79 587
80 180
80 185
80 357
80 558
80 579
81 394
81 410
81 427
81 435
81 517
82 502
82 512
82 565
82 577
82 597
83 15
83 116
83 436
83 465
83 570
84 228
84 389
84 418
84 509
84 576
85 90
85 212
85 227
85 280
85 453
86 87
86 235
86 498
86 502
86 576
87 86
87 177
87 392
87 520
87 539
88 345
88 419
88 521
88 522
88 586
89 297
89 325
89 480
89 583
89 591
90 85
90 154
90 311
90 422
90 453
91 272
91 457
91 536
91 546
91 552
92 460
92 515
92 542
92 580
92 588
93 467
93 511
93 512
93 513
93 528
94 192
94 451
94 472
94 484
94 535
95 288
95 399
95 428
95 458
95 545
96 103
96 127
96 279
96 368
96 534
97 163
97 276
97 410
97 517
97 593
98 165
98 242
98 435
98 539
98 577
99 267
99 355
99 526
99 561
99 563
100 6
100 44
100 447
100 532
100 540
101 193
101 207
101 425
101 466
101 556
102 234
102 299
102 468
102 544
102 595
103 96
103 328
103 452
103 564
103 599
104 186
104 469
104 482
104 497
104 571
105 265
105 307
105 361
105 494
105 538
106 361
106 380
106 388
106 486
106 530
107 126
107 144
107 191
107 446
107 562
108 76
108 429
108 497
108 567
108 571
109 389
109 394
109 488
109 546
109 596
110 347
110 483
110 553
110 565
110 588
111 401
111 422
111 427
111 453
111 554
112 246
112 297
112 359
112 406
112 598
113 490
113 496
113 539
113 542
113 588
114 128
114 448
114 483
114 590
114 596
115 256
115 337
115 531
115 555
115 576
116 83
116 275
116 388
116 436
116 504
117 230
117 440
117 462
117 525
117 597
118 250
118 327
118 471
118 566
118 574
119 371
119 441
119 500
119 575
119 585
120 185
120 507
120 515
120 591
120 597
121 267
121 293
121 311
121 390
121 427
122 339
122 560
122 582
122 586
122 587
123 31
123 236
123 282
123 284
123 441
123 515
124 339
124 420
124 501
124 516
124 537
124 550
125 269
125 306
125 420
125 488
125 528
125 530
126 107
126 366
126 381
126 419
126 498
126 560
127 96
127 169
127 552
127 561
127 589
127 596
128 114
128 139
128 383
128 465
128 497
128 560
129 151
129 564
129 579
129 594
129 597
129 599
130 10
130 142
130 161
130 188
130 350
130 466
131 334
131 450
131 542
131 551
131 553
131 580
132 2
132 273
132 376
132 541
132 570
132 589
133 145
133 320
133 351
133 379
133 543
133 599
134 196
134 297
134 414
134 513
134 517
134 546
135 204
135 214
135 259
135 352
135 446
135 460
136 160
136 409
136 488
136 544
136 581
136 583
137 31
137 423
137 468
137 488
137 525
137 554
138 14
138 311
138 424
138 491
138 553
138 580
139 22
139 128
139 177
139 339
139 405
139 556
140 67
140 236
140 348
140 500
140 520
140 579
141 199
141 324
141 462
141 514
141 530
141 595
142 130
142 339
142 405
142 531
142 537
142 582
143 413
143 422
143 501
143 537
143 550
143 586
144 107
144 268
144 435
144 482
144 539
144 572
145 133
145 149
145 290
145 356
145 465
145 512
146 277
146 400
146 402
146 442
146 552
146 567
147 255
147 411
147 438
147 461
147 596
147 598
148 345
148 413
148 442
148 445
148 470
148 492
149 145
149 175
149 291
149 357
149 514
149 564
150 18
150 74
150 314
150 401
150 422
150 453
151 129
151 470
151 486
151 489
151 543
151 599
152 254
152 325
152 407
152 467
152 562
152 591
153 162
153 346
153 400
153 454
153 464
153 490
154 90
154 186
154 212
154 401
154 453
154 497
155 178
155 342
155 483
155 485
155 548
155 584
156 329
156 378
156 430
156 517
156 536
156 569
157 271
157 344
157 403
157 533
157 580
157 588
158 62
158 350
158 392
158 448
158 557
158 578
159 259
159 287
159 471
159 479
159 540
159 594
160 136
160 186
160 201
160 240
160 412
160 498
161 30
161 130
161 176
161 381
161 583
161 595
162 153
162 181
162 326
162 430
162 476
162 539
163 97
163 231
163 440
163 480
163 490
163 551
164 167
164 285
164 331
164 412
164 511
164 576
165 98
165 426
165 458
165 482
165 539
165 572
166 339
166 433
166 500
166 536
166 547
166 552
167 164
167 299
167 331
167 527
167 583
167 595
168 318
168 366
168 455
168 515
168 546
168 566
169 127
169 209
169 375
169 390
169 448
169 535
170 269
170 341
170 439
170 474
170 518
170 531
171 39
171 216
171 397
171 408
171 518
171 528
172 365
172 397
172 439
172 497
172 571
172 574
173 70
173 272
173 335
173 355
173 569
173 595
174 65
174 271
174 547
174 559
174 582
174 591
175 149
175 183
175 321
175 444
175 476
175 564
176 30
176 161
176 276
176 409
176 505
176 546
177 87
177 139
177 200
177 392
177 577
177 597
178 155
178 309
178 337
178 384
178 391
178 590
179 330
179 437
179 526
179 550
179 558
179 579
180 80
180 242
180 377
180 445
180 519
180 584
181 162
181 188
181 392
181 459
181 504
181 571
182 42
182 47
182 304
182 336
182 530
182 573
183 175
183 284
183 416
183 487
183 488
183 572
184 244
184 259
184 348
184 446
184 460
184 509
185 80
185 120
185 340
185 357
185 443
185 515
186 104
186 154
186 160
186 294
186 498
186 509
187 396
187 448
187 500
187 530
187 540
187 579
188 56
188 130
188 181
188 306
188 414
188 465
189 371
189 381
189 521
189 541
189 558
189 599
190 267
190 292
190 372
190 543
190 554
190 566
191 4
191 107
191 542
191 558
191 562
191 586
192 94
192 364
192 404
192 447
192 508
192 509
193 101
193 262
193 332
193 530
193 573
193 588
194 402
194 415
194 441
194 558
194 565
194 579
195 301
195 312
195 373
195 540
195 571
195 594
196 134
196 230
196 256
196 263
196 287
196 431
197 264
197 327
197 464
197 562
197 582
197 585
198 503
198 524
198 532
198 545
198 586
198 597
199 141
199 382
199 406
199 421
199 514
199 525
200 53
200 177
200 428
200 451
200 573
200 594
201 160
201 241
201 344
201 385
201 443
201 551
202 442
202 457
202 474
202 495
202 528
202 574
203 377
203 407
203 428
203 524
203 545
203 549
204 135
204 246
204 259
204 306
204 307
204 460
205 76
205 207
205 353
205 552
205 563
205 567
206 221
206 387
206 488
206 528
206 573
206 581
206 595
207 0
207 13
207 101
207 205
207 499
207 584
207 587
208 228
208 247
208 303
208 406
208 456
208 491
208 536
209 169
209 236
209 295
209 444
209 445
209 466
209 527
210 268
210 401
210 503
210 524
210 526
210 532
210 549
211 332
211 514
211 525
211 530
211 533
211 539
211 577
212 85
212 154
212 365
212 395
212 401
212 422
212 512
213 354
213 356
213 363
213 436
213 452
213 464
213 594
214 135
214 234
214 324
214 430
214 494
214 538
214 570
215 372
215 380
215 436
215 481
215 486
215 510
215 524
216 171
216 266
216 356
216 458
216 461
216 465
216 531
217 25
217 64
217 469
217 484
217 571
217 572
217 597
218 234
218 311
218 373
218 433
218 457
218 540
218 552
219 341
219 377
219 522
219 574
219 577
219 587
219 598
220 25
220 37
220 482
220 546
220 554
220 564
220 566
221 206
221 516
221 547
221 560
221 582
221 586
221 591
222 12
222 398
222 467
222 560
222 568
222 570
222 591
223 297
223 374
223 440
223 475
223 481
223 499
223 572
224 231
224 235
224 285
224 509
224 545
224 576
224 585
225 227
225 282
225 296
225 452
225 548
225 557
225 589
226 44
226 346
226 365
226 381
226 513
226 569
226 588
227 85
227 225
227 365
227 390
227 569
227 582
227 593
228 84
228 208
228 313
228 456
228 562
228 590
228 598
229 370
229 414
229 421
229 520
229 522
229 567
229 584
230 117
230 196
230 243
230 371
230 374
230 462
230 525
231 163
231 224
231 257
231 475
231 481
231 490
231 553
232 295
232 413
232 516
232 537
232 550
232 553
232 591
233 318
233 378
233 427
233 488
233 533
233 554
233 593
234 49
234 102
234 214
234 218
234 273
234 538
234 570
235 86
235 224
235 359
235 379
235 509
235 544
235 576
236 67
236 123
236 140
236 209
236 295
236 376
236 389
237 74
237 367
237 443
237 482
237 524
237 539
237 583
238 240
238 359
238 398
238 529
238 544
238 561
238 596
239 279
239 291
239 506
239 529
239 554
239 590
239 599
240 160
240 238
240 320
240 412
240 509
240 576
240 595
241 201
241 276
241 315
241 336
241 578
241 582
241 589
242 98
242 180
242 352
242 428
242 503
242 524
242 532
243 1
243 230
243 304
243 504
243 533
243 568
243 597
244 184
244 312
244 367
244 446
244 460
244 478
244 581
245 28
245 71
245 254
245 298
245 441
245 508
245 565
246 112
246 204
246 259
246 312
246 446
246 454
246 460
247 208
247 251
247 508
247 510
247 549
247 595
247 596
248 294
248 326
248 390
248 434
248 517
248 559
248 593
249 322
249 501
249 516
249 518
249 536
249 537
249 550
250 79
250 118
250 388
250 474
250 564
250 567
250 587
251 247
251 302
251 388
251 417
251 463
251 510
251 596
252 341
252 405
252 426
252 463
252 466
252 585
252 586
253 264
253 300
253 466
253 527
253 545
253 558
253 565
254 31
254 152
254 245
254 499
254 519
254 558
254 579
255 147
255 333
255 483
255 496
255 502
255 551
255 553
256 62
256 69
256 115
256 196
256 352
256 420
256 546
257 60
257 231
257 410
257 434
257 502
257 511
257 569
258 78
258 512
258 513
258 528
258 555
258 583
258 598
259 135
259 159
259 184
259 204
259 246
259 325
259 460
260 39
260 300
260 304
260 507
260 521
260 571
260 591
261 272
261 276
261 317
261 439
261 478
261 516
261 589
262 193
262 319
262 399
262 410
262 524
262 532
262 549
263 62
263 196
263 548
263 557
263 568
263 581
263 582
264 197
264 253
264 386
264 463
264 467
264 573
264 593
265 105
265 279
265 370
265 491
265 538
265 541
265 570
266 216
266 332
266 413
266 431
266 512
266 513
266 555
267 99
267 121
267 190
267 484
267 577
267 590
267 599
268 74
268 144
268 210
268 338
268 367
268 419
268 435
268 482
269 125
269 170
269 362
269 405
269 431
269 463
269 472
269 507
270 457
270 480
270 495
270 534
270 536
270 546
270 592
270 597
271 157
271 174
271 281
271 315
271 359
271 483
271 485
271 510
272 12
272 23
272 44
272 91
272 173
272 261
272 410
272 569
273 132
273 234
273 313
273 376
273 403
273 538
273 570
273 597
274 8
274 368
274 525
274 530
274 533
274 557
274 573
274 586
275 56
275 116
275 386
275 507
275 562
275 565
275 580
275 591
276 97
276 176
276 241
276 261
276 491
276 548
276 589
276 595
277 146
277 290
277 374
277 400
277 474
277 534
277 592
277 597
278 20
278 55
278 349
278 355
278 478
278 479
278 550
278 568
279 96
279 239
279 265
279 394
279 461
279 506
279 591
279 598
280 85
280 287
280 290
280 414
280 420
280 427
280 531
280 570
281 271
281 363
281 365
281 452
281 464
281 475
281 482
281 590
282 123
282 225
282 285
282 432
282 439
282 469
282 504
282 556
283 379
283 411
283 438
283 457
283 489
283 501
283 537
283 550
284 123
284 183
284 351
284 357
284 490
284 563
284 577
284 594
285 66
285 164
285 224
285 282
285 479
285 497
285 498
285 576
286 306
286 369
286 383
286 414
286 449
286 512
286 513
286 540
287 60
287 159
287 196
287 280
287 431
287 512
287 531
287 551
288 95
288 298
288 300
288 367
288 476
288 526
288 535
288 595
289 290
289 299
289 318
289 424
289 493
289 566
289 576
289 595
290 145
290 277
290 280
290 289
290 394
290 546
290 581
290 583
291 149
291 239
291 298
291 316
291 391
291 461
291 484
291 561
292 58
292 190
292 299
292 423
292 468
292 486
292 533
292 566
293 61
293 121
293 329
293 452
293 517
293 569
293 572
293 593
294 61
294 186
294 248
294 338
294 416
294 489
294 499
294 597
295 209
295 232
295 236
295 371
295 520
295 558
295 569
295 579
296 225
296 349
296 417
296 441
296 449
296 479
296 546
296 568
297 51
297 89
297 112
297 134
297 223
297 475
297 480
297 531
298 71
298 245
298 288
298 291
298 303
298 515
298 521
298 565
299 102
299 167
299 289
299 292
299 334
299 401
299 511
299 595
300 11
300 253
300 260
300 288
300 310
300 343
300 381
300 476
301 53
301 195
301 364
301 472
301 540
301 568
301 578
301 583
302 251
302 316
302 391
302 522
302 544
302 560
302 575
302 592
303 208
303 298
303 306
303 339
303 356
303 408
303 414
303 581
304 182
304 243
304 260
304 332
304 398
304 462
304 526
304 573
305 48
305 315
305 376
305 458
305 494
305 541
305 565
305 598
306 125
306 188
306 204
306 286
306 303
306 398
306 468
306 512
307 105
307 204
307 316
307 330
307 353
307 416
307 484
307 528
308 38
308 372
308 374
308 440
308 475
308 490
308 503
308 565
309 178
309 327
309 487
309 518
309 559
309 560
309 585
309 591
310 300
310 355
310 364
310 447
310 451
310 471
310 508
310 568
311 90
311 121
311 138
311 218
311 502
311 529
311 551
311 588
312 6
312 16
312 195
312 244
312 246
312 439
312 446
312 460
313 228
313 273
313 320
313 407
313 432
313 439
313 556
313 571
314 9
314 24
314 55
314 150
314 491
314 548
314 557
314 566
315 41
315 241
315 271
315 305
315 449
315 548
315 568
315 572
315 578
316 52
316 72
316 291
316 302
316 307
316 318
316 395
316 456
316 575
317 37
317 261
317 349
317 356
317 478
317 479
317 553
317 557
317 589
318 68
318 168
318 233
318 289
318 316
318 376
318 468
318 554
318 582
319 3
319 15
319 18
319 262
319 380
319 472
319 486
319 506
319 594
320 133
320 240
320 313
320 397
320 504
320 511
320 556
320 571
320 573
321 175
321 330
321 351
321 375
321 407
321 436
321 493
321 535
321 550
322 52
322 249
322 380
322 413
322 429
322 516
322 537
322 550
322 584
323 388
323 496
323 510
323 541
323 551
323 553
323 575
323 580
323 588
324 141
324 214
324 360
324 376
324 378
324 494
324 503
324 541
324 570
325 89
325 152
325 259
325 341
325 374
325 440
325 481
325 490
325 525
326 29
326 70
326 162
326 248
326 390
326 400
326 480
326 569
326 593
327 118
327 197
327 309
327 454
327 466
327 505
327 519
327 549
327 587
328 103
328 329
328 383
328 421
328 489
328 563
328 564
328 596
328 599
329 33
329 156
329 293
329 328
329 399
329 408
329 434
329 464
329 593
330 179
330 307
330 321
330 415
330 418
330 484
330 534
330 572
330 584
331 43
331 164
331 167
331 357
331 481
331 520
331 560
331 564
331 577
332 193
332 211
332 266
332 304
332 337
332 362
332 400
332 573
332 589
333 255
333 361
333 437
333 461
333 493
333 567
333 574
333 584
333 587
334 131
334 299
334 463
334 465
334 550
334 559
334 560
334 586
334 591
335 54
335 173
335 346
335 407
335 452
335 569
335 574
335 592
335 597
336 5
336 182
336 241
336 337
336 438
336 514
336 535
336 556
336 573
337 115
337 178
337 332
337 336
337 525
337 530
337 539
337 540
337 573
338 268
338 294
338 353
338 369
338 388
338 416
338 456
338 512
338 564
339 122
339 124
339 139
339 142
339 166
339 303
339 352
339 356
339 487
340 185
340 368
340 395
340 471
340 473
340 506
340 515
340 551
340 590
341 170
341 219
341 252
341 325
341 343
341 363
341 449
341 458
341 470
342 47
342 155
342 391
342 485
342 503
342 510
342 530
342 576
342 596
343 2
343 300
343 341
343 467
343 478
343 573
343 582
343 589
343 591
344 157
344 201
344 396
344 417
344 443
344 447
344 448
344 565
344 579
345 88
345 148
345 346
345 398
345 444
345 470
345 505
345 557
345 599
346 0
346 153
346 226
346 335
346 345
346 564
346 569
346 593
346 598
347 110
347 403
347 407
347 529
347 551
347 553
347 565
347 573
347 580
348 140
348 184
348 397
348 432
348 439
348 459
348 503
348 504
348 556
349 278
349 296
349 317
349 350
349 421
349 534
349 557
349 578
349 589
350 130
350 158
350 349
350 431
350 512
350 518
350 531
350 555
350 558
351 133
351 284
351 321
351 353
351 366
351 425
351 450
351 489
351 505
352 135
352 242
352 256
352 339
352 408
352 512
352 528
352 532
352 542
353 205
353 307
353 338
353 351
353 463
353 480
353 492
353 493
353 563
354 213
354 365
354 425
354 434
354 464
354 476
354 521
354 569
354 593
355 99
355 173
355 278
355 310
355 415
355 440
355 493
355 520
355 599
356 145
356 213
356 216
356 303
356 317
356 339
356 405
356 414
356 477
357 38
357 80
357 149
357 185
357 284
357 331
357 523
357 589
357 597
358 6
358 57
358 389
358 498
358 509
358 514
358 576
358 585
358 587
359 53
359 68
359 112
359 235
359 238
359 271
359 360
359 520
359 575
360 324
360 359
360 376
360 423
360 491
360 494
360 538
360 541
360 567
360 570
361 13
361 51
361 105
361 106
361 333
361 370
361 429
361 574
361 584
361 591
362 5
362 9
362 23
362 269
362 332
362 383
362 513
362 518
362 551
362 596
363 213
363 281
363 341
363 382
363 390
363 399
363 427
363 437
363 464
363 517
364 71
364 192
364 301
364 310
364 373
364 523
364 540
364 571
364 594
364 595
365 172
365 212
365 226
365 227
365 281
365 354
365 366
365 403
365 410
365 569
366 126
366 168
366 351
366 365
366 409
366 434
366 566
366 581
366 583
366 595
367 64
367 237
367 244
367 268
367 288
367 435
367 482
367 533
367 539
367 582
368 68
368 96
368 274
368 340
368 389
368 477
368 489
368 544
368 590
368 596
369 66
369 286
369 338
369 400
369 450
369 471
369 489
369 493
369 572
369 577
370 78
370 229
370 265
370 361
370 456
370 519
370 569
370 570
370 574
370 587
371 119
371 189
371 230
371 295
371 384
371 430
371 476
371 507
371 519
371 565
372 3
372 190
372 215
372 308
372 380
372 388
372 436
372 479
372 485
372 486
373 195
373 218
373 364
373 402
373 469
373 495
373 534
373 536
373 546
373 592
374 32
374 223
374 230
374 277
374 308
374 325
374 475
374 480
374 481
374 590
375 47
375 169
375 321
375 381
375 391
375 500
375 521
375 525
375 535
375 565
376 132
376 236
376 273
376 305
376 318
376 324
376 360
376 416
376 515
376 570
377 79
377 180
377 203
377 219
377 401
377 454
377 466
377 522
377 553
377 580
378 156
378 233
378 324
378 387
378 468
378 509
378 566
378 581
378 583
378 584
379 133
379 235
379 283
379 394
379 470
379 487
379 492
379 560
379 585
379 591
380 3
380 106
380 215
380 319
380 322
380 372
380 392
380 396
380 486
380 559
381 126
381 161
381 189
381 226
381 300
381 375
381 443
381 500
381 535
381 587
382 47
382 68
382 199
382 363
382 385
382 406
382 431
382 473
382 575
382 590
383 128
383 286
383 328
383 362
383 386
383 408
383 462
383 518
383 528
383 598
384 70
384 178
384 371
384 473
384 483
384 485
384 496
384 544
384 584
384 596
385 31
385 38
385 201
385 382
385 495
385 507
385 515
385 527
385 565
385 592
386 264
386 275
386 383
386 448
386 450
386 487
386 505
386 569
386 585
386 591
387 4
387 206
387 378
387 413
387 488
387 546
387 554
387 575
387 581
387 588
388 11
388 106
388 116
388 250
388 251
388 323
388 338
388 372
388 429
388 486
388 544
389 57
389 58
389 84
389 109
389 236
389 358
389 368
389 412
389 498
389 509
389 576
390 37
390 54
390 121
390 169
390 227
390 248
390 326
390 363
390 521
390 560
390 580
391 19
391 178
391 291
391 302
391 342
391 375
391 485
391 506
391 551
391 571
391 575
392 19
392 87
392 158
392 177
392 181
392 380
392 428
392 484
392 500
392 563
392 572
393 402
393 437
393 441
393 442
393 457
393 474
393 495
393 529
393 536
393 570
393 577
394 81
394 109
394 279
394 290
394 379
394 423
394 444
394 462
394 477
394 544
394 595
395 54
395 212
395 316
395 340
395 429
395 460
395 506
395 510
395 575
395 590
395 598
396 187
396 344
396 380
396 476
396 507
396 519
396 535
396 558
396 565
396 587
396 595
397 79
397 171
397 172
397 320
397 348
397 459
397 492
397 497
397 553
397 556
397 560
398 222
398 238
398 304
398 306
398 345
398 410
398 419
398 449
398 463
398 560
398 562
399 27
399 95
399 262
399 329
399 363
399 403
399 495
399 503
399 532
399 545
399 549
400 33
400 146
400 153
400 277
400 326
400 332
400 369
400 534
400 536
400 552
400 592
401 69
401 111
401 150
401 154
401 210
401 212
401 299
401 377
401 422
401 453
401 526
402 67
402 146
402 194
402 373
402 393
402 474
402 488
402 495
402 513
402 552
402 592
403 157
403 273
403 347
403 365
403 399
403 424
403 494
403 502
403 511
403 542
403 580
404 21
404 192
404 458
404 505
404 523
404 528
404 582
404 583
404 585
404 586
404 590
405 139
405 142
405 252
405 269
405 356
405 446
405 451
405 465
405 488
405 531
405 548
406 29
406 112
406 199
406 208
406 382
406 408
406 442
406 533
406 544
406 561
406 596
407 32
407 152
407 203
407 313
407 321
407 335
407 347
407 499
407 543
407 564
407 577
408 171
408 303
408 329
408 352
408 383
408 406
408 420
408 442
408 514
408 528
408 555
409 11
409 136
409 176
409 366
409 412
409 420
409 423
409 444
409 468
409 533
409 566
410 44
410 60
410 81
410 97
410 257
410 262
410 272
410 365
410 398
410 416
410 514
411 147
411 283
411 413
411 422
411 433
411 462
411 501
411 516
411 537
411 547
411 550
412 57
412 160
412 164
412 240
412 389
412 409
412 417
412 475
412 509
412 569
412 576
413 143
413 148
413 232
413 266
413 322
413 387
413 411
413 458
413 501
413 516
413 550
414 134
414 188
414 229
414 280
414 286
414 303
414 356
414 452
414 506
414 555
414 588
415 194
415 330
415 355
415 431
415 450
415 465
415 493
415 556
415 572
415 590
415 597
416 183
416 294
416 307
416 338
416 376
416 410
416 418
416 516
416 539
416 572
416 597
417 33
417 62
417 251
417 296
417 344
417 412
417 424
417 522
417 548
417 568
417 578
418 19
418 25
418 84
418 330
418 416
418 489
418 499
418 503
418 543
418 559
418 586
419 21
419 88
419 126
419 268
419 398
419 467
419 468
419 559
419 585
419 592
419 595
420 124
420 125
420 256
420 280
420 408
420 409
420 431
420 432
420 465
420 495
420 555
421 1
421 8
421 199
421 229
421 328
421 349
421 462
421 525
421 527
421 530
421 533
421 579
422 69
422 90
422 111
422 143
422 150
422 212
422 401
422 411
422 428
422 444
422 453
422 486
423 10
423 137
423 292
423 360
423 394
423 409
423 438
423 468
423 488
423 540
423 570
423 595
424 138
424 289
424 403
424 417
424 455
424 457
424 496
424 500
424 502
424 542
424 580
424 588
425 101
425 351
425 354
425 429
425 466
425 496
425 510
425 519
425 521
425 522
425 567
425 574
426 56
426 79
426 165
426 252
426 445
426 458
426 473
426 478
426 492
426 513
426 559
426 560
427 12
427 46
427 55
427 81
427 111
427 121
427 233
427 280
427 363
427 430
427 436
427 517
428 27
428 57
428 95
428 200
428 203
428 242
428 392
428 422
428 532
428 545
428 549
428 550
429 108
429 322
429 361
429 388
429 395
429 425
429 454
429 479
429 566
429 567
429 584
429 587
430 156
430 162
430 214
430 371
430 427
430 452
430 464
430 482
430 513
430 517
430 544
430 593
431 196
431 266
431 269
431 287
431 350
431 382
431 415
431 420
431 433
431 436
431 508
431 518
432 282
432 313
432 348
432 420
432 469
432 497
432 504
432 507
432 511
432 537
432 548
432 556
433 166
433 218
433 411
433 431
433 437
433 443
433 457
433 525
433 534
433 536
433 545
433 592
434 12
434 46
434 56
434 248
434 257
434 329
434 354
434 366
434 453
434 522
434 593
434 599
435 77
435 81
435 98
435 144
435 268
435 367
435 482
435 521
435 539
435 550
435 552
435 594
436 11
436 18
436 83
436 116
436 213
436 215
436 321
436 372
436 427
436 431
436 486
436 556
437 179
437 333
437 363
437 393
437 433
437 442
437 474
437 495
437 534
437 552
437 564
437 592
438 36
438 147
438 283
438 336
438 423
438 473
438 483
438 506
438 510
438 561
438 575
438 576
439 170
439 172
439 261
439 282
439 312
439 313
439 348
439 467
439 469
439 494
439 511
439 571
440 20
440 117
440 163
440 223
440 308
440 325
440 355
440 475
440 480
440 481
440 490
440 545
441 119
441 123
441 194
441 245
441 296
441 393
441 461
441 493
441 526
441 527
441 543
441 565
442 146
442 148
442 202
442 393
442 406
442 408
442 437
442 486
442 536
442 552
442 558
442 592
443 185
443 201
443 237
443 344
443 381
443 433
443 456
443 465
443 535
443 558
443 565
443 575
444 17
444 175
444 209
444 345
444 394
444 409
444 422
444 450
444 554
444 566
444 581
444 583
445 2
445 28
445 148
445 180
445 209
445 426
445 467
445 481
445 547
445 562
445 586
445 593
446 5
446 16
446 107
446 135
446 184
446 244
446 246
446 312
446 405
446 460
446 549
446 580
447 7
447 40
447 49
447 100
447 192
447 310
447 344
447 451
447 471
447 472
447 485
447 493
447 560
448 114
448 158
448 169
448 187
448 344
448 386
448 451
448 507
448 521
448 526
448 558
448 578
448 593
449 286
449 296
449 315
449 341
449 398
449 487
449 492
449 496
449 501
449 505
449 547
449 562
449 582
450 131
450 351
450 369
450 386
450 415
450 444
450 453
450 484
450 520
450 543
450 572
450 588
450 599
451 26
451 55
451 94
451 200
451 310
451 405
451 447
451 448
451 452
451 467
451 540
451 594
451 596
452 0
452 54
452 103
452 213
452 225
452 281
452 293
452 335
452 414
452 430
452 451
452 454
452 578
453 42
453 69
453 85
453 90
453 111
453 150
453 154
453 401
453 422
453 434
453 450
453 488
453 554
454 41
454 153
454 246
454 327
454 377
454 429
454 452
454 466
454 519
454 543
454 567
454 584
454 587
455 168
455 424
455 496
455 529
455 536
455 542
455 549
455 551
455 553
455 578
455 580
455 581
455 588
456 208
456 228
456 316
456 338
456 370
456 443
456 473
456 491
456 544
456 559
456 561
456 575
456 598
457 91
457 202
457 218
457 270
457 283
457 393
457 424
457 433
457 474
457 506
457 529
457 589
457 592
458 95
458 165
458 216
458 305
458 341
458 404
458 413
458 426
458 467
458 487
458 498
458 559
458 586
459 181
459 348
459 397
459 469
459 504
459 511
459 516
459 543
459 555
459 556
459 571
459 574
459 575
460 16
460 92
460 135
460 184
460 204
460 244
460 246
460 259
460 312
460 395
460 446
460 539
460 599
461 72
461 73
461 147
461 216
461 279
461 291
461 333
461 441
461 463
461 473
461 510
461 575
461 598
462 1
462 117
462 141
462 230
462 304
462 383
462 394
462 411
462 421
462 505
462 506
462 533
462 578
463 2
463 251
463 252
463 264
463 269
463 334
463 353
463 398
463 461
463 487
463 531
463 547
463 582
464 26
464 27
464 46
464 72
464 153
464 197
464 213
464 281
464 329
464 354
464 363
464 430
464 547
464 593
465 23
465 83
465 128
465 145
465 188
465 216
465 334
465 405
465 415
465 420
465 443
465 498
465 528
465 593
466 52
466 101
466 130
466 209
466 252
466 253
466 327
466 377
466 425
466 454
466 532
466 574
466 587
466 599
467 8
467 21
467 93
467 152
467 222
467 264
467 343
467 419
467 439
467 445
467 451
467 458
467 559
467 561
468 43
468 59
468 102
468 137
468 292
468 306
468 318
468 378
468 409
468 419
468 423
468 566
468 581
468 585
469 104
469 217
469 282
469 373
469 432
469 439
469 459
469 470
469 489
469 497
469 499
469 511
469 556
469 571
470 13
470 72
470 148
470 151
470 341
470 345
470 379
470 469
470 516
470 527
470 547
470 562
470 582
470 585
471 16
471 35
471 40
471 63
471 118
471 159
471 310
471 340
471 369
471 447
471 508
471 557
471 561
471 594
472 32
472 35
472 63
472 94
472 269
472 301
472 319
472 447
472 508
472 521
472 535
472 540
472 562
472 594
473 47
473 340
473 382
473 384
473 426
473 438
473 456
473 461
473 485
473 527
473 555
473 576
473 577
473 590
474 170
474 202
474 250
474 277
474 393
474 402
474 437
474 457
474 476
474 489
474 515
474 552
474 561
474 592
475 51
475 223
475 231
475 281
475 297
475 308
475 374
475 412
475 440
475 480
475 481
475 490
475 501
475 534
476 162
476 175
476 288
476 300
476 354
476 371
476 396
476 474
476 487
476 526
476 527
476 558
476 579
476 581
477 17
477 59
477 356
477 368
477 394
477 488
477 489
477 546
477 571
477 580
477 581
477 583
477 592
477 595
478 244
478 261
478 278
478 317
478 343
478 426
478 479
478 491
478 530
478 548
478 557
478 578
478 584
478 589
479 55
479 75
479 159
479 278
479 285
479 296
479 317
479 372
479 429
479 478
479 557
479 568
479 578
479 589
480 51
480 89
480 163
480 270
480 297
480 326
480 353
480 374
480 440
480 475
480 481
480 490
480 507
480 557
481 38
481 215
481 223
481 231
481 325
481 331
481 374
481 440
481 445
481 475
481 480
481 490
481 513
481 552
482 64
482 77
482 104
482 144
482 165
482 220
482 237
482 268
482 281
482 367
482 430
482 435
482 487
482 539
483 75
483 110
483 114
483 155
483 255
483 271
483 384
483 438
483 561
483 568
483 577
483 587
483 590
483 598
484 94
484 217
484 267
484 291
484 307
484 330
484 392
484 450
484 487
484 499
484 510
484 543
484 562
484 599
485 49
485 155
485 271
485 342
485 372
485 384
485 391
485 447
485 473
485 522
485 531
485 540
485 590
485 598
486 15
486 106
486 151
486 215
486 292
486 319
486 372
486 380
486 388
486 422
486 436
486 442
486 492
486 506
487 183
487 309
487 339
487 379
487 386
487 449
487 458
487 463
487 476
487 482
487 484
487 492
487 505
487 518
487 559
488 109
488 125
488 136
488 137
488 183
488 206
488 233
488 387
488 402
488 405
488 423
488 453
488 477
488 543
488 583
489 64
489 65
489 151
489 283
489 294
489 328
489 351
489 368
489 369
489 418
489 469
489 474
489 477
489 572
489 597
490 27
490 38
490 113
490 153
490 163
490 231
490 284
490 308
490 325
490 440
490 475
490 480
490 481
490 529
490 550
491 7
491 24
491 138
491 208
491 265
491 276
491 314
491 360
491 456
491 478
491 548
491 557
491 568
491 569
491 578
492 28
492 30
492 148
492 353
492 379
492 397
492 426
492 449
492 486
492 487
492 495
492 559
492 582
492 591
492 592
493 36
493 289
493 321
493 333
493 353
493 355
493 369
493 415
493 441
493 447
493 523
493 543
493 551
493 597
493 599
494 45
494 73
494 105
494 214
494 305
494 324
494 360
494 403
494 439
494 509
494 541
494 548
494 555
494 570
494 579
495 202
495 270
495 373
495 385
495 393
495 399
495 402
495 420
495 437
495 492
495 534
495 548
495 552
495 562
495 592
496 113
496 255
496 323
496 384
496 424
496 425
496 449
496 455
496 500
496 502
496 528
496 529
496 551
496 588
496 590
497 22
497 104
497 108
497 128
497 154
497 172
497 285
497 397
497 432
497 469
497 504
497 511
497 556
497 571
497 584
498 40
498 66
498 86
498 126
498 160
498 186
498 285
498 358
498 389
498 458
498 465
498 509
498 535
498 563
498 576
499 32
499 65
499 207
499 223
499 254
499 294
499 407
499 418
499 469
499 484
499 523
499 577
499 583
499 588
499 599
500 53
500 119
500 140
500 166
500 187
500 375
500 381
500 392
500 424
500 496
500 507
500 521
500 526
500 527
500 566
501 30
501 124
501 143
501 249
501 283
501 411
501 413
501 449
501 475
501 516
501 537
501 545
501 550
501 558
501 561
502 82
502 86
502 255
502 257
502 311
502 403
502 424
502 496
502 529
502 542
502 553
502 575
502 588
502 589
502 591
503 198
503 210
503 242
503 308
503 324
503 342
503 348
503 399
503 418
503 524
503 532
503 545
503 549
503 562
503 579
504 46
504 116
504 181
504 243
504 282
504 320
504 348
504 432
504 459
504 497
504 511
504 514
504 546
504 567
504 571
505 176
505 327
505 345
505 351
505 386
505 404
505 449
505 462
505 487
505 528
505 547
505 558
505 562
505 586
505 591
506 239
506 279
506 319
506 340
506 391
506 395
506 414
506 438
506 457
506 462
506 486
506 535
506 544
506 590
506 596
507 24
507 120
507 260
507 269
507 275
507 371
507 385
507 396
507 432
507 448
507 480
507 500
507 515
507 521
507 532
507 581
508 6
508 7
508 26
508 59
508 192
508 245
508 247
508 310
508 431
508 471
508 472
508 516
508 540
508 545
508 560
508 594
509 63
509 84
509 184
509 186
509 192
509 224
509 235
509 240
509 358
509 378
509 389
509 412
509 494
509 498
509 512
509 576
510 215
510 247
510 251
510 271
510 323
510 342
510 395
510 425
510 438
510 461
510 484
510 516
510 520
510 523
510 544
510 596
511 28
511 93
511 164
511 257
511 299
511 320
511 403
511 432
511 439
511 459
511 469
511 497
511 504
511 556
511 571
511 586
512 82
512 93
512 145
512 212
512 258
512 266
512 286
512 287
512 306
512 338
512 350
512 352
512 509
512 539
512 555
512 585
513 22
513 93
513 134
513 226
513 258
513 266
513 286
513 362
513 402
513 426
513 430
513 481
513 528
513 531
513 555
513 567
514 42
514 58
514 141
514 149
514 199
514 211
514 336
514 358
514 408
514 410
514 504
514 525
514 530
514 533
514 563
514 578
515 76
515 92
515 120
515 123
515 168
515 185
515 298
515 340
515 376
515 385
515 474
515 507
515 527
515 558
515 579
515 582
516 124
516 221
516 232
516 249
516 261
516 322
516 411
516 413
516 416
516 459
516 470
516 501
516 508
516 510
516 537
516 550
517 75
517 81
517 97
517 134
517 156
517 248
517 293
517 363
517 427
517 430
517 520
517 523
517 538
517 574
517 593
517 597
518 22
518 23
518 63
518 170
518 171
518 249
518 309
518 350
518 362
518 383
518 431
518 487
518 531
518 538
518 542
518 547
519 4
519 52
519 180
519 254
519 327
519 370
519 371
519 396
519 425
519 454
519 524
519 559
519 566
519 567
519 574
519 584
520 43
520 87
520 140
520 229
520 295
520 331
520 355
520 359
520 450
520 510
520 517
520 523
520 549
520 563
520 577
520 597
521 14
521 88
521 189
521 260
521 298
521 354
521 375
521 390
521 425
521 435
521 448
521 472
521 500
521 507
521 527
521 581
522 61
522 76
522 88
522 219
522 229
522 302
522 377
522 417
522 425
522 434
522 485
522 525
522 538
522 567
522 574
522 584
523 43
523 357
523 364
523 404
523 493
523 499
523 510
523 517
523 520
523 534
523 545
523 558
523 572
523 577
523 597
523 599
524 39
524 45
524 50
524 198
524 203
524 210
524 215
524 237
524 242
524 262
524 503
524 519
524 531
524 532
524 545
524 549
525 8
525 117
525 137
525 199
525 211
525 230
525 274
525 325
525 337
525 375
525 421
525 433
525 514
525 522
525 573
525 588
526 29
526 99
526 179
526 210
526 288
526 304
526 401
526 441
526 448
526 476
526 500
526 527
526 535
526 565
526 576
526 586
527 17
527 167
527 209
527 253
527 385
527 421
527 441
527 470
527 473
527 476
527 500
527 515
527 521
527 526
527 571
527 599
528 57
528 93
528 125
528 171
528 202
528 206
528 258
528 307
528 352
528 383
528 404
528 408
528 465
528 496
528 505
528 513
528 555
529 17
529 34
529 238
529 239
529 311
529 347
529 393
529 455
529 457
529 490
529 496
529 502
529 542
529 551
529 561
529 580
529 588
530 50
530 106
530 125
530 141
530 182
530 187
530 193
530 211
530 274
530 337
530 342
530 421
530 478
530 514
530 533
530 573
530 593
531 9
531 115
531 142
531 170
531 216
531 280
531 287
531 297
531 350
531 405
531 463
531 485
531 513
531 518
531 524
531 532
531 597
532 50
532 100
532 198
532 210
532 242
532 262
532 352
532 399
532 428
532 466
532 503
532 507
532 524
532 531
532 545
532 549
532 576
533 5
533 58
533 157
533 211
533 233
533 243
533 274
533 292
533 367
533 406
533 409
533 421
533 462
533 514
533 530
533 573
533 592
534 18
534 96
534 270
534 277
534 330
534 349
534 373
534 400
534 433
534 437
534 475
534 495
534 523
534 536
534 552
534 572
534 592
535 14
535 39
535 67
535 94
535 169
535 288
535 321
535 336
535 375
535 381
535 396
535 443
535 472
535 498
535 506
535 526
535 536
536 91
536 156
536 166
536 208
536 249
536 270
536 373
536 393
536 400
536 433
536 442
536 455
536 534
536 535
536 567
536 590
536 592
537 69
537 124
537 142
537 143
537 232
537 249
537 283
537 322
537 411
537 432
537 501
537 516
537 542
537 550
537 552
537 566
537 586
538 45
538 48
538 73
538 105
538 214
538 234
538 265
538 273
538 360
538 517
538 518
538 522
538 541
538 553
538 555
538 570
538 585
539 64
539 74
539 77
539 87
539 98
539 113
539 144
539 162
539 165
539 211
539 237
539 337
539 367
539 416
539 435
539 460
539 482
539 512
540 26
540 71
540 100
540 159
540 187
540 195
540 218
540 286
540 301
540 337
540 364
540 423
540 451
540 472
540 485
540 508
540 584
540 594
541 21
541 45
541 48
541 132
541 189
541 265
541 305
541 323
541 324
541 360
541 494
541 538
541 545
541 561
541 565
541 568
541 569
541 570
542 20
542 42
542 48
542 92
542 113
542 131
542 191
542 352
542 403
542 424
542 455
542 502
542 518
542 529
542 537
542 551
542 580
542 593
543 0
543 74
543 133
543 151
543 190
543 407
543 418
543 441
543 450
543 454
543 459
543 484
543 488
543 493
543 563
543 572
543 577
543 597
544 102
544 136
544 235
544 238
544 302
544 368
544 384
544 388
544 394
544 406
544 430
544 456
544 506
544 510
544 561
544 575
544 577
544 598
545 50
545 95
545 198
545 203
545 224
545 253
545 399
545 428
545 433
545 440
545 501
545 503
545 508
545 523
545 524
545 532
545 541
545 549
546 91
546 109
546 134
546 168
546 176
546 220
546 256
546 270
546 290
546 296
546 373
546 387
546 477
546 504
546 554
546 563
546 566
546 595
547 31
547 166
547 174
547 221
547 411
547 445
547 449
547 463
547 464
547 470
547 505
547 518
547 554
547 559
547 563
547 582
547 585
547 591
548 77
548 155
548 225
548 263
548 276
548 314
548 315
548 405
548 417
548 432
548 478
548 491
548 494
548 495
548 559
548 568
548 578
548 589
549 8
549 27
549 203
549 210
549 247
549 262
549 327
549 399
549 428
549 446
549 455
549 503
549 520
549 524
549 532
549 545
549 555
549 564
550 13
550 124
550 143
550 179
550 232
550 249
550 278
550 283
550 321
550 322
550 334
550 411
550 413
550 428
550 435
550 490
550 501
550 516
550 537
551 131
551 163
551 201
551 255
551 287
551 311
551 323
551 340
551 347
551 362
551 391
551 455
551 493
551 496
551 529
551 542
551 553
551 577
551 580
552 91
552 127
552 146
552 166
552 205
552 218
552 400
552 402
552 435
552 437
552 442
552 474
552 481
552 495
552 534
552 537
552 574
552 579
552 592
553 20
553 110
553 131
553 138
553 231
553 232
553 255
553 317
553 323
553 347
553 377
553 397
553 455
553 502
553 538
553 551
553 578
553 580
553 588
554 9
554 15
554 21
554 37
554 111
554 137
554 190
554 220
554 233
554 239
554 318
554 387
554 444
554 453
554 546
554 547
554 579
554 581
554 583
555 10
555 54
555 73
555 115
555 258
555 266
555 350
555 408
555 414
555 420
555 459
555 473
555 494
555 512
555 513
555 528
555 538
555 549
555 575
556 23
556 48
556 101
556 139
556 282
556 313
556 320
556 336
556 348
556 397
556 415
556 432
556 436
556 459
556 469
556 497
556 511
556 571
556 581
557 33
557 66
557 158
557 225
557 263
557 274
557 314
557 317
557 345
557 349
557 471
557 478
557 479
557 480
557 491
557 568
557 589
557 593
557 598
558 80
558 179
558 189
558 191
558 194
558 253
558 254
558 295
558 350
558 396
558 442
558 443
558 448
558 476
558 501
558 505
558 515
558 523
558 561
558 599
559 56
559 174
559 248
559 309
559 334
559 380
559 418
559 419
559 426
559 456
559 458
559 467
559 487
559 492
559 519
559 547
559 548
559 560
559 578
559 590
560 14
560 122
560 126
560 128
560 221
560 222
560 302
560 309
560 331
560 334
560 379
560 390
560 397
560 398
560 426
560 447
560 508
560 559
560 585
560 586
561 29
561 72
561 99
561 127
561 238
561 291
561 406
561 438
561 456
561 467
561 471
561 474
561 483
561 501
561 529
561 541
561 544
561 558
561 590
561 596
562 1
562 107
562 152
562 191
562 197
562 228
562 275
562 398
562 445
562 449
562 470
562 472
562 484
562 495
562 503
562 505
562 572
562 585
562 586
562 596
563 19
563 25
563 65
563 99
563 205
563 284
563 328
563 353
563 392
563 498
563 514
563 520
563 543
563 546
563 547
563 564
563 570
563 572
563 594
563 595
564 103
564 129
564 149
564 175
564 220
564 250
564 328
564 331
564 338
564 346
564 407
564 437
564 549
564 563
564 573
564 576
564 577
564 583
564 597
564 599
565 82
565 110
565 194
565 245
565 253
565 275
565 298
565 305
565 308
565 344
565 347
565 371
565 375
565 385
565 396
565 441
565 443
565 526
565 541
565 573
566 7
566 70
566 118
566 168
566 190
566 220
566 289
566 292
566 314
566 366
566 378
566 409
566 429
566 444
566 468
566 500
566 519
566 537
566 546
566 583
567 35
567 108
567 146
567 205
567 229
567 250
567 333
567 360
567 425
567 429
567 454
567 504
567 513
567 519
567 522
567 536
567 568
567 584
567 586
567 587
568 15
568 33
568 222
568 243
568 263
568 278
568 296
568 301
568 310
568 315
568 417
568 479
568 483
568 491
568 541
568 548
568 557
568 567
568 578
568 589
569 34
569 156
569 173
569 226
569 227
569 257
569 272
569 293
569 295
569 326
569 335
569 346
569 354
569 365
569 370
569 386
569 412
569 491
569 541
569 579
569 589
570 45
570 73
570 83
570 132
570 214
570 222
570 234
570 265
570 273
570 280
570 324
570 360
570 370
570 376
570 393
570 423
570 494
570 538
570 541
570 563
570 586
571 1
571 104
571 108
571 172
571 181
571 195
571 217
571 260
571 313
571 320
571 364
571 391
571 439
571 459
571 469
571 477
571 497
571 504
571 511
571 527
571 556
572 144
572 165
572 183
572 217
572 223
572 293
572 315
572 330
572 369
572 392
572 415
572 416
572 450
572 489
572 523
572 534
572 543
572 562
572 563
572 587
572 599
573 5
573 42
573 58
573 182
573 193
573 200
573 206
573 264
573 274
573 304
573 320
573 332
573 336
573 337
573 343
573 347
573 525
573 530
573 533
573 564
573 565
574 13
574 61
574 118
574 172
574 202
574 219
574 333
574 335
574 361
574 370
574 425
574 459
574 466
574 517
574 519
574 522
574 552
574 575
574 584
574 587
574 588
575 119
575 302
575 316
575 323
575 359
575 382
575 387
575 391
575 395
575 438
575 443
575 456
575 459
575 461
575 502
575 544
575 555
575 574
575 590
575 596
575 598
576 66
576 84
576 86
576 115
576 164
576 224
576 235
576 240
576 285
576 289
576 342
576 358
576 389
576 412
576 438
576 473
576 498
576 509
576 526
576 532
576 564
577 82
577 98
577 177
577 211
577 219
577 267
577 284
577 331
577 369
577 393
577 407
577 473
577 483
577 499
577 520
577 523
577 543
577 544
577 551
577 564
577 597
578 41
578 158
578 241
578 301
578 315
578 349
578 417
578 448
578 452
578 455
578 462
578 478
578 479
578 491
578 514
578 548
578 553
578 559
578 568
578 587
578 589
579 14
579 39
579 80
579 129
579 140
579 179
579 187
579 194
579 254
579 295
579 344
579 421
579 476
579 494
579 503
579 515
579 552
579 554
579 569
579 594
579 598
580 3
580 34
580 92
580 131
580 138
580 157
580 275
580 323
580 347
580 377
580 390
580 403
580 424
580 446
580 455
580 477
580 529
580 542
580 551
580 553
580 582
580 596
581 37
581 67
581 136
581 206
581 244
581 263
581 290
581 303
581 366
581 378
581 387
581 444
581 455
581 468
581 476
581 477
581 507
581 521
581 554
581 556
581 583
581 595
582 4
582 122
582 142
582 174
582 197
582 221
582 227
582 241
582 263
582 318
582 343
582 367
582 404
582 449
582 463
582 470
582 492
582 515
582 547
582 580
582 585
582 591
583 59
583 89
583 136
583 161
583 167
583 237
583 258
583 290
583 301
583 366
583 378
583 404
583 444
583 477
583 488
583 499
583 554
583 564
583 566
583 581
583 584
583 594
583 595
584 52
584 78
584 155
584 180
584 207
584 229
584 322
584 330
584 333
584 361
584 378
584 384
584 429
584 454
584 478
584 497
584 519
584 522
584 540
584 567
584 574
584 583
584 587
585 4
585 22
585 43
585 119
585 197
585 224
585 252
585 309
585 358
585 379
585 386
585 404
585 419
585 468
585 470
585 512
585 538
585 547
585 560
585 562
585 582
585 596
585 599
586 28
586 88
586 122
586 143
586 191
586 198
586 221
586 252
586 274
586 334
586 404
586 418
586 445
586 458
586 505
586 511
586 526
586 537
586 560
586 562
586 567
586 570
586 591
587 61
587 78
587 79
587 122
587 207
587 219
587 250
587 327
587 333
587 358
587 370
587 381
587 396
587 429
587 454
587 466
587 483
587 567
587 572
587 574
587 578
587 584
587 589
587 590
588 2
588 20
588 34
588 92
588 110
588 113
588 157
588 193
588 226
588 311
588 323
588 387
588 414
588 424
588 450
588 455
588 496
588 499
588 502
588 525
588 529
588 553
588 574
588 591
589 19
589 24
589 41
589 127
589 132
589 225
589 241
589 261
589 276
589 317
589 332
589 343
589 349
589 357
589 457
589 478
589 479
589 502
589 548
589 557
589 568
589 569
589 578
589 587
590 49
590 114
590 178
590 228
590 239
590 267
590 281
590 340
590 368
590 374
590 382
590 395
590 404
590 415
590 473
590 483
590 485
590 496
590 506
590 536
590 559
590 561
590 575
590 587
591 89
591 120
591 152
591 174
591 221
591 222
591 232
591 260
591 275
591 279
591 309
591 334
591 343
591 361
591 379
591 386
591 492
591 502
591 505
591 547
591 582
591 586
591 588
591 598
592 270
592 277
592 302
592 335
592 373
592 385
592 400
592 402
592 419
592 433
592 437
592 442
592 457
592 474
592 477
592 492
592 495
592 533
592 534
592 536
592 552
592 594
592 596
592 599
593 0
593 34
593 60
593 70
593 97
593 227
593 233
593 248
593 264
593 293
593 326
593 329
593 346
593 354
593 430
593 434
593 445
593 448
593 464
593 465
593 517
593 530
593 542
593 557
594 7
594 25
594 26
594 35
594 40
594 53
594 63
594 129
594 159
594 195
594 200
594 213
594 284
594 319
594 364
594 435
594 451
594 471
594 472
594 508
594 540
594 563
594 579
594 583
594 592
595 17
595 30
595 102
595 141
595 161
595 167
595 173
595 206
595 240
595 247
595 276
595 288
595 289
595 299
595 364
595 366
595 394
595 396
595 419
595 423
595 477
595 546
595 563
595 581
595 583
596 46
596 51
596 109
596 114
596 127
596 147
596 238
596 247
596 251
596 328
596 342
596 362
596 368
596 384
596 406
596 451
596 506
596 510
596 561
596 562
596 575
596 580
596 585
596 592
596 598
597 82
597 117
597 120
597 129
597 177
597 198
597 217
597 243
597 270
597 273
597 277
597 294
597 335
597 357
597 415
597 416
597 489
597 493
597 517
597 520
597 523
597 531
597 543
597 564
597 577
598 16
598 36
598 49
598 75
598 77
598 112
598 147
598 219
598 228
598 258
598 279
598 305
598 346
598 383
598 395
598 456
598 461
598 483
598 485
598 544
598 557
598 575
598 579
598 591
598 596
599 32
599 103
599 129
599 133
599 151
599 189
599 239
599 267
599 328
599 345
599 355
599 434
599 450
599 460
599 466
599 484
599 493
599 499
599 523
599 527
599 558
599 564
599 572
599 585
599 592
