505 560
256 345
587 590
172 564
56 560
373 554
412 551
235 467
221 337
170 420
46 345
127 598
358 366
134 480
63 474
377 506
160 171
430 479
412 574
188 578
321 454
158 307
331 519
155 398
388 517
500 511
373 418
270 481
87 575
440 443
350 578
402 574
94 583
352 599
24 500
171 404
467 576
553 583
491 592
292 458
470 590
201 459
350 581
43 562
206 553
191 586
146 562
251 351
401 529
331 372
135 470
449 587
112 554
437 518
232 590
366 466
78 454
389 564
451 550
80 555
308 555
247 251
233 243
15 314
84 574
430 550
568 590
496 537
322 496
352 440
135 452
105 235
1 381
364 377
296 574
245 443
46 68
356 559
305 555
216 517
427 559
198 516
172 505
274 520
166 570
412 465
38 447
21 93
10 206
525 541
252 474
337 422
470 496
516 570
201 256
58 507
42 337
34 352
252 559
305 435
311 587
500 554
419 516
575 587
302 560
22 297
538 581
29 515
285 559
389 529
217 314
307 440
93 525
402 412
355 570
434 598
66 151
470 519
163 560
168 581
408 575
479 481
465 562
305 348
418 478
404 555
497 564
43 480
389 538
451 496
233 581
324 479
138 592
376 518
508 598
541 569
321 480
105 345
491 529
293 586
538 599
79 517
579 581
231 462
555 578
205 570
120 569
434 498
467 518
247 529
358 491
87 541
145 254
111 220
573 588
188 558
69 599
324 523
576 597
17 514
551 574
476 494
203 366
388 546
392 549
447 586
322 592
34 531
434 579
474 564
442 541
63 570
166 592
24 223
223 511
243 469
155 442
321 355
302 447
410 539
195 342
396 538
254 361
554 569
519 569
352 497
60 373
207 454
375 538
103 523
158 505
306 478
200 250
147 575
384 598
519 590
173 579
186 292
97 284
442 548
195 517
307 520
220 478
174 507
11 480
50 573
396 529
225 545
334 443
228 364
285 440
316 452
444 574
505 568
145 308
401 564
44 574
78 480
297 497
320 329
138 448
351 578
303 453
378 390
200 558
311 517
476 580
372 447
80 147
577 587
14 170
514 531
416 570
440 454
149 418
507 510
573 592
280 350
64 576
252 599
401 446
400 578
418 500
206 289
444 494
508 537
442 590
225 249
207 322
355 471
231 376
380 579
441 449
314 490
210 254
467 555
393 396
153 358
171 188
136 575
381 515
536 587
519 541
338 599
198 550
474 477
427 500
340 549
393 559
157 542
191 484
371 451
99 157
153 165
446 456
488 564
250 575
308 489
146 508
553 574
297 307
481 523
444 595
232 569
434 537
296 586
297 348
153 455
260 592
6 478
393 446
161 586
127 483
346 464
203 467
381 533
457 554
258 448
422 564
409 481
210 274
275 306
407 508
217 583
198 419
88 382
382 574
435 576
256 419
331 364
248 574
483 559
265 590
160 538
165 338
402 465
166 446
575 598
340 562
331 586
4 444
441 587
108 435
492 581
225 487
401 403
310 375
475 558
572 587
22 59
149 246
423 507
105 573
344 355
256 553
203 303
337 452
83 373
320 412
138 517
357 452
69 330
216 349
389 473
529 599
81 275
312 590
287 511
184 520
122 476
340 576
288 550
368 431
296 412
297 440
195 399
437 470
40 470
67 498
231 575
569 596
381 569
348 583
272 590
49 550
447 552
370 551
63 536
389 442
340 402
86 193
435 446
77 514
23 586
7 449
153 420
529 577
440 568
8 337
208 590
465 592
442 518
495 496
315 419
575 586
564 599
375 389
466 534
271 382
220 553
22 302
260 570
393 452
155 539
390 520
579 598
85 342
252 489
342 528
39 389
351 503
373 587
145 520
59 78
480 505
97 189
127 434
169 579
258 587
251 516
175 583
384 578
337 550
59 400
190 368
304 537
275 466
63 83
271 587
15 598
175 573
85 186
375 400
381 500
573 587
451 592
458 514
444 459
180 250
77 590
135 525
506 575
346 410
201 437
251 555
169 410
430 467
420 592
363 422
220 479
368 496
151 508
356 529
393 489
166 278
209 430
161 323
308 579
42 525
41 515
479 592
254 516
570 592
98 410
99 581
122 276
319 519
358 550
515 554
56 586
454 560
458 575
67 516
448 514
481 592
207 245
297 505
306 377
400 579
151 355
351 454
248 402
120 455
357 422
235 553
258 278
319 419
251 323
254 315
1 56
96 559
87 355
311 538
447 476
373 515
274 555
442 569
321 470
393 558
7 127
451 570
396 489
164 448
93 422
560 586
27 88
172 538
283 569
384 400
402 476
171 399
376 575
149 598
515 518
400 537
368 590
64 598
147 401
189 449
225 581
245 351
68 578
74 515
550 592
511 554
315 564
320 399
65 311
375 427
491 576
96 581
77 541
296 562
314 388
51 190
270 363
96 564
443 568
138 492
68 400
285 331
17 568
399 455
310 492
8 404
427 474
186 581
180 558
109 459
401 402
511 587
38 274
260 467
245 246
310 487
168 476
517 587
346 592
44 520
20 459
514 558
550 581
314 555
166 568
296 551
98 322
431 570
430 566
376 463
378 549
93 569
408 458
508 587
232 541
545 553
253 292
109 554
437 536
221 598
425 516
323 561
106 537
31 145
508 578
73 574
442 519
481 491
427 454
546 570
268 578
363 452
308 323
398 574
370 430
296 533
83 504
163 304
21 536
231 556
53 247
74 403
348 456
405 452
355 390
449 551
429 446
50 488
73 551
132 572
98 553
52 363
169 578
163 390
146 434
384 579
350 487
103 160
248 472
247 538
418 526
455 553
168 590
467 496
487 551
489 585
107 579
183 366
576 592
461 573
79 114
61 451
320 553
133 507
106 265
79 227
217 525
459 504
491 520
15 553
364 586
41 460
518 590
7 512
210 323
283 590
164 270
349 449
66 568
174 276
539 564
538 564
5 496
292 581
461 559
511 515
38 145
114 491
333 587
413 573
69 368
70 518
419 555
186 233
406 516
155 260
411 587
410 497
58 431
437 590
260 518
270 301
271 459
364 466
400 598
79 388
57 350
499 506
319 518
30 506
465 472
376 408
40 431
163 427
348 520
510 523
314 382
448 515
392 427
67 293
378 399
345 382
39 454
68 598
93 452
577 578
149 579
363 396
469 562
110 541
225 473
155 597
173 334
465 519
559 564
20 583
458 558
389 599
543 575
88 393
444 598
190 541
340 551
309 592
474 529
174 426
202 454
78 507
137 592
64 592
422 452
244 345
248 562
525 590
285 489
106 579
340 558
306 586
343 345
167 481
225 378
498 568
343 462
381 418
404 517
247 473
321 351
216 563
343 447
424 576
348 390
223 554
578 598
84 562
106 406
305 315
324 574
89 553
225 492
390 555
305 574
394 396
303 586
343 436
519 522
501 551
212 558
468 506
384 537
171 553
210 516
524 550
466 560
142 437
220 583
81 399
65 117
83 479
440 549
138 404
414 562
207 440
292 410
170 570
190 569
364 372
221 579
448 481
342 525
146 478
275 331
21 307
440 505
245 587
34 356
135 422
186 394
283 470
283 541
233 346
98 491
340 412
455 573
529 583
310 581
114 122
66 505
217 310
399 474
476 517
558 575
508 579
74 559
221 573
465 574
175 459
50 541
135 404
304 331
324 467
148 564
64 134
376 514
416 515
146 459
516 555
7 416
363 444
106 508
554 587
247 392
250 514
315 435
170 537
523 576
470 541
346 487
537 579
435 516
1 319
345 583
410 492
149 508
81 478
136 458
466 506
15 20
56 550
9 574
99 492
174 388
43 443
352 500
303 523
40 252
24 598
392 559
9 551
114 174
140 158
431 519
537 598
278 451
188 575
357 363
394 487
451 576
518 569
44 465
216 448
235 573
198 579
304 519
466 487
205 586
446 474
198 555
40 319
142 553
17 206
9 340
418 554
140 470
158 568
443 505
233 394
323 520
511 569
372 560
149 578
399 581
496 576
85 268
50 478
81 583
173 420
268 514
410 581
148 516
20 305
420 481
24 511
67 419
193 487
343 344
398 598
105 278
470 581
15 417
346 581
202 462
282 422
251 598
256 431
457 466
132 596
310 410
202 563
263 575
346 588
293 520
127 378
382 573
186 510
423 511
449 576
311 400
521 564
98 479
304 578
142 442
492 561
29 571
325 554
396 590
532 559
422 549
207 443
550 576
431 590
164 512
236 296
204 372
477 583
221 578
203 507
293 570
562 574
376 458
378 536
17 115
414 570
283 519
179 598
73 562
517 545
22 416
416 500
1 560
455 583
77 518
408 558
529 589
489 595
496 523
390 541
303 510
500 559
73 571
24 81
66 586
122 482
58 586
27 278
62 173
169 598
297 567
84 348
217 309
479 523
80 523
373 501
303 372
419 520
41 587
350 394
481 550
317 408
3 515
29 543
191 560
163 306
554 577
276 424
297 568
557 564
50 160
88 467
231 558
392 564
394 571
434 508
434 594
80 332
381 511
46 245
428 592
343 589
270 343
394 546
513 568
420 550
480 568
16 416
143 274
368 569
537 578
357 383
430 592
278 430
579 585
148 571
350 492
500 515
34 446
459 596
411 489
386 402
189 574
466 507
339 430
161 520
42 448
134 496
82 372
448 476
140 532
366 377
254 258
293 435
205 599
302 306
33 337
303 522
306 474
475 497
230 560
405 514
85 542
221 537
151 505
175 503
202 307
59 134
209 419
551 552
384 545
402 503
264 514
65 343
377 562
41 267
132 537
320 478
436 492
357 525
487 581
478 583
250 558
586 593
164 293
3 436
209 565
243 319
153 496
467 550
88 358
342 433
92 227
275 504
97 549
495 555
10 314
376 417
408 412
245 321
51 398
196 283
342 580
347 523
510 560
276 517
466 586
231 372
412 562
431 541
200 497
401 538
1 586
275 586
205 309
243 437
220 342
451 455
311 388
227 246
146 583
148 195
44 551
402 562
205 447
260 481
169 508
171 573
523 570
135 357
3 568
115 351
388 476
381 416
96 560
158 440
324 576
366 447
258 476
518 541
189 478
447 560
246 256
157 492
322 323
396 551
381 554
94 573
153 576
427 564
309 568
304 579
340 574
454 505
368 437
491 570
223 418
151 443
84 465
302 392
358 430
302 507
569 590
92 256
120 382
520 564
208 442
378 537
243 519
191 303
447 506
314 583
132 578
223 515
523 550
189 203
437 466
310 576
373 378
322 479
180 575
51 449
352 356
401 489
92 382
200 514
293 555
378 555
398 430
373 500
446 559
514 575
43 151
232 519
491 550
366 506
496 570
208 431
208 569
172 599
555 587
375 489
322 576
393 538
506 558
109 206
74 112
274 308
497 559
404 476
175 560
416 418
474 559
307 568
399 541
497 599
573 590
388 404
357 382
324 451
147 458
476 492
188 408
210 576
420 558
459 599
506 560
573 583
465 551
562 578
115 455
8 448
308 435
416 554
22 351
320 368
529 538
496 550
157 350
216 507
551 562
9 479
337 525
358 592
363 525
94 399
87 558
201 587
271 573
418 511
80 599
243 590
345 559
523 529
407 560
252 375
387 489
193 394
168 216
302 466
231 408
309 356
422 525
39 529
46 573
378 498
454 583
112 516
444 579
157 193
285 396
376 558
116 560
444 562
138 357
140 142
271 437
148 318
44 562
27 209
324 596
551 584
309 365
479 573
248 551
45 355
140 569
384 390
23 506
174 311
235 557
270 491
235 455
383 583
59 568
134 170
337 363
191 506
176 508
91 260
127 578
29 49
305 520
165 465
42 595
479 570
8 276
425 586
290 389
348 435
6 516
190 442
357 427
142 569
398 589
315 484
578 579
251 348
559 574
39 497
479 547
197 554
304 598
51 268
223 447
29 551
12 315
271 542
163 507
384 508
148 525
97 99
65 410
552 574
132 598
331 507
118 586
375 423
206 217
36 598
166 209
482 583
140 590
518 533
188 488
426 431
517 573
365 576
120 487
202 568
190 318
492 578
408 593
7 557
162 576
507 586
109 455
346 350
292 310
285 497
168 448
392 489
523 544
69 309
416 511
270 462
96 599
296 548
226 368
101 319
412 464
431 569
17 480
418 436
58 553
115 568
304 345
243 518
172 352
446 489
508 584
507 560
132 579
10 35
356 510
180 343
254 576
364 366
58 506
455 506
205 377
10 377
120 175
202 480
497 571
443 579
208 588
443 445
247 446
449 483
404 448
78 155
427 538
420 523
419 517
539 599
575 584
467 481
201 525
237 311
165 170
554 580
232 319
112 500
38 315
439 550
10 521
69 415
74 554
92 592
308 472
420 562
574 578
358 525
470 518
113 145
464 581
201 566
233 440
37 250
239 487
517 538
66 292
220 573
459 553
23 599
193 581
490 564
346 394
199 401
401 474
75 537
460 520
390 516
192 283
487 492
147 558
41 554
9 561
416 419
99 556
392 396
87 514
71 452
529 559
161 435
474 497
173 587
434 578
92 573
570 576
136 514
49 234
200 575
375 539
46 553
203 356
168 258
160 583
434 487
452 525
366 512
302 598
