537 594
356 535
32 165
219 552
198 572
144 387
259 584
262 439
262 589
528 596
395 591
512 557
571 583
273 504
19 313
239 360
509 588
249 572
181 597
280 453
483 523
313 387
333 576
301 535
286 288
237 484
291 458
76 281
360 561
306 565
236 361
383 490
534 574
369 498
428 557
509 566
20 295
501 582
374 417
367 569
404 504
407 584
291 499
240 335
313 501
294 561
423 584
432 592
182 566
443 531
316 328
425 567
544 561
139 449
527 594
491 495
547 567
367 582
211 320
301 521
531 596
141 533
241 328
115 339
393 552
536 546
415 582
239 244
136 383
13 167
547 572
196 403
109 591
441 460
227 540
28 475
16 499
57 522
326 414
371 374
154 589
19 124
257 332
329 593
36 291
398 597
445 592
299 557
181 513
75 585
129 571
278 595
118 228
165 450
316 594
267 392
214 460
432 457
68 591
347 528
133 262
316 509
54 553
182 530
293 565
316 364
86 547
12 386
144 468
257 544
359 417
189 524
49 279
329 556
273 463
55 452
400 524
353 556
141 336
25 463
407 525
433 463
250 594
179 594
235 266
445 522
214 329
362 596
26 556
6 453
274 462
323 582
324 482
230 427
31 595
380 540
288 461
19 152
457 458
277 575
196 510
359 471
380 485
335 414
411 422
344 398
273 441
482 593
122 594
253 477
192 524
90 359
494 509
336 593
333 513
499 584
102 438
67 167
178 414
199 564
438 473
461 483
318 547
237 561
241 566
13 246
214 483
241 391
23 61
28 405
224 546
503 511
328 502
415 542
21 473
167 334
301 569
365 540
222 362
370 595
538 548
281 565
249 456
584 591
184 349
25 568
301 325
273 534
328 509
271 498
37 475
123 154
486 521
70 428
290 453
336 582
406 441
211 262
14 121
339 426
530 542
76 527
439 464
6 230
117 379
460 512
37 597
222 595
513 566
326 588
280 504
344 597
330 424
501 539
361 502
162 336
561 594
197 240
327 475
284 577
178 521
504 534
212 513
486 565
13 326
313 386
125 504
133 547
82 461
214 566
533 535
181 344
110 374
37 62
338 495
32 493
177 513
359 585
267 528
55 593
494 548
462 589
486 596
107 468
450 585
241 510
118 457
45 498
32 484
385 469
556 591
360 544
16 509
54 499
298 596
137 594
128 187
37 490
528 546
336 461
71 257
176 501
432 591
287 313
57 86
370 490
47 162
89 595
128 589
532 542
183 546
241 543
338 585
547 548
218 485
405 556
391 503
512 513
269 332
536 561
522 588
194 535
572 588
244 571
335 534
347 531
234 534
370 397
294 594
335 386
123 441
421 597
300 503
263 584
86 544
433 580
89 490
113 582
192 338
395 512
288 432
361 462
300 530
102 536
267 565
567 588
532 580
415 549
403 450
424 563
126 557
428 473
196 571
130 473
464 594
249 522
415 488
255 338
379 548
52 179
533 582
100 330
211 563
414 585
222 540
101 469
125 463
253 591
95 582
317 499
379 588
472 527
182 484
130 534
286 582
143 585
5 413
428 463
299 513
11 462
32 585
129 543
154 513
103 486
253 469
0 423
471 585
240 571
289 596
549 584
5 593
228 591
545 548
512 588
535 538
529 563
414 463
53 571
381 595
226 532
246 595
86 445
533 593
493 597
261 457
545 588
413 595
420 571
336 405
338 425
52 369
77 557
156 471
156 585
365 498
148 585
354 472
45 266
267 333
485 542
234 325
349 457
62 104
48 385
545 581
413 556
380 545
434 499
365 532
95 533
539 572
262 339
535 552
194 556
102 566
530 543
563 589
204 482
543 595
480 580
172 317
503 530
531 565
16 209
393 521
325 596
141 583
548 588
535 545
429 566
107 491
18 450
424 458
367 556
64 224
27 417
395 584
362 397
52 577
272 354
224 486
388 502
62 229
300 587
455 533
443 526
116 152
248 347
108 549
181 586
291 316
426 477
299 300
194 593
30 219
178 192
475 501
204 556
5 557
129 480
275 385
65 597
53 503
371 495
425 445
180 580
259 546
265 552
328 361
2 397
511 566
330 475
179 360
405 535
364 432
212 521
446 528
528 565
33 359
342 577
19 107
556 593
469 563
436 589
284 374
108 530
261 503
298 387
417 598
347 527
493 548
369 542
577 580
356 471
85 580
386 548
441 457
441 567
338 374
211 252
509 511
185 391
226 451
462 597
464 527
219 566
126 566
488 580
253 263
242 591
299 566
339 495
472 557
494 567
285 370
486 583
565 570
259 469
384 513
429 505
195 577
72 351
4 438
341 472
328 568
438 504
540 541
261 593
408 582
28 579
237 594
55 353
43 281
394 542
255 585
38 540
365 580
204 582
232 552
33 585
177 409
142 242
436 545
83 534
139 495
141 341
524 589
214 453
379 390
539 581
82 126
268 597
548 572
215 528
113 234
295 454
244 414
316 502
263 563
160 421
30 341
330 563
49 503
379 415
503 571
130 144
475 599
389 432
500 597
187 222
405 582
542 580
464 595
57 548
61 585
265 535
327 588
359 522
131 453
154 475
130 535
379 572
185 286
409 453
374 495
531 536
539 552
334 521
121 503
362 580
272 415
441 504
261 557
299 512
277 280
298 546
557 566
403 472
229 534
89 131
362 406
380 556
456 484
477 572
228 584
405 593
391 456
272 549
156 255
230 521
503 543
457 483
445 556
176 597
482 493
545 572
567 571
192 239
13 463
255 369
328 585
294 354
0 438
429 432
150 485
266 597
107 501
14 547
461 566
493 582
152 557
299 334
341 524
395 594
100 485
463 596
141 582
91 593
25 213
128 218
36 499
238 531
353 593
196 300
552 593
347 546
35 544
255 526
282 542
445 567
261 411
522 567
154 176
332 429
30 572
179 354
361 509
70 407
55 556
295 566
498 532
124 580
287 327
159 530
295 391
504 536
298 414
72 469
312 526
360 464
91 567
359 594
494 547
353 413
433 549
76 557
426 460
101 563
228 397
482 535
552 582
6 526
117 462
279 542
70 385
299 571
25 177
259 531
426 439
501 588
485 547
291 509
130 504
242 597
484 490
234 241
436 597
438 495
230 312
421 521
456 543
183 596
359 439
380 595
128 475
16 502
273 473
298 483
82 513
111 532
90 391
347 540
493 533
367 593
264 547
494 588
282 580
11 597
47 371
263 589
450 545
150 540
45 330
432 460
103 596
493 526
313 421
152 432
441 483
354 544
318 522
526 544
470 485
75 471
27 360
372 530
134 588
179 341
162 295
234 543
26 544
158 284
567 590
435 547
240 244
210 362
547 588
219 533
405 424
281 429
284 532
456 571
439 580
8 387
268 589
215 552
95 493
224 528
484 543
119 246
414 572
409 451
433 453
234 510
123 465
237 425
150 478
229 383
411 513
360 524
349 566
118 199
450 495
286 580
468 581
262 477
191 339
449 557
456 510
60 526
156 428
301 597
233 236
195 549
197 510
90 277
405 599
102 515
192 257
54 236
287 468
112 178
312 362
370 599
335 504
196 530
52 542
3 521
269 352
213 264
51 421
161 421
230 526
413 593
433 488
471 561
290 312
3 187
502 599
249 548
213 534
353 582
371 556
486 524
485 540
71 162
355 557
119 540
444 445
438 594
313 468
261 321
445 548
119 397
102 463
428 438
383 498
242 485
459 546
562 580
563 591
432 512
272 532
60 377
79 527
119 533
407 544
13 595
288 483
57 444
481 502
480 565
104 556
505 563
287 336
329 535
222 490
367 413
139 473
213 536
114 546
248 528
33 338
500 528
30 570
159 391
71 289
441 537
484 503
509 591
535 568
116 301
423 558
47 599
218 227
327 468
330 584
147 585
4 326
499 509
513 517
124 498
164 582
56 327
436 483
200 593
238 546
540 595
485 560
332 421
432 441
290 484
223 582
423 591
527 544
53 510
385 585
232 485
305 367
162 551
478 585
173 229
264 266
335 575
450 471
144 501
456 530
130 335
423 424
207 335
12 180
181 214
391 543
534 565
244 300
559 567
213 342
379 527
244 553
317 361
391 532
54 502
354 532
425 572
382 563
460 597
374 439
48 522
322 530
468 501
475 589
276 522
524 561
194 495
341 561
33 480
269 597
113 197
370 406
156 540
341 477
413 501
383 397
226 472
428 534
259 512
212 544
290 409
413 530
14 133
417 471
473 536
110 567
2 177
332 597
494 572
137 577
397 485
572 591
424 584
528 531
488 549
12 534
118 591
287 557
463 527
11 589
72 589
121 571
110 425
19 468
475 547
185 265
240 530
424 591
211 499
123 521
70 591
359 477
325 531
226 527
397 588
0 469
128 597
289 567
380 490
265 533
91 493
272 577
453 526
25 468
395 563
89 362
277 571
539 597
177 386
386 536
391 468
411 512
219 367
421 589
280 409
415 532
290 526
439 548
557 588
407 421
159 421
215 584
257 527
167 595
279 577
542 549
263 395
354 594
433 532
341 387
125 438
90 543
14 588
18 477
328 499
185 436
48 588
379 567
125 594
121 269
545 584
31 589
236 509
456 486
185 552
339 585
301 589
429 461
159 228
567 572
329 460
424 472
425 494
152 411
61 255
469 522
386 411
498 577
139 426
415 457
439 471
150 595
426 495
183 409
236 499
445 547
62 563
495 535
131 589
11 502
36 502
108 577
121 288
266 462
513 522
184 565
336 561
445 572
282 533
126 457
137 561
47 585
36 509
100 530
2 438
510 543
31 545
336 552
502 526
426 585
544 545
238 536
75 262
184 596
259 591
265 482
75 407
423 593
229 397
282 498
450 477
565 596
197 229
183 509
0 584
277 484
385 584
490 540
316 317
100 242
482 533
253 385
144 176
469 591
143 471
237 472
387 468
413 482
325 565
535 582
415 580
312 453
193 380
543 569
547 570
126 562
264 567
469 584
242 595
386 473
362 383
436 599
329 571
298 486
227 468
21 428
425 588
365 591
60 131
369 532
407 597
139 532
417 477
73 339
473 534
222 294
60 453
224 412
177 334
128 577
12 536
485 595
105 567
269 589
240 361
239 291
438 539
23 119
26 137
249 397
326 379
482 582
258 512
365 577
384 539
204 577
333 461
524 544
282 320
104 352
18 48
398 545
4 534
95 599
321 596
199 591
332 589
371 474
61 426
299 483
353 558
544 594
263 580
2 463
116 398
407 409
215 458
475 595
406 595
392 488
409 526
72 187
133 266
317 509
484 530
161 593
403 524
476 561
48 567
317 502
222 429
369 388
218 540
150 242
457 461
184 531
575 585
159 241
215 329
287 539
272 411
395 423
255 327
353 561
317 555
450 493
490 596
326 502
354 442
374 599
325 369
309 540
420 561
40 597
521 599
72 539
288 584
469 519
383 540
227 406
318 494
156 477
176 387
286 546
414 456
199 563
318 548
486 528
486 494
327 501
478 521
279 488
395 544
531 546
380 385
261 349
444 536
429 460
76 332
94 290
137 464
136 531
433 524
239 527
26 437
45 269
31 334
141 367
473 505
111 577
493 593
349 460
212 594
327 387
238 497
5 582
482 488
152 593
124 547
124 488
35 415
159 571
494 515
212 237
563 584
169 584
298 531
63 428
103 528
510 530
257 286
369 580
413 552
144 291
18 238
91 556
406 521
542 543
0 540
276 471
494 522
224 565
426 580
194 552
28 535
259 563
84 369
360 367
34 556
294 527
374 377
467 530
157 572
358 552
571 591
164 594
94 279
423 563
464 544
230 280
181 295
226 403
208 549
482 521
565 577
219 582
2 439
312 409
221 236
330 591
499 502
524 528
449 512
347 596
224 596
116 117
97 279
104 533
546 596
249 588
268 421
90 584
307 527
82 545
136 527
490 555
39 536
353 497
282 488
543 589
113 571
240 594
524 527
129 484
100 406
445 589
47 339
18 417
494 543
266 589
565 595
347 565
264 522
406 533
26 178
385 591
239 561
403 594
522 548
483 566
211 464
32 371
125 213
35 472
269 545
417 450
464 524
429 534
433 595
281 461
395 539
344 566
312 543
289 528
218 284
182 197
438 526
126 493
273 591
417 436
318 425
129 294
238 565
370 383
143 439
131 526
294 549
472 561
54 593
129 548
280 526
300 510
279 433
199 228
185 187
111 488
267 486
289 546
295 460
28 552
360 531
273 471
238 596
295 349
429 513
450 572
524 594
101 596
593 596
334 490
453 504
219 493
257 594
385 563
313 539
110 572
371 477
154 566
55 143
215 556
167 567
542 577
194 361
395 424
532 577
298 565
53 595
264 588
123 512
289 565
354 561
325 486
187 582
124 365
549 577
253 335
542 544
428 461
386 534
133 379
229 380
349 563
95 318
204 535
101 584
281 557
123 344
344 411
183 531
125 150
184 546
539 549
281 566
344 499
76 333
139 439
178 403
267 596
284 433
35 561
143 495
182 277
333 371
286 557
341 403
182 450
131 333
353 493
108 580
456 577
326 572
4 593
117 547
387 501
104 552
111 218
277 462
226 294
71 594
326 567
498 542
300 585
