0 314
0 474
0 518
0 573
0 588
1 409
1 465
1 514
1 525
1 560
2 185
2 188
2 482
2 512
2 536
3 302
3 391
3 420
3 439
3 574
4 294
4 443
4 508
4 578
4 581
5 324
5 456
5 558
5 569
5 593
6 74
6 336
6 471
6 564
6 582
7 98
7 435
7 438
7 493
7 516
8 214
8 424
8 543
8 563
8 574
9 378
9 397
9 538
9 548
9 580
10 198
10 233
10 331
10 533
10 548
11 236
11 265
11 411
11 554
11 593
12 227
12 309
12 434
12 498
12 581
13 359
13 441
13 517
13 552
13 599
14 174
14 553
14 562
14 589
14 598
15 329
15 418
15 514
15 563
15 575
16 151
16 363
16 414
16 524
16 597
17 464
17 495
17 531
17 535
17 573
18 104
18 378
18 413
18 438
18 445
19 126
19 483
19 518
19 558
19 573
20 305
20 442
20 452
20 477
20 481
21 260
21 312
21 467
21 550
21 588
22 430
22 447
22 543
22 549
22 565
23 387
23 443
23 458
23 592
23 597
24 416
24 446
24 456
24 552
24 596
25 282
25 408
25 436
25 551
25 564
26 56
26 422
26 543
26 584
26 593
27 164
27 517
27 551
27 580
27 592
28 259
28 543
28 589
28 590
28 595
29 334
29 374
29 448
29 528
29 575
30 117
30 491
30 525
30 565
30 571
31 231
31 273
31 486
31 551
31 560
32 226
32 296
32 465
32 533
32 578
33 51
33 228
33 319
33 339
33 599
34 196
34 250
34 467
34 508
34 569
35 55
35 96
35 503
35 508
35 549
36 347
36 473
36 494
36 538
36 548
37 306
37 473
37 491
37 496
37 529
38 338
38 414
38 485
38 572
38 587
39 116
39 172
39 255
39 389
39 513
40 41
40 70
40 260
40 558
40 586
41 40
41 263
41 289
41 431
41 573
42 306
42 360
42 457
42 534
42 591
43 446
43 475
43 551
43 560
43 577
44 95
44 210
44 303
44 432
44 581
45 227
45 363
45 446
45 462
45 530
46 420
46 434
46 476
46 519
46 527
47 472
47 498
47 512
47 546
47 597
48 171
48 269
48 340
48 422
48 516
49 50
49 255
49 346
49 512
49 539
50 49
50 349
50 370
50 511
50 527
51 33
51 165
51 292
51 390
51 572
52 366
52 382
52 550
52 565
52 579
53 117
53 184
53 300
53 513
53 521
54 260
54 478
54 489
54 515
54 553
55 35
55 142
55 145
55 314
55 531
56 26
56 146
56 317
56 546
56 599
57 218
57 307
57 482
57 539
57 584
58 429
58 483
58 498
58 572
58 588
59 417
59 455
59 514
59 552
59 554
60 64
60 373
60 427
60 428
60 598
61 465
61 534
61 543
61 573
61 591
62 300
62 389
62 436
62 439
62 513
63 378
63 435
63 493
63 499
63 578
64 60
64 208
64 524
64 553
64 565
65 395
65 407
65 415
65 510
65 523
66 196
66 289
66 372
66 508
66 581
67 444
67 473
67 547
67 574
67 594
68 210
68 474
68 573
68 581
68 597
69 451
69 452
69 497
69 523
69 582
70 40
70 240
70 528
70 537
70 560
71 213
71 426
71 464
71 572
71 573
72 269
72 358
72 448
72 557
72 594
73 507
73 553
73 571
73 572
73 587
74 6
74 360
74 371
74 399
74 556
75 421
75 471
75 510
75 570
75 584
76 419
76 495
76 537
76 546
76 561
77 332
77 426
77 526
77 571
77 579
78 130
78 283
78 514
78 570
78 595
79 80
79 367
79 407
79 440
79 582
80 79
80 340
80 551
80 560
80 577
81 216
81 217
81 377
81 380
81 432
82 308
82 319
82 386
82 573
82 590
83 343
83 366
83 449
83 450
83 482
84 272
84 356
84 504
84 542
84 552
85 314
85 335
85 386
85 423
85 519
86 242
86 325
86 361
86 545
86 591
87 290
87 323
87 342
87 393
87 541
88 334
88 348
88 423
88 522
88 535
89 181
89 224
89 388
89 479
89 544
90 91
90 266
90 388
90 474
90 508
91 90
91 204
91 555
91 566
91 576
92 230
92 545
92 561
92 566
92 571
93 95
93 105
93 323
93 528
93 573
94 207
94 286
94 433
94 552
94 555
95 44
95 93
95 166
95 443
95 580
96 35
96 330
96 509
96 574
96 596
97 423
97 456
97 525
97 531
97 573
98 7
98 491
98 512
98 550
98 587
99 193
99 212
99 380
99 469
99 525
100 258
100 412
100 463
100 467
100 540
101 143
101 389
101 497
101 513
101 583
102 295
102 310
102 401
102 493
102 585
103 189
103 201
103 267
103 504
103 507
104 18
104 122
104 423
104 477
104 531
105 93
105 106
105 213
105 464
105 586
106 105
106 181
106 362
106 432
106 457
107 221
107 288
107 440
107 555
107 566
108 197
108 311
108 317
108 384
108 590
109 160
109 284
109 413
109 500
109 586
110 216
110 270
110 398
110 455
110 500
111 119
111 335
111 578
111 585
111 586
112 224
112 416
112 481
112 561
112 599
113 422
113 495
113 528
113 563
113 575
114 337
114 346
114 487
114 488
114 501
115 258
115 456
115 532
115 570
115 596
116 39
116 186
116 513
116 530
116 532
117 30
117 53
117 276
117 387
117 583
118 179
118 306
118 534
118 582
118 591
119 111
119 130
119 303
119 523
119 569
120 362
120 413
120 481
120 504
120 544
121 270
121 344
121 449
121 532
121 538
122 104
122 142
122 289
122 402
122 425
123 374
123 416
123 505
123 513
123 542
124 516
124 522
124 525
124 533
124 576
125 360
125 375
125 400
125 453
125 583
126 19
126 228
126 484
126 531
126 561
127 368
127 457
127 481
127 540
127 558
128 204
128 297
128 381
128 387
128 407
129 411
129 457
129 538
129 552
129 565
130 78
130 119
130 362
130 427
130 592
131 554
131 569
131 584
131 591
131 595
132 134
132 375
132 527
132 560
132 577
133 138
133 281
133 394
133 445
133 576
134 132
134 476
134 555
134 559
134 561
135 295
135 555
135 571
135 587
135 588
136 352
136 492
136 528
136 551
136 577
137 172
137 341
137 397
137 435
137 460
138 133
138 202
138 248
138 494
138 593
139 140
139 362
139 480
139 497
139 550
140 139
140 242
140 365
140 477
140 529
140 547
141 405
141 425
141 489
141 545
141 549
141 574
142 55
142 122
142 339
142 405
142 547
142 573
143 101
143 300
143 389
143 513
143 549
143 592
144 198
144 369
144 470
144 476
144 548
144 581
145 55
145 360
145 399
145 523
145 531
145 591
146 56
146 293
146 396
146 511
146 576
146 599
147 266
147 319
147 386
147 410
147 480
147 518
148 354
148 453
148 457
148 520
148 541
148 564
149 243
149 329
149 381
149 441
149 476
149 479
150 316
150 372
150 498
150 516
150 519
150 594
151 16
151 340
151 359
151 478
151 510
151 538
152 191
152 213
152 546
152 567
152 568
152 584
153 260
153 379
153 419
153 441
153 458
153 566
154 540
154 553
154 555
154 577
154 592
154 597
155 506
155 521
155 541
155 554
155 567
155 599
156 157
156 356
156 358
156 406
156 478
156 594
157 156
157 425
157 486
157 509
157 549
157 574
158 174
158 245
158 530
158 547
158 556
158 558
159 171
159 214
159 358
159 369
159 478
159 517
160 109
160 207
160 286
160 444
160 483
160 586
161 216
161 380
161 419
161 493
161 512
161 532
162 243
162 252
162 350
162 469
162 521
162 597
163 358
163 451
163 463
163 518
163 554
163 557
164 27
164 322
164 428
164 509
164 552
164 592
165 51
165 219
165 417
165 490
165 550
165 572
166 95
166 326
166 443
166 484
166 540
166 589
167 271
167 293
167 540
167 550
167 563
167 564
168 431
168 543
168 562
168 563
168 564
168 575
169 360
169 415
169 451
169 510
169 523
169 567
170 176
170 376
170 392
170 565
170 576
170 587
171 48
171 159
171 312
171 450
171 478
171 495
172 39
172 137
172 330
172 358
172 418
172 547
173 298
173 355
173 467
173 571
173 578
173 579
174 14
174 158
174 211
174 524
174 594
174 598
175 258
175 426
175 494
175 541
175 543
175 592
176 170
176 236
176 355
176 466
176 471
176 579
177 258
177 465
177 475
177 521
177 523
177 588
178 180
178 351
178 480
178 506
178 589
178 595
179 118
179 343
179 367
179 450
179 478
179 592
180 178
180 367
180 440
180 467
180 564
180 585
181 89
181 106
181 185
181 542
181 552
181 588
182 355
182 359
182 459
182 534
182 535
182 591
183 341
183 373
183 413
183 438
183 449
183 551
184 53
184 186
184 299
184 429
184 504
184 513
185 2
185 181
185 428
185 553
185 580
185 592
186 116
186 184
186 300
186 502
186 513
186 588
187 345
187 404
187 495
187 514
187 537
187 599
188 2
188 240
188 501
188 551
188 576
188 599
189 103
189 224
189 509
189 542
189 544
189 577
190 215
190 282
190 314
190 462
190 594
190 597
191 152
191 263
191 300
191 522
191 529
191 568
192 348
192 406
192 502
192 524
192 529
192 558
193 99
193 197
193 405
193 409
193 525
193 561
194 390
194 484
194 550
194 575
194 587
194 594
195 291
195 390
195 395
195 503
195 549
195 574
196 34
196 66
196 279
196 356
196 581
196 592
197 108
197 193
197 471
197 520
197 544
197 584
198 10
198 144
198 226
198 430
198 456
198 538
199 420
199 451
199 452
199 533
199 582
199 585
200 474
200 520
200 528
200 551
200 560
200 577
201 103
201 203
201 238
201 343
201 418
201 542
202 138
202 267
202 449
202 569
202 585
202 589
203 201
203 204
203 449
203 478
203 532
203 544
204 91
204 128
204 203
204 350
204 399
204 487
205 215
205 347
205 421
205 501
205 539
205 576
206 263
206 376
206 437
206 518
206 560
206 599
207 94
207 160
207 505
207 542
207 544
207 581
208 64
208 236
208 406
208 430
208 447
208 587
209 412
209 470
209 483
209 540
209 586
209 587
210 44
210 68
210 249
210 379
210 388
210 581
211 174
211 433
211 507
211 553
211 578
211 592
212 99
212 497
212 538
212 569
212 578
212 595
213 71
213 105
213 152
213 249
213 263
213 376
213 418
214 8
214 159
214 276
214 304
214 449
214 548
214 580
215 190
215 205
215 450
215 502
215 516
215 594
215 599
216 81
216 110
216 161
216 364
216 380
216 446
216 515
217 81
217 221
217 303
217 308
217 371
217 479
217 525
218 57
218 254
218 463
218 482
218 508
218 529
218 547
219 165
219 346
219 466
219 486
219 487
219 571
219 587
220 277
220 321
220 357
220 384
220 404
220 431
220 553
221 107
221 217
221 329
221 495
221 513
221 514
221 558
222 320
222 402
222 403
222 516
222 521
222 545
222 550
223 261
223 313
223 348
223 504
223 542
223 555
223 594
224 89
224 112
224 189
224 318
224 321
224 457
224 506
225 382
225 426
225 437
225 456
225 466
225 512
225 580
226 32
226 198
226 406
226 448
226 535
226 589
226 592
227 12
227 45
227 294
227 353
227 383
227 445
227 501
228 33
228 126
228 229
228 339
228 464
228 498
228 585
229 228
229 443
229 463
229 492
229 500
229 515
229 556
230 92
230 343
230 350
230 409
230 519
230 545
230 566
231 31
231 408
231 418
231 424
231 456
231 592
231 596
232 256
232 458
232 522
232 539
232 547
232 567
232 599
233 10
233 328
233 343
233 478
233 484
233 580
233 582
234 262
234 270
234 328
234 409
234 497
234 585
234 589
235 291
235 329
235 470
235 519
235 562
235 575
235 598
236 11
236 176
236 208
236 527
236 548
236 571
236 588
237 250
237 332
237 415
237 510
237 523
237 545
237 582
238 201
238 268
238 454
238 542
238 544
238 562
238 568
239 287
239 317
239 323
239 435
239 520
239 543
239 560
240 70
240 188
240 401
240 541
240 551
240 560
240 577
241 284
241 334
241 362
241 384
241 421
241 541
241 595
242 86
242 140
242 364
242 368
242 461
242 526
242 567
243 149
243 162
243 366
243 423
243 469
243 496
243 503
244 323
244 329
244 331
244 396
244 422
244 562
244 575
245 158
245 312
245 327
245 335
245 530
245 556
245 596
246 383
246 421
246 461
246 539
246 549
246 568
246 576
247 292
247 345
247 535
247 569
247 579
247 590
247 594
248 138
248 264
248 265
248 270
248 325
248 410
248 505
249 210
249 213
249 459
249 534
249 549
249 551
249 591
250 34
250 237
250 294
250 434
250 539
250 581
250 589
251 410
251 424
251 471
251 530
251 541
251 570
251 596
252 162
252 254
252 350
252 514
252 520
252 537
252 579
253 274
253 432
253 458
253 476
253 500
253 530
253 556
254 218
254 252
254 333
254 355
254 429
254 496
254 508
255 39
255 49
255 277
255 285
255 501
255 562
255 568
256 232
256 285
256 390
256 395
256 462
256 491
256 565
257 372
257 400
257 465
257 534
257 539
257 575
257 591
258 100
258 115
258 175
258 177
258 475
258 487
258 502
259 28
259 444
259 482
259 554
259 567
259 582
259 599
260 21
260 40
260 54
260 153
260 441
260 466
260 580
261 223
261 327
261 366
261 469
261 527
261 566
261 581
262 234
262 291
262 432
262 472
262 504
262 512
262 534
263 41
263 191
263 206
263 213
263 278
263 437
263 483
264 248
264 296
264 385
264 411
264 432
264 488
264 505
265 11
265 248
265 455
265 463
265 495
265 543
265 594
266 90
266 147
266 376
266 464
266 514
266 518
266 595
267 103
267 202
267 286
267 381
267 453
267 459
267 483
268 238
268 400
268 416
268 532
268 544
268 547
268 552
269 48
269 72
269 287
269 369
269 499
269 532
269 548
270 110
270 121
270 234
270 248
270 326
270 398
270 554
271 167
271 367
271 483
271 492
271 500
271 515
271 559
272 84
272 311
272 324
272 402
272 461
272 490
272 519
273 31
273 469
273 476
273 546
273 551
273 560
273 577
274 253
274 384
274 411
274 500
274 508
274 530
274 556
275 276
275 303
275 388
275 434
275 508
275 529
275 556
276 117
276 214
276 275
276 290
276 558
276 559
276 570
277 220
277 255
277 358
277 364
277 447
277 576
277 598
278 263
278 471
278 475
278 488
278 545
278 574
278 596
279 196
279 403
279 422
279 424
279 562
279 563
279 575
280 281
280 334
280 453
280 497
280 513
280 589
280 590
281 133
281 280
281 331
281 337
281 524
281 564
281 597
282 25
282 190
282 336
282 394
282 496
282 564
282 582
283 78
283 314
283 384
283 528
283 535
283 543
283 584
284 109
284 241
284 327
284 466
284 487
284 559
284 598
285 255
285 256
285 378
285 430
285 498
285 588
285 590
286 94
286 160
286 267
286 359
286 421
286 447
286 583
287 239
287 269
287 338
287 343
287 383
287 532
287 548
288 107
288 326
288 342
288 445
288 484
288 515
288 592
289 41
289 66
289 122
289 292
289 351
289 423
289 518
289 567
290 87
290 276
290 312
290 359
290 394
290 495
290 570
290 586
291 195
291 235
291 262
291 309
291 509
291 549
291 574
291 586
292 51
292 247
292 289
292 376
292 386
292 433
292 495
292 531
293 146
293 167
293 412
293 438
293 453
293 502
293 559
293 570
294 4
294 227
294 250
294 303
294 396
294 474
294 491
294 525
295 102
295 135
295 329
295 470
295 553
295 562
295 563
295 575
296 32
296 264
296 316
296 407
296 473
296 578
296 589
296 590
297 128
297 366
297 427
297 455
297 514
297 525
297 555
297 572
298 173
298 337
298 347
298 408
298 474
298 545
298 586
298 596
299 184
299 378
299 446
299 475
299 487
299 521
299 587
299 596
300 53
300 62
300 143
300 186
300 191
300 314
300 389
300 520
301 350
301 409
301 433
301 472
301 512
301 542
301 552
301 580
302 3
302 315
302 385
302 391
302 490
302 498
302 519
302 527
303 44
303 119
303 217
303 275
303 294
303 388
303 434
303 557
304 214
304 337
304 344
304 475
304 490
304 521
304 545
304 598
305 20
305 330
305 413
305 429
305 473
305 479
305 499
305 544
306 37
306 42
306 118
306 400
306 445
306 504
306 534
306 591
307 57
307 365
307 511
307 522
307 564
307 567
307 587
307 595
308 82
308 217
308 407
308 428
308 514
308 525
308 547
308 566
309 12
309 291
309 405
309 439
309 489
309 503
309 509
309 574
310 102
310 341
310 373
310 413
310 493
310 542
310 549
310 579
311 108
311 272
311 335
311 342
311 397
311 420
311 461
311 490
312 21
312 171
312 245
312 290
312 359
312 437
312 570
312 583
313 223
313 432
313 456
313 464
313 479
313 525
313 537
313 566
314 0
314 55
314 85
314 190
314 283
314 300
314 404
314 423
315 302
315 450
315 488
315 528
315 537
315 551
315 560
315 577
316 150
316 296
316 328
316 463
316 496
316 535
316 578
316 585
317 56
317 108
317 239
317 410
317 474
317 494
317 503
317 543
318 224
318 463
318 470
318 496
318 499
318 526
318 563
318 594
319 33
319 82
319 147
319 339
319 464
319 469
319 569
319 593
320 222
320 367
320 452
320 488
320 541
320 564
320 582
320 585
321 220
321 224
321 346
321 357
321 404
321 444
321 540
321 593
322 164
322 462
322 486
322 492
322 549
322 572
322 579
322 588
323 87
323 93
323 239
323 244
323 404
323 424
323 514
323 595
324 5
324 272
324 359
324 375
324 512
324 559
324 570
324 580
325 86
325 248
325 326
325 400
325 432
325 459
325 465
325 591
326 166
326 270
326 288
326 325
326 489
326 512
326 580
326 587
327 245
327 261
327 284
327 363
327 500
327 530
327 556
327 579
328 233
328 234
328 316
328 410
328 475
328 535
328 569
328 578
329 15
329 149
329 221
329 235
329 244
329 295
329 468
329 471
330 96
330 172
330 305
330 424
330 485
330 496
330 502
330 584
331 10
331 244
331 281
331 382
331 401
331 489
331 566
331 598
332 77
332 237
332 371
332 399
332 500
332 510
332 523
332 597
333 254
333 344
333 455
333 496
333 511
333 547
333 589
333 594
334 29
334 88
334 241
334 280
334 374
334 434
334 451
334 569
335 85
335 111
335 245
335 311
335 500
335 511
335 530
335 556
336 6
336 282
336 438
336 451
336 482
336 566
336 582
336 585
337 114
337 281
337 298
337 304
337 338
337 456
337 521
337 586
338 38
338 287
338 337
338 389
338 447
338 462
338 480
338 565
338 588
339 33
339 142
339 228
339 319
339 376
339 403
339 518
339 523
339 583
340 48
340 80
340 151
340 369
340 370
340 449
340 532
340 538
340 563
341 137
341 183
341 310
341 388
341 413
341 424
341 493
341 531
341 553
342 87
342 288
342 311
342 425
342 438
342 461
342 490
342 519
342 527
343 83
343 179
343 201
343 230
343 233
343 287
343 454
343 532
343 580
344 121
344 304
344 333
344 347
344 403
344 415
344 488
344 545
344 596
345 187
345 247
345 348
345 467
345 480
345 569
345 578
345 583
345 595
346 49
346 114
346 219
346 321
346 423
346 539
346 567
346 568
346 599
347 36
347 205
347 298
347 344
347 392
347 408
347 418
347 446
347 488
348 88
348 192
348 223
348 345
348 362
348 434
348 497
348 511
348 589
349 50
349 350
349 352
349 377
349 439
349 477
349 516
349 553
349 556
350 162
350 204
350 230
350 252
350 301
350 349
350 495
350 545
350 566
351 178
351 289
351 353
351 356
351 448
351 486
351 535
351 569
351 590
352 136
352 349
352 406
352 496
352 499
352 546
352 547
352 594
352 598
353 227
353 351
353 388
353 434
353 453
353 474
353 508
353 540
353 573
354 148
354 421
354 464
354 494
354 504
354 540
354 541
354 554
354 593
355 173
355 176
355 182
355 254
355 392
355 430
355 447
355 490
355 585
356 84
356 156
356 196
356 351
356 395
356 442
356 502
356 516
356 536
357 220
357 321
357 381
357 458
357 471
357 522
357 536
357 562
357 576
358 72
358 156
358 159
358 163
358 172
358 277
358 447
358 547
358 555
359 13
359 151
359 182
359 286
359 290
359 312
359 324
359 376
359 517
360 42
360 74
360 125
360 145
360 169
360 371
360 437
360 501
360 510
361 86
361 385
361 400
361 415
361 459
361 465
361 534
361 576
361 591
362 106
362 120
362 130
362 139
362 241
362 348
362 427
362 448
362 590
363 16
363 45
363 327
363 365
363 378
363 391
363 500
363 530
363 556
364 216
364 242
364 277
364 392
364 533
364 536
364 565
364 568
364 575
365 140
365 307
365 363
365 404
365 529
365 533
365 536
365 546
365 589
366 52
366 83
366 243
366 261
366 297
366 373
366 374
366 476
366 561
367 79
367 179
367 180
367 271
367 320
367 368
367 436
367 451
367 564
368 127
368 242
368 367
368 370
368 454
368 502
368 555
368 558
368 590
369 144
369 159
369 269
369 340
369 448
369 450
369 459
369 538
369 557
370 50
370 340
370 368
370 389
370 429
370 442
370 467
370 526
370 557
371 74
371 217
371 332
371 360
371 415
371 503
371 510
371 523
371 567
372 66
372 150
372 257
372 398
372 473
372 485
372 511
372 516
372 529
373 60
373 183
373 310
373 366
373 401
373 424
373 460
373 493
373 497
374 29
374 123
374 334
374 366
374 468
374 497
374 506
374 585
374 590
375 125
375 132
375 324
375 382
375 452
375 454
375 528
375 569
375 577
376 170
376 206
376 213
376 266
376 292
376 339
376 359
376 477
376 527
377 81
377 349
377 444
377 485
377 499
377 526
377 557
377 559
377 591
378 9
378 18
378 63
378 285
378 299
378 363
378 401
378 438
378 493
379 153
379 210
379 419
379 426
379 454
379 512
379 517
379 540
379 559
380 81
380 99
380 161
380 216
380 414
380 466
380 530
380 533
380 597
381 128
381 149
381 267
381 357
381 467
381 483
381 559
381 562
381 583
382 52
382 225
382 331
382 375
382 414
382 443
382 524
382 596
382 598
383 227
383 246
383 287
383 482
383 533
383 546
383 570
383 576
383 588
383 599
384 108
384 220
384 241
384 274
384 283
384 393
384 590
384 593
384 595
384 597
385 264
385 302
385 361
385 397
385 433
385 472
385 481
385 505
385 519
385 553
386 82
386 85
386 147
386 292
386 390
386 437
386 479
386 527
386 531
386 585
387 23
387 117
387 128
387 427
387 467
387 540
387 558
387 583
387 586
387 596
388 89
388 90
388 210
388 275
388 303
388 341
388 353
388 514
388 581
388 599
389 39
389 62
389 101
389 143
389 300
389 338
389 370
389 460
389 507
389 513
390 51
390 194
390 195
390 256
390 386
390 430
390 447
390 491
390 522
390 564
391 3
391 302
391 363
391 393
391 425
391 461
391 485
391 490
391 519
391 527
392 170
392 347
392 355
392 364
392 393
392 447
392 515
392 572
392 587
392 588
393 87
393 384
393 391
393 392
393 398
393 417
393 485
393 520
393 543
393 583
394 133
394 282
394 290
394 484
394 507
394 534
394 557
394 592
394 597
394 598
395 65
395 195
395 256
395 356
395 463
395 477
395 526
395 529
395 554
395 557
396 146
396 244
396 294
396 417
396 468
396 470
396 517
396 562
396 563
396 575
397 9
397 137
397 311
397 385
397 416
397 432
397 505
397 542
397 544
397 572
398 110
398 270
398 372
398 393
398 421
398 472
398 494
398 535
398 563
398 584
399 74
399 145
399 204
399 332
399 415
399 510
399 523
399 526
399 593
399 596
400 125
400 257
400 268
400 306
400 325
400 361
400 451
400 459
400 497
400 591
401 102
401 240
401 331
401 373
401 378
401 438
401 460
401 462
401 493
401 505
402 122
402 222
402 272
402 487
402 488
402 521
402 545
402 553
402 563
402 596
403 222
403 279
403 339
403 344
403 408
403 475
403 520
403 521
403 576
403 596
404 187
404 220
404 314
404 321
404 323
404 365
404 501
404 533
404 537
404 576
405 141
405 142
405 193
405 309
405 473
405 503
405 509
405 549
405 563
405 574
406 156
406 192
406 208
406 226
406 352
406 439
406 499
406 543
406 547
406 574
407 65
407 79
407 128
407 296
407 308
407 476
407 525
407 555
407 556
407 566
408 25
408 231
408 298
408 347
408 403
408 454
408 487
408 544
408 569
408 596
409 1
409 193
409 230
409 234
409 301
409 429
409 476
409 479
409 558
409 566
410 147
410 248
410 251
410 317
410 328
410 417
410 459
410 520
410 554
410 587
411 11
411 129
411 264
411 274
411 433
411 450
411 472
411 481
411 552
411 561
412 100
412 209
412 293
412 488
412 533
412 554
412 558
412 570
412 571
412 586
413 18
413 109
413 120
413 183
413 305
413 310
413 341
413 435
413 453
413 460
414 16
414 38
414 380
414 382
414 515
414 524
414 526
414 531
414 548
414 553
414 592
415 65
415 169
415 237
415 344
415 361
415 371
415 399
415 510
415 523
415 538
415 590
416 24
416 112
416 123
416 268
416 397
416 417
416 504
416 511
416 544
416 552
416 585
417 59
417 165
417 393
417 396
417 410
417 416
417 452
417 471
417 494
417 520
417 593
418 15
418 172
418 201
418 213
418 231
418 347
418 456
418 475
418 487
418 488
418 545
419 76
419 153
419 161
419 379
419 452
419 483
419 525
419 540
419 559
419 583
419 586
420 3
420 46
420 199
420 311
420 445
420 461
420 490
420 497
420 519
420 527
420 568
421 75
421 205
421 241
421 246
421 286
421 354
421 398
421 441
421 541
421 584
421 593
422 26
422 48
422 113
422 244
422 279
422 430
422 468
422 470
422 559
422 562
422 563
423 85
423 88
423 97
423 104
423 243
423 289
423 314
423 346
423 431
423 531
423 573
424 8
424 231
424 251
424 279
424 323
424 330
424 341
424 373
424 543
424 584
424 593
425 122
425 141
425 157
425 342
425 391
425 490
425 503
425 509
425 531
425 549
425 574
426 71
426 77
426 175
426 225
426 379
426 486
426 550
426 565
426 571
426 579
426 588
427 60
427 130
427 297
427 362
427 387
427 480
427 560
427 567
427 569
427 589
427 595
428 60
428 164
428 185
428 308
428 528
428 534
428 553
428 574
428 577
428 597
428 598
429 58
429 184
429 254
429 305
429 370
429 409
429 442
429 469
429 477
429 485
429 528
430 22
430 198
430 208
430 285
430 355
430 390
430 422
430 485
430 514
430 550
430 579
431 41
431 168
431 220
431 423
431 494
431 511
431 533
431 567
431 572
431 576
431 599
432 44
432 81
432 106
432 253
432 262
432 264
432 313
432 325
432 397
432 457
432 581
433 94
433 211
433 292
433 301
433 385
433 411
433 464
433 472
433 504
433 548
433 552
434 12
434 46
434 250
434 275
434 303
434 334
434 348
434 353
434 474
434 494
434 581
435 7
435 63
435 137
435 239
435 413
435 438
435 460
435 550
435 571
435 587
435 596
436 25
436 62
436 367
436 440
436 448
436 451
436 452
436 465
436 530
436 564
436 582
437 206
437 225
437 263
437 312
437 360
437 386
437 481
437 518
437 531
437 573
437 581
438 7
438 18
438 183
438 293
438 336
438 342
438 378
438 401
438 435
438 460
438 552
439 3
439 62
439 309
439 349
439 406
439 442
439 496
439 505
439 516
439 575
439 594
440 79
440 107
440 180
440 436
440 441
440 444
440 451
440 481
440 510
440 564
440 582
441 13
441 149
441 153
441 260
441 421
441 440
441 481
441 492
441 559
441 567
441 583
442 20
442 356
442 370
442 429
442 439
442 444
442 487
442 565
442 594
442 595
442 598
443 4
443 23
443 95
443 166
443 229
443 382
443 505
443 566
443 572
443 592
443 597
444 67
444 160
444 259
444 321
444 377
444 440
444 442
444 458
444 533
444 539
444 567
445 18
445 133
445 227
445 288
445 306
445 420
445 452
445 489
445 507
445 592
445 597
446 24
446 43
446 45
446 216
446 299
446 347
446 460
446 487
446 521
446 596
446 598
447 22
447 208
447 277
447 286
447 338
447 355
447 358
447 390
447 392
447 454
447 491
447 582
448 29
448 72
448 226
448 351
448 362
448 369
448 436
448 480
448 511
448 565
448 590
448 595
449 83
449 121
449 183
449 202
449 203
449 214
449 340
449 450
449 461
449 478
449 539
449 548
450 83
450 171
450 179
450 215
450 315
450 369
450 411
450 449
450 480
450 532
450 538
450 548
451 69
451 163
451 169
451 199
451 334
451 336
451 367
451 400
451 436
451 440
451 454
451 582
452 20
452 69
452 199
452 320
452 375
452 417
452 419
452 436
452 445
452 564
452 582
452 585
453 125
453 148
453 267
453 280
453 293
453 353
453 413
453 467
453 558
453 570
453 583
453 597
454 238
454 343
454 368
454 375
454 379
454 408
454 447
454 451
454 492
454 540
454 570
454 586
455 59
455 110
455 265
455 297
455 333
455 458
455 464
455 494
455 568
455 584
455 593
455 595
456 5
456 24
456 97
456 115
456 198
456 225
456 231
456 313
456 337
456 418
456 545
456 596
457 42
457 106
457 127
457 129
457 148
457 224
457 432
457 472
457 504
457 506
457 509
457 588
458 23
458 153
458 232
458 253
458 357
458 444
458 455
458 482
458 501
458 533
458 546
458 592
459 182
459 249
459 267
459 325
459 361
459 369
459 400
459 410
459 465
459 494
459 591
459 598
460 137
460 373
460 389
460 401
460 413
460 435
460 438
460 446
460 469
460 493
460 524
460 548
461 242
461 246
461 272
461 311
461 342
461 391
461 420
461 449
461 490
461 519
461 527
461 573
462 45
462 190
462 256
462 322
462 338
462 401
462 465
462 491
462 550
462 572
462 579
462 593
463 100
463 163
463 218
463 229
463 265
463 316
463 318
463 395
463 485
463 526
463 557
463 583
464 17
464 71
464 105
464 228
464 266
464 313
464 319
464 354
464 433
464 455
464 517
464 518
465 1
465 32
465 61
465 177
465 257
465 325
465 361
465 436
465 459
465 462
465 534
465 591
466 176
466 219
466 225
466 260
466 284
466 380
466 489
466 507
466 515
466 568
466 569
466 598
467 21
467 34
467 100
467 173
467 180
467 345
467 370
467 381
467 387
467 453
467 492
467 570
468 329
468 374
468 396
468 422
468 470
468 484
468 499
468 534
468 543
468 562
468 563
468 575
469 99
469 162
469 243
469 261
469 273
469 319
469 429
469 460
469 500
469 555
469 561
469 564
469 566
470 144
470 209
470 235
470 295
470 318
470 396
470 422
470 468
470 491
470 562
470 563
470 575
470 581
471 6
471 75
471 176
471 197
471 251
471 278
471 329
471 357
471 417
471 541
471 575
471 584
471 593
472 47
472 262
472 301
472 385
472 398
472 411
472 433
472 457
472 506
472 515
472 579
472 591
472 596
473 36
473 37
473 67
473 296
473 305
473 372
473 405
473 499
473 506
473 511
473 529
473 555
473 557
474 0
474 68
474 90
474 200
474 294
474 298
474 317
474 353
474 434
474 508
474 560
474 581
474 583
475 43
475 177
475 258
475 278
475 299
475 304
475 328
475 403
475 418
475 477
475 488
475 556
475 559
476 46
476 134
476 144
476 149
476 253
476 273
476 366
476 407
476 409
476 479
476 495
476 561
476 589
477 20
477 104
477 140
477 349
477 376
477 395
477 429
477 475
477 526
477 541
477 547
477 557
477 580
478 54
478 151
478 156
478 159
478 171
478 179
478 203
478 233
478 449
478 483
478 502
478 532
478 572
479 89
479 149
479 217
479 305
479 313
479 386
479 409
479 476
479 495
479 531
479 537
479 561
479 565
480 139
480 147
480 178
480 338
480 345
480 427
480 448
480 450
480 548
480 568
480 578
480 590
480 598
481 20
481 112
481 120
481 127
481 385
481 411
481 437
481 440
481 441
481 504
481 505
481 512
481 544
482 2
482 57
482 83
482 218
482 259
482 336
482 383
482 458
482 518
482 533
482 546
482 579
482 599
483 19
483 58
483 160
483 209
483 263
483 267
483 271
483 381
483 419
483 478
483 517
483 576
483 583
484 126
484 166
484 194
484 233
484 288
484 394
484 468
484 507
484 512
484 518
484 553
484 597
484 598
485 38
485 330
485 372
485 377
485 391
485 393
485 429
485 430
485 463
485 499
485 502
485 528
485 529
486 31
486 157
486 219
486 322
486 351
486 426
486 491
486 493
486 498
486 571
486 585
486 587
486 588
487 114
487 204
487 219
487 258
487 284
487 299
487 402
487 408
487 418
487 442
487 446
487 509
487 582
487 596
488 114
488 264
488 278
488 315
488 320
488 344
488 347
488 402
488 412
488 418
488 475
488 499
488 545
488 559
489 54
489 141
489 309
489 326
489 331
489 445
489 466
489 501
489 507
489 522
489 529
489 591
489 597
489 598
490 165
490 272
490 302
490 304
490 311
490 342
490 355
490 391
490 420
490 425
490 461
490 519
490 527
490 596
491 30
491 37
491 98
491 256
491 294
491 390
491 447
491 462
491 470
491 486
491 494
491 558
491 565
491 587
492 136
492 229
492 271
492 322
492 441
492 454
492 467
492 497
492 517
492 554
492 558
492 570
492 580
492 583
493 7
493 63
493 102
493 161
493 310
493 341
493 373
493 378
493 401
493 460
493 486
493 548
493 556
493 581
494 36
494 138
494 175
494 317
494 354
494 398
494 417
494 431
494 434
494 455
494 459
494 491
494 584
494 587
495 17
495 76
495 113
495 171
495 187
495 221
495 265
495 290
495 292
495 350
495 476
495 479
495 537
495 561
496 37
496 243
496 254
496 282
496 316
496 318
496 330
496 333
496 352
496 439
496 502
496 505
496 577
496 594
497 69
497 101
497 139
497 212
497 234
497 280
497 348
497 373
497 374
497 400
497 420
497 492
497 585
497 589
498 12
498 47
498 58
498 150
498 228
498 285
498 302
498 486
498 511
498 550
498 565
498 572
498 579
498 588
499 63
499 269
499 305
499 318
499 352
499 377
499 406
499 468
499 473
499 485
499 488
499 557
499 586
499 594
500 109
500 110
500 229
500 253
500 271
500 274
500 327
500 332
500 335
500 363
500 469
500 530
500 556
500 594
501 114
501 188
501 205
501 227
501 255
501 360
501 404
501 458
501 489
501 506
501 511
501 522
501 561
501 568
502 186
502 192
502 215
502 258
502 293
502 330
502 356
502 368
502 478
502 485
502 496
502 526
502 538
502 557
503 35
503 195
503 243
503 309
503 317
503 371
503 405
503 425
503 506
503 509
503 538
503 549
503 574
503 592
504 84
504 103
504 120
504 184
504 223
504 262
504 306
504 354
504 416
504 433
504 457
504 481
504 507
504 513
505 123
505 207
505 248
505 264
505 385
505 397
505 401
505 439
505 443
505 481
505 496
505 544
505 552
505 570
506 155
506 178
506 224
506 374
506 457
506 472
506 473
506 501
506 503
506 526
506 536
506 544
506 578
506 599
507 73
507 103
507 211
507 389
507 394
507 445
507 466
507 484
507 489
507 504
507 524
507 550
507 557
507 592
508 4
508 34
508 35
508 66
508 90
508 218
508 254
508 274
508 275
508 353
508 474
508 534
508 555
508 581
509 96
509 157
509 164
509 189
509 291
509 309
509 405
509 425
509 457
509 487
509 503
509 518
509 549
509 571
509 574
510 65
510 75
510 151
510 169
510 237
510 332
510 360
510 371
510 399
510 415
510 440
510 513
510 515
510 523
510 589
511 50
511 146
511 307
511 333
511 335
511 348
511 372
511 416
511 431
511 448
511 473
511 498
511 501
511 547
511 572
512 2
512 47
512 49
512 98
512 161
512 225
512 262
512 301
512 324
512 326
512 379
512 481
512 484
512 538
512 598
513 39
513 53
513 62
513 101
513 116
513 123
513 143
513 184
513 186
513 221
513 280
513 389
513 504
513 510
513 530
514 1
514 15
514 59
514 78
514 187
514 221
514 252
514 266
514 297
514 308
514 323
514 388
514 430
514 537
514 555
515 54
515 216
515 229
515 271
515 288
515 392
515 414
515 466
515 472
515 510
515 524
515 567
515 585
515 592
515 597
516 7
516 48
516 124
516 150
516 215
516 222
516 349
516 356
516 372
516 439
516 525
516 526
516 529
516 551
516 594
517 13
517 27
517 159
517 359
517 379
517 396
517 464
517 483
517 492
517 520
517 540
517 570
517 583
517 586
517 592
518 0
518 19
518 147
518 163
518 206
518 266
518 289
518 339
518 437
518 464
518 482
518 484
518 509
518 524
518 599
519 46
519 85
519 150
519 230
519 235
519 272
519 302
519 342
519 385
519 391
519 420
519 461
519 490
519 521
519 527
520 148
520 197
520 200
520 239
520 252
520 300
520 393
520 403
520 410
520 417
520 517
520 522
520 543
520 554
520 593
521 53
521 155
521 162
521 177
521 222
521 299
521 304
521 337
521 402
521 403
521 446
521 519
521 565
521 590
521 596
522 88
522 124
522 191
522 232
522 307
522 357
522 390
522 489
522 501
522 520
522 539
522 546
522 574
522 582
522 599
523 65
523 69
523 119
523 145
523 169
523 177
523 237
523 332
523 339
523 371
523 399
523 415
523 510
523 531
523 557
524 16
524 64
524 174
524 192
524 281
524 382
524 414
524 460
524 507
524 515
524 518
524 529
524 580
524 582
524 591
525 1
525 30
525 97
525 99
525 124
525 193
525 217
525 294
525 297
525 308
525 313
525 407
525 419
525 516
525 555
526 77
526 242
526 318
526 370
526 377
526 395
526 399
526 414
526 463
526 477
526 502
526 506
526 516
526 530
526 541
527 46
527 50
527 132
527 236
527 261
527 302
527 342
527 376
527 386
527 391
527 420
527 461
527 490
527 519
527 533
528 29
528 70
528 93
528 113
528 136
528 200
528 283
528 315
528 375
528 428
528 429
528 485
528 551
528 560
528 577
529 37
529 140
529 191
529 192
529 218
529 275
529 365
529 372
529 395
529 473
529 485
529 489
529 516
529 524
529 587
529 593
530 45
530 116
530 158
530 245
530 251
530 253
530 274
530 327
530 335
530 363
530 380
530 436
530 500
530 513
530 526
530 556
531 17
531 55
531 97
531 104
531 126
531 145
531 292
531 341
531 386
531 414
531 423
531 425
531 437
531 479
531 523
531 573
532 115
532 116
532 121
532 161
532 203
532 268
532 269
532 287
532 340
532 343
532 450
532 478
532 536
532 548
532 561
532 580
533 10
533 32
533 124
533 199
533 364
533 365
533 380
533 383
533 404
533 412
533 431
533 444
533 458
533 482
533 527
533 539
534 42
534 61
534 118
534 182
534 249
534 257
534 262
534 306
534 361
534 394
534 428
534 465
534 468
534 508
534 536
534 591
535 17
535 88
535 182
535 226
535 247
535 283
535 316
535 328
535 351
535 398
535 544
535 562
535 569
535 578
535 585
535 589
536 2
536 356
536 357
536 364
536 365
536 506
536 532
536 534
536 546
536 549
536 567
536 568
536 576
536 578
536 588
536 599
537 70
537 76
537 187
537 252
537 313
537 315
537 404
537 479
537 495
537 514
537 540
537 555
537 561
537 566
537 585
537 599
538 9
538 36
538 121
538 129
538 151
538 198
538 212
538 340
538 369
538 415
538 450
538 502
538 503
538 512
538 546
538 580
539 49
539 57
539 205
539 232
539 246
539 250
539 257
539 346
539 444
539 449
539 522
539 533
539 561
539 566
539 568
539 595
540 100
540 127
540 154
540 166
540 167
540 209
540 321
540 353
540 354
540 379
540 387
540 419
540 454
540 517
540 537
540 557
541 87
541 148
541 155
541 175
541 240
541 241
541 251
541 320
541 354
541 421
541 471
541 477
541 526
541 554
541 567
541 593
542 84
542 123
542 181
542 189
542 201
542 207
542 223
542 238
542 301
542 310
542 397
542 547
542 561
542 566
542 567
542 599
543 8
543 22
543 26
543 28
543 61
543 168
543 175
543 239
543 265
543 283
543 317
543 393
543 406
543 424
543 468
543 520
543 558
544 89
544 120
544 189
544 197
544 203
544 207
544 238
544 268
544 305
544 397
544 408
544 416
544 481
544 505
544 506
544 535
544 576
545 86
545 92
545 141
545 222
545 230
545 237
545 278
545 298
545 304
545 344
545 350
545 402
545 418
545 456
545 488
545 590
545 596
546 47
546 56
546 76
546 152
546 273
546 352
546 365
546 383
546 458
546 482
546 522
546 536
546 538
546 568
546 575
546 576
546 597
547 67
547 140
547 142
547 158
547 172
547 218
547 232
547 268
547 308
547 333
547 352
547 358
547 406
547 477
547 511
547 542
547 589
548 9
548 10
548 36
548 144
548 214
548 236
548 269
548 287
548 414
548 433
548 449
548 450
548 460
548 480
548 493
548 532
548 595
549 22
549 35
549 141
549 143
549 157
549 195
549 246
549 249
549 291
549 310
549 322
549 405
549 425
549 503
549 509
549 536
549 574
550 21
550 52
550 98
550 139
550 165
550 167
550 194
550 222
550 426
550 430
550 435
550 462
550 498
550 507
550 552
550 579
550 587
551 25
551 27
551 31
551 43
551 80
551 136
551 183
551 188
551 200
551 240
551 249
551 273
551 315
551 516
551 528
551 560
551 577
552 13
552 24
552 59
552 84
552 94
552 129
552 164
552 181
552 268
552 301
552 411
552 416
552 433
552 438
552 505
552 550
552 577
553 14
553 54
553 64
553 73
553 154
553 185
553 211
553 220
553 295
553 341
553 349
553 385
553 402
553 414
553 428
553 484
553 598
554 11
554 59
554 131
554 155
554 163
554 259
554 270
554 354
554 395
554 410
554 412
554 492
554 520
554 541
554 579
554 584
554 593
555 91
555 94
555 107
555 134
555 135
555 154
555 223
555 297
555 358
555 368
555 407
555 469
555 473
555 508
555 514
555 525
555 537
555 561
556 74
556 158
556 229
556 245
556 253
556 274
556 275
556 327
556 335
556 349
556 363
556 407
556 475
556 493
556 500
556 530
556 568
556 575
557 72
557 163
557 303
557 369
557 370
557 377
557 394
557 395
557 463
557 473
557 477
557 499
557 502
557 507
557 523
557 540
557 583
557 594
558 5
558 19
558 40
558 127
558 158
558 192
558 221
558 276
558 368
558 387
558 409
558 412
558 453
558 491
558 492
558 543
558 570
558 586
559 134
559 271
559 276
559 284
559 293
559 324
559 377
559 379
559 381
559 419
559 422
559 441
559 475
559 488
559 566
559 583
559 586
559 587
560 1
560 31
560 43
560 70
560 80
560 132
560 200
560 206
560 239
560 240
560 273
560 315
560 427
560 474
560 528
560 551
560 577
560 597
560 598
561 76
561 92
561 112
561 126
561 134
561 193
561 366
561 411
561 469
561 476
561 479
561 495
561 501
561 532
561 537
561 539
561 542
561 555
561 563
562 14
562 168
562 235
562 238
562 244
562 255
562 279
562 295
562 357
562 381
562 396
562 422
562 468
562 470
562 535
562 563
562 568
562 575
562 593
563 8
563 15
563 113
563 167
563 168
563 279
563 295
563 318
563 340
563 396
563 398
563 402
563 405
563 422
563 468
563 470
563 561
563 562
563 575
564 6
564 25
564 148
564 167
564 168
564 180
564 281
564 282
564 307
564 320
564 367
564 390
564 436
564 440
564 452
564 469
564 582
564 585
564 594
565 22
565 30
565 52
565 64
565 129
565 170
565 256
565 338
565 364
565 426
565 442
565 448
565 479
565 491
565 498
565 521
565 572
565 579
565 597
566 91
566 92
566 107
566 153
566 230
566 261
566 308
566 313
566 331
566 336
566 350
566 407
566 409
566 443
566 469
566 537
566 539
566 542
566 559
567 152
567 155
567 169
567 232
567 242
567 259
567 289
567 307
567 346
567 371
567 427
567 431
567 441
567 444
567 515
567 536
567 541
567 542
567 568
568 152
568 191
568 238
568 246
568 255
568 346
568 364
568 420
568 455
568 466
568 480
568 501
568 536
568 539
568 546
568 556
568 562
568 567
568 599
569 5
569 34
569 119
569 131
569 202
569 212
569 247
569 319
569 328
569 334
569 345
569 351
569 375
569 408
569 427
569 466
569 535
569 577
569 578
569 590
570 75
570 78
570 115
570 251
570 276
570 290
570 293
570 312
570 324
570 383
570 412
570 453
570 454
570 467
570 492
570 505
570 517
570 558
570 573
570 580
571 30
571 73
571 77
571 92
571 135
571 173
571 219
571 236
571 412
571 426
571 435
571 486
571 509
571 572
571 573
571 578
571 579
571 584
571 586
571 588
572 38
572 51
572 58
572 71
572 73
572 165
572 297
572 322
572 392
572 397
572 431
572 443
572 462
572 478
572 498
572 511
572 565
572 571
572 577
572 587
573 0
573 17
573 19
573 41
573 61
573 68
573 71
573 82
573 93
573 97
573 142
573 353
573 423
573 437
573 461
573 531
573 570
573 571
573 574
573 584
574 3
574 8
574 67
574 96
574 141
574 157
574 195
574 278
574 291
574 309
574 405
574 406
574 425
574 428
574 503
574 509
574 522
574 549
574 573
574 593
575 15
575 29
575 113
575 168
575 194
575 235
575 244
575 257
575 279
575 295
575 364
575 396
575 439
575 468
575 470
575 471
575 546
575 556
575 562
575 563
576 91
576 124
576 133
576 146
576 170
576 188
576 205
576 246
576 277
576 357
576 361
576 383
576 403
576 404
576 431
576 483
576 536
576 544
576 546
576 593
576 599
577 43
577 80
577 132
577 136
577 154
577 189
577 200
577 240
577 273
577 315
577 375
577 428
577 496
577 528
577 551
577 552
577 560
577 569
577 572
577 581
577 593
578 4
578 32
578 63
578 111
578 173
578 211
578 212
578 296
578 316
578 328
578 345
578 480
578 506
578 535
578 536
578 569
578 571
578 584
578 589
578 590
578 595
579 52
579 77
579 173
579 176
579 247
579 252
579 310
579 322
579 327
579 426
579 430
579 462
579 472
579 482
579 498
579 550
579 554
579 565
579 571
579 588
579 591
580 9
580 27
580 95
580 185
580 214
580 225
580 233
580 260
580 301
580 324
580 326
580 343
580 477
580 492
580 524
580 532
580 538
580 570
580 584
580 595
580 597
581 4
581 12
581 44
581 66
581 68
581 144
581 196
581 207
581 210
581 250
581 261
581 388
581 432
581 434
581 437
581 470
581 474
581 493
581 508
581 577
581 595
582 6
582 69
582 79
582 118
582 199
582 233
582 237
582 259
582 282
582 320
582 336
582 436
582 440
582 447
582 451
582 452
582 487
582 522
582 524
582 564
582 585
582 598
583 101
583 117
583 125
583 286
583 312
583 339
583 345
583 381
583 387
583 393
583 419
583 441
583 453
583 463
583 474
583 483
583 492
583 517
583 557
583 559
583 586
583 595
584 26
584 57
584 75
584 131
584 152
584 197
584 283
584 330
584 398
584 421
584 424
584 455
584 471
584 494
584 554
584 571
584 573
584 578
584 580
584 593
584 594
584 595
585 102
585 111
585 180
585 199
585 202
585 228
585 234
585 316
585 320
585 336
585 355
585 374
585 386
585 416
585 452
585 486
585 497
585 515
585 535
585 537
585 564
585 582
586 40
586 105
586 109
586 111
586 160
586 209
586 290
586 291
586 298
586 337
586 387
586 412
586 419
586 454
586 499
586 517
586 558
586 559
586 571
586 583
586 590
586 591
587 38
587 73
587 98
587 135
587 170
587 194
587 208
587 209
587 219
587 299
587 307
587 326
587 392
587 410
587 435
587 486
587 491
587 494
587 529
587 550
587 559
587 572
587 588
588 0
588 21
588 58
588 135
588 177
588 181
588 186
588 236
588 285
588 322
588 338
588 383
588 392
588 426
588 457
588 486
588 498
588 536
588 571
588 579
588 587
588 590
588 598
589 14
589 28
589 166
589 178
589 202
589 226
589 234
589 250
589 280
589 296
589 333
589 348
589 365
589 427
589 476
589 497
589 510
589 535
589 547
589 578
589 590
589 594
589 596
590 28
590 82
590 108
590 247
590 280
590 285
590 296
590 351
590 362
590 368
590 374
590 384
590 415
590 448
590 480
590 521
590 545
590 569
590 578
590 586
590 588
590 589
590 595
591 42
591 61
591 86
591 118
591 131
591 145
591 182
591 249
591 257
591 306
591 325
591 361
591 377
591 400
591 459
591 465
591 472
591 489
591 524
591 534
591 579
591 586
591 595
592 23
592 27
592 130
592 143
592 154
592 164
592 175
592 179
592 185
592 196
592 211
592 226
592 231
592 288
592 394
592 414
592 443
592 445
592 458
592 503
592 507
592 515
592 517
592 597
593 5
593 11
593 26
593 138
593 319
593 321
593 354
593 384
593 399
593 417
593 421
593 424
593 455
593 462
593 471
593 520
593 529
593 541
593 554
593 562
593 574
593 576
593 577
593 584
594 67
594 72
594 150
594 156
594 174
594 190
594 194
594 215
594 223
594 247
594 265
594 318
594 333
594 352
594 439
594 442
594 496
594 499
594 500
594 516
594 557
594 564
594 584
594 589
594 595
595 28
595 78
595 131
595 178
595 212
595 241
595 266
595 307
595 323
595 345
595 384
595 427
595 442
595 448
595 455
595 539
595 548
595 578
595 580
595 581
595 583
595 584
595 590
595 591
595 594
596 24
596 96
596 115
596 231
596 245
596 251
596 278
596 298
596 299
596 344
596 382
596 387
596 399
596 402
596 403
596 408
596 435
596 446
596 456
596 472
596 487
596 490
596 521
596 545
596 589
597 16
597 23
597 47
597 68
597 154
597 162
597 190
597 281
597 332
597 380
597 384
597 394
597 428
597 443
597 445
597 453
597 484
597 489
597 515
597 546
597 560
597 565
597 580
597 592
597 598
598 14
598 60
598 174
598 235
598 277
598 284
598 304
598 331
598 352
598 382
598 394
598 428
598 442
598 446
598 459
598 466
598 480
598 484
598 489
598 512
598 553
598 560
598 582
598 588
598 597
599 13
599 33
599 56
599 112
599 146
599 155
599 187
599 188
599 206
599 215
599 232
599 259
599 346
599 383
599 388
599 431
599 482
599 506
599 518
599 522
599 536
599 537
599 542
599 568
599 576
