90 187
371 484
356 535
319 360
450 457
103 513
198 572
259 584
519 580
498 509
267 463
225 345
306 570
200 478
226 578
465 528
418 508
237 520
444 581
262 580
438 570
293 466
300 575
121 417
369 498
254 413
479 567
302 322
308 599
442 577
376 559
398 576
4 565
102 580
345 465
544 561
256 477
323 525
547 567
413 516
531 596
38 580
58 469
383 582
351 553
63 580
432 599
253 523
414 502
127 589
332 555
369 492
82 446
390 399
105 442
278 560
106 565
198 536
272 308
311 390
356 476
285 413
115 344
131 520
69 225
436 507
547 596
105 588
342 596
406 588
106 591
319 476
57 88
121 558
168 324
262 498
248 573
68 591
132 599
410 432
52 560
25 594
114 543
232 557
304 581
195 589
287 388
304 468
285 580
414 466
401 516
404 535
186 590
450 564
237 582
382 555
292 311
205 541
43 277
414 577
92 580
575 581
542 567
358 468
584 595
542 582
82 599
292 561
7 94
227 498
71 520
592 594
422 595
6 585
337 422
356 360
85 310
332 497
406 413
506 531
358 528
398 561
272 565
127 535
383 418
57 559
557 575
103 494
292 293
347 463
351 399
267 436
434 457
262 519
434 558
58 585
430 578
401 495
588 597
292 551
48 584
323 478
342 531
181 361
507 592
311 576
269 535
195 553
286 544
273 541
557 561
184 436
424 558
476 536
347 586
186 267
541 569
28 492
104 586
484 560
195 360
22 572
237 547
92 509
151 578
98 586
287 473
358 491
412 413
34 277
399 543
491 534
535 553
414 540
113 492
300 342
380 575
257 535
457 495
370 581
459 585
304 534
505 507
412 577
470 552
71 113
573 581
391 591
433 572
199 536
460 575
485 513
307 404
6 551
300 333
545 592
270 444
534 557
193 559
382 528
401 460
132 308
565 591
430 469
412 544
380 589
235 466
102 509
410 506
259 361
14 509
225 570
371 519
460 557
337 494
531 585
363 516
34 572
4 591
149 572
463 545
307 534
535 589
100 103
56 592
43 596
561 588
503 582
385 419
577 588
288 524
502 543
50 599
436 502
221 467
455 513
98 286
460 547
384 562
442 585
360 476
380 460
224 385
267 521
34 331
417 433
273 482
63 496
552 562
223 547
10 457
413 540
8 575
470 582
274 491
316 351
425 544
544 576
193 524
251 597
306 357
192 499
52 554
331 597
542 594
497 541
533 555
381 558
20 594
82 320
446 506
525 578
470 492
347 531
370 570
539 589
523 564
134 599
434 523
4 554
11 584
430 551
91 365
221 588
293 564
115 556
132 374
438 498
152 332
426 538
463 494
219 538
264 576
48 503
307 460
147 269
516 565
520 560
154 345
268 596
15 258
434 514
254 596
366 477
497 527
82 419
317 541
232 460
94 555
260 473
558 559
232 347
550 580
332 507
228 594
138 524
549 558
455 586
260 564
317 506
104 505
205 463
312 597
409 509
210 502
281 545
72 528
370 438
430 568
489 599
404 550
323 590
10 524
413 577
69 404
34 67
363 564
514 547
434 559
453 465
254 585
437 439
224 556
105 511
322 418
342 508
175 457
576 577
78 554
50 280
68 516
306 315
312 505
347 455
114 454
531 542
145 520
184 541
477 573
495 505
502 559
3 519
249 439
438 465
497 555
142 323
149 542
258 288
339 589
545 573
358 570
412 588
469 525
326 595
491 528
214 528
430 589
311 544
245 359
444 460
88 564
56 541
57 324
558 594
336 509
200 348
311 454
131 571
459 595
172 469
307 573
1 528
492 519
562 582
257 482
524 541
306 439
434 576
219 417
135 525
250 319
144 224
276 466
316 422
422 543
258 596
208 545
342 572
56 555
552 592
205 555
262 434
293 302
117 554
101 507
72 570
398 540
204 385
8 33
310 573
259 573
226 430
278 554
323 536
113 519
333 581
380 590
417 572
177 476
20 171
222 470
250 432
433 557
433 446
503 584
56 569
137 280
380 581
513 536
300 569
470 562
401 556
383 547
360 578
71 571
239 565
43 599
135 485
317 599
147 597
258 359
115 479
469 578
382 438
293 473
336 538
102 492
109 342
238 245
24 513
187 479
560 595
44 444
105 576
90 436
20 565
590 595
287 564
109 596
391 538
450 558
551 578
536 595
270 582
514 586
204 592
52 556
383 585
253 514
418 569
238 585
3 580
544 577
559 571
28 580
569 575
476 553
316 597
478 572
414 594
507 553
524 558
410 439
267 482
235 540
1 559
117 528
198 307
457 577
14 336
516 591
222 552
410 446
238 439
442 466
287 302
436 545
137 580
7 561
69 535
482 565
92 591
1 371
239 455
439 588
138 514
257 599
385 560
221 580
135 430
356 553
238 359
94 552
514 558
232 534
584 597
567 580
324 554
200 536
390 543
562 571
468 573
485 505
478 536
249 253
485 586
312 347
564 585
466 540
187 288
273 545
418 596
557 573
476 516
413 576
380 399
114 351
333 575
270 479
182 589
535 540
383 531
573 575
82 506
319 589
107 597
346 391
22 544
336 369
446 576
250 506
132 250
142 578
363 556
91 586
455 485
293 591
267 592
311 554
101 184
555 591
78 232
582 584
417 535
327 390
385 484
502 551
545 572
359 508
534 542
404 589
168 590
324 433
78 565
280 492
463 467
376 491
543 597
342 547
363 538
262 336
253 594
573 586
226 551
412 556
142 509
310 468
359 498
182 553
222 485
168 572
227 433
238 531
50 317
394 590
91 453
384 552
336 492
516 526
361 562
469 551
225 438
390 422
51 529
214 570
127 337
292 588
457 523
248 534
398 401
238 287
479 595
499 506
327 543
473 564
383 596
63 554
482 497
484 509
28 498
90 596
436 482
147 186
370 452
214 573
454 561
454 576
348 520
148 477
115 473
50 446
309 590
241 339
174 562
304 573
278 586
490 542
127 553
311 540
351 432
151 354
48 470
450 588
327 459
552 582
442 588
222 589
194 412
466 588
289 538
534 581
44 228
104 401
412 506
4 28
370 502
540 561
246 534
302 473
68 420
305 523
524 569
309 592
442 454
406 544
227 536
33 534
160 410
329 565
60 419
278 494
43 567
28 590
109 479
256 582
277 543
524 560
177 561
265 361
467 571
470 580
0 336
36 556
277 497
137 492
85 430
382 565
145 560
457 467
241 494
22 414
524 559
285 403
195 576
361 450
293 499
132 506
388 473
391 523
285 591
343 455
346 591
292 519
495 589
371 467
522 586
49 363
263 589
103 455
198 323
255 310
384 496
572 590
593 599
478 548
345 528
507 545
539 591
149 348
520 523
337 449
88 216
342 359
141 573
269 584
41 339
459 531
578 593
121 587
339 508
495 586
186 565
7 577
523 559
417 482
477 584
22 540
463 497
71 193
60 310
63 278
4 285
434 571
272 418
452 465
223 406
385 520
477 503
446 599
101 578
50 503
333 506
541 555
52 520
382 452
479 508
245 596
339 553
310 581
576 588
468 581
286 580
555 592
3 499
523 594
434 557
455 495
477 595
567 597
8 239
58 227
380 557
542 559
182 581
195 356
401 485
555 561
258 585
88 473
398 442
49 591
107 209
235 491
538 547
467 514
138 558
567 570
473 584
535 557
249 446
199 551
419 478
519 597
332 385
376 528
370 585
85 525
307 575
106 494
327 337
181 582
57 149
241 589
24 544
418 495
78 573
172 578
94 503
348 572
538 565
484 594
361 584
398 399
111 452
312 513
419 554
300 581
209 597
208 497
257 498
237 523
398 406
58 142
384 544
524 525
219 433
564 571
249 599
418 531
369 509
209 276
248 356
260 267
78 534
171 208
482 541
528 560
454 577
33 477
306 561
308 317
171 184
43 585
100 241
528 567
222 562
412 561
147 346
463 555
467 556
273 592
181 562
14 519
536 590
508 531
72 452
309 558
344 564
507 541
347 513
113 390
85 578
466 580
432 439
385 554
556 586
254 288
225 465
278 581
544 588
547 595
182 444
228 444
585 596
214 438
485 555
344 571
577 595
270 503
417 478
418 567
276 390
260 344
69 547
382 570
457 559
424 577
482 545
67 597
446 502
51 482
507 555
406 576
467 594
177 553
494 589
578 599
109 138
182 543
223 459
410 599
102 241
308 506
309 569
292 412
132 595
466 561
492 576
286 592
14 430
476 569
312 586
250 599
345 536
452 562
508 567
312 569
171 545
523 558
358 465
144 359
452 491
556 558
307 581
344 388
567 585
200 531
399 422
398 479
25 467
67 584
508 590
505 516
288 569
135 581
227 572
463 541
199 578
468 575
478 542
503 562
414 588
38 519
477 552
272 410
224 552
316 390
135 578
360 370
254 473
111 560
558 572
270 562
419 520
333 573
319 404
302 564
502 555
109 545
280 369
419 467
369 439
298 544
113 509
557 581
434 508
531 547
434 594
104 568
135 520
495 513
459 567
25 571
151 469
244 508
562 595
182 356
327 499
384 581
447 576
457 481
406 442
63 560
444 534
102 469
546 586
505 544
221 526
497 592
259 369
137 519
249 445
376 382
84 506
436 447
497 545
280 580
207 508
371 559
101 532
305 588
288 382
147 565
496 497
204 514
252 361
514 523
38 547
516 538
459 596
297 369
335 457
444 557
361 582
505 553
221 498
465 491
433 575
587 599
219 590
240 457
363 533
502 567
484 595
494 524
208 507
573 577
49 346
214 545
324 417
266 557
157 351
322 564
2 556
505 586
253 359
570 596
60 554
131 554
287 344
470 551
127 450
151 505
393 494
216 594
527 578
199 525
554 556
205 592
444 468
48 474
449 476
528 570
412 572
117 560
300 573
328 536
285 363
346 363
114 597
478 583
371 523
145 586
222 584
100 269
72 294
269 553
238 407
481 597
467 550
177 458
506 599
181 552
534 563
187 362
465 471
462 590
285 538
291 581
400 582
38 498
457 571
478 590
501 577
172 551
561 576
345 570
552 584
523 524
70 391
38 582
8 565
470 584
223 479
280 575
468 534
248 557
106 567
553 569
348 536
221 262
139 543
491 599
239 285
363 391
226 478
67 277
569 571
370 382
151 199
68 316
345 516
232 573
376 438
433 590
200 590
224 250
259 470
257 553
138 543
269 589
556 569
88 322
398 466
111 385
424 585
286 505
145 484
171 555
139 514
491 570
228 575
536 572
376 452
547 585
151 551
514 594
145 544
327 422
505 514
492 553
477 582
104 502
418 577
399 417
245 390
360 404
452 570
288 459
541 592
235 414
228 557
245 585
232 424
371 424
371 594
51 592
253 479
111 554
312 495
520 595
6 578
48 558
270 552
286 586
485 495
91 485
384 584
106 516
256 562
60 520
332 485
177 589
369 438
276 597
51 463
508 596
419 560
499 596
139 551
401 586
502 594
503 506
257 404
384 582
477 562
277 597
336 580
351 597
502 597
554 560
404 575
344 588
219 584
24 586
369 580
121 286
380 573
326 575
542 543
139 597
391 572
326 590
383 508
168 227
439 446
562 578
540 576
44 477
235 577
52 582
499 555
391 565
214 376
370 465
226 586
239 538
256 503
44 468
417 590
519 581
198 590
484 497
144 534
20 168
540 551
356 541
484 554
401 455
24 485
117 131
525 551
454 588
293 322
222 582
260 520
69 589
507 513
260 388
142 469
513 540
339 476
436 578
219 572
237 256
94 582
509 560
139 351
6 525
306 599
223 585
502 528
438 491
360 589
424 597
536 592
351 442
121 347
33 380
337 467
193 492
383 588
499 524
436 592
332 545
280 519
1 499
257 476
479 547
107 337
209 543
469 592
142 430
131 484
442 460
90 567
278 484
100 339
101 555
172 525
503 552
406 561
391 516
438 508
276 399
322 499
347 505
147 516
225 594
460 581
524 594
300 388
256 599
90 195
272 439
391 491
396 584
346 597
271 406
371 583
544 595
103 505
450 567
569 589
507 586
398 474
348 590
422 492
23 422
8 304
134 432
514 595
550 582
115 388
542 566
337 597
139 193
176 256
505 513
513 586
454 497
314 556
388 458
179 455
237 576
187 577
283 466
37 538
98 495
239 313
459 514
542 584
433 536
298 572
249 272
141 323
91 495
422 597
558 571
483 585
214 491
531 535
143 591
248 455
337 583
196 559
414 439
218 450
221 492
276 316
80 495
465 570
248 310
253 571
414 454
127 541
509 519
537 542
266 524
375 567
68 538
146 444
388 564
322 582
582 594
438 588
439 599
541 545
138 571
340 422
538 591
484 520
509 512
468 591
160 317
324 478
384 470
241 552
204 526
407 444
49 587
301 570
419 563
37 565
3 509
499 599
7 413
401 585
218 468
204 410
97 525
498 580
54 444
7 67
57 326
168 276
424 532
10 571
306 446
333 557
155 309
51 324
326 596
292 595
259 384
461 569
309 432
313 360
497 507
336 498
45 406
326 572
517 524
459 508
428 433
319 535
515 570
368 562
239 346
345 358
71 594
272 535
21 575
540 577
92 498
233 316
413 544
306 432
463 592
