61 522
25 217
26 540
18 319
519 567
320 571
100 540
305 458
498 509
448 521
31 547
149 564
419 559
135 204
84 418
375 381
71 245
94 484
79 250
135 259
294 416
174 559
469 556
364 540
260 521
321 375
357 523
305 541
418 503
106 361
210 549
389 509
48 305
371 507
425 567
180 584
250 567
198 545
367 582
27 549
407 577
242 428
79 377
273 597
40 498
83 436
559 560
191 586
195 312
397 556
399 503
129 151
116 436
126 560
159 471
493 543
175 183
65 563
133 543
28 586
126 381
165 426
19 563
521 527
210 526
320 397
523 572
549 564
246 446
472 562
135 446
309 327
186 498
210 268
334 559
288 535
556 571
25 594
324 570
186 509
26 508
250 587
407 499
118 327
104 497
221 582
371 476
282 439
183 416
32 407
564 576
345 398
106 388
567 586
61 587
353 463
65 499
122 587
144 435
53 594
330 572
348 504
87 392
99 563
262 524
123 515
195 571
197 264
229 370
88 345
253 545
265 538
348 503
572 599
520 597
355 415
447 493
324 376
327 587
242 532
494 509
16 446
181 504
460 539
487 505
25 418
80 185
105 538
73 494
66 576
545 549
319 486
87 177
472 540
219 377
361 370
486 492
448 558
152 407
104 571
28 492
454 466
151 470
175 476
267 599
184 460
133 599
319 380
449 501
177 200
369 577
27 464
174 271
215 481
180 242
204 259
77 598
386 487
334 465
404 586
207 584
562 585
395 460
201 551
353 492
209 445
419 595
205 563
496 500
500 526
215 510
307 316
517 523
458 487
459 511
205 207
484 599
195 540
505 558
221 516
95 458
429 567
563 595
252 586
40 447
443 465
63 471
172 574
429 584
471 594
152 562
67 535
32 472
198 597
386 505
135 214
470 547
331 520
286 540
305 376
108 497
519 566
298 515
485 522
454 587
183 488
193 262
284 577
505 591
254 519
132 541
81 435
445 562
484 499
133 320
397 459
519 559
371 519
214 430
345 557
398 410
165 539
120 597
466 599
360 494
358 585
361 574
418 559
494 541
252 426
396 519
476 579
507 515
219 598
342 576
222 591
43 331
404 505
358 576
309 585
240 320
386 450
172 439
494 548
428 549
219 574
282 504
160 186
250 564
327 454
190 543
307 353
296 441
334 586
559 578
339 487
181 392
275 591
331 564
64 489
50 545
396 565
492 495
184 509
560 585
585 599
74 539
312 439
348 397
315 572
210 532
192 508
213 436
217 484
127 169
253 264
95 399
336 535
190 267
11 436
470 582
259 325
229 421
251 463
415 590
454 543
129 594
447 451
305 494
159 479
323 388
73 538
312 446
64 217
269 507
386 569
411 547
232 591
527 571
385 592
152 325
71 540
532 549
282 469
86 502
181 188
370 570
179 330
98 435
123 441
413 458
396 595
418 586
116 275
7 566
122 582
88 586
415 572
165 458
239 599
572 587
331 357
469 511
409 412
209 527
392 484
159 594
294 597
412 475
253 558
2 132
129 564
404 528
313 320
300 381
432 504
369 572
564 577
215 436
52 519
253 300
77 435
66 369
321 436
435 550
451 540
507 581
398 419
187 579
78 587
432 511
132 589
172 497
279 591
35 59
380 486
4 519
294 489
385 515
189 541
131 450
459 516
16 471
415 465
300 476
104 186
252 466
45 538
483 587
217 571
520 549
564 599
107 126
313 556
243 504
432 537
39 579
579 598
66 498
377 466
327 505
217 572
288 476
242 524
320 504
82 577
487 559
348 556
493 597
45 524
175 564
57 428
458 498
574 587
132 570
334 463
320 511
505 547
104 469
364 594
497 556
207 499
244 367
425 466
83 116
449 562
160 240
295 520
370 587
482 487
338 416
381 500
207 587
108 567
343 582
439 467
179 526
237 539
300 343
500 527
310 471
386 585
144 539
563 594
524 532
198 586
148 445
174 547
105 307
275 562
543 577
88 521
454 584
120 591
407 564
301 540
52 584
224 509
204 246
498 535
215 380
169 535
415 597
21 404
379 492
419 585
309 591
237 482
262 319
338 388
389 498
445 586
470 562
527 599
234 273
396 507
74 237
101 207
48 538
447 471
246 312
194 415
103 328
360 570
369 489
543 572
268 367
348 439
119 500
234 570
215 524
341 470
189 599
425 574
310 355
151 543
560 586
586 591
192 509
538 541
338 369
174 582
364 523
428 532
120 515
160 201
13 361
295 579
6 71
210 524
28 445
32 499
15 319
399 545
515 527
492 591
61 574
118 250
252 463
324 503
398 463
116 388
503 549
57 389
76 108
524 549
344 443
492 582
268 482
416 597
203 549
360 541
396 587
224 285
26 594
245 441
245 298
13 574
164 331
313 432
80 357
50 78
423 540
463 531
82 597
395 429
472 521
343 467
164 412
40 471
350 558
78 584
210 503
86 87
471 508
149 514
307 330
379 591
328 596
425 510
488 543
214 494
324 378
40 594
459 469
505 528
452 454
0 207
260 571
120 185
472 535
273 538
554 579
351 353
390 521
449 505
450 543
404 458
192 447
456 559
310 451
333 493
117 597
321 493
177 577
473 576
404 582
189 558
13 470
201 385
346 564
351 366
375 521
95 288
209 466
324 360
574 584
463 582
523 577
86 235
56 426
221 560
205 353
321 407
484 562
106 486
364 595
439 469
21 554
522 538
281 482
448 451
543 597
17 527
503 532
386 591
459 504
521 581
364 571
200 428
151 489
267 590
131 334
497 504
299 334
189 371
268 435
435 482
333 361
151 486
418 489
76 205
192 364
251 388
476 487
519 584
333 587
338 512
229 522
340 515
289 493
96 103
204 307
95 428
295 569
126 498
275 565
173 355
247 508
214 570
489 572
19 418
522 567
283 489
88 522
379 470
140 520
197 585
237 524
148 470
31 123
238 398
393 570
472 594
187 448
540 594
79 397
522 574
377 580
508 540
197 562
307 484
327 466
109 389
510 523
430 482
412 569
144 268
416 572
4 585
77 482
463 547
215 372
219 341
187 530
478 584
119 585
450 588
547 563
35 471
162 181
288 526
386 448
176 505
253 527
345 470
160 498
397 560
153 162
309 559
348 432
265 279
195 594
473 527
333 437
499 523
469 571
426 559
397 553
14 521
144 482
511 556
466 574
164 167
148 345
368 389
167 527
83 465
383 386
64 482
390 560
321 351
123 282
396 558
329 399
183 572
132 273
445 481
432 469
185 515
5 446
577 597
135 352
283 379
498 563
305 315
381 443
57 528
294 338
6 358
244 312
504 571
123 236
345 346
80 558
547 559
520 523
206 221
119 371
301 364
108 429
221 586
404 523
424 500
372 380
357 597
511 586
330 415
64 367
13 207
149 357
492 559
189 521
260 591
84 576
415 493
3 372
245 254
355 520
264 467
15 83
313 439
441 493
484 543
379 585
43 520
377 454
415 556
476 526
48 556
432 497
64 539
104 482
489 597
353 563
526 565
449 487
99 355
235 509
236 389
380 392
333 574
466 532
25 563
360 376
288 367
472 508
392 563
95 545
333 567
584 587
87 520
313 571
50 532
56 275
83 570
344 579
439 571
264 463
582 585
385 507
152 591
498 576
295 371
31 254
184 446
205 567
273 376
441 527
389 412
504 511
451 594
267 577
515 582
76 522
371 565
197 582
497 511
500 521
194 441
52 466
361 584
345 505
236 376
32 599
201 443
372 436
375 535
35 594
321 535
435 539
3 319
330 584
282 285
288 298
187 540
39 535
298 521
469 470
57 358
240 509
295 558
388 486
63 594
392 428
563 570
184 259
169 209
376 416
31 385
432 556
418 499
39 524
80 579
43 585
379 487
503 579
500 507
284 594
331 560
425 429
443 535
240 412
458 559
224 235
140 348
74 543
148 492
27 399
376 570
494 579
441 565
181 571
203 428
63 509
370 519
264 573
328 563
397 492
129 599
519 524
45 570
7 594
379 394
86 498
508 545
179 579
309 560
165 572
370 574
246 259
247 549
267 484
77 539
169 375
174 591
319 472
401 526
341 343
372 485
103 599
469 499
73 461
330 484
370 569
225 282
175 321
431 508
273 313
338 353
512 539
38 385
204 460
187 396
547 582
307 416
164 511
278 355
520 563
7 447
523 558
364 373
172 397
248 294
105 265
285 576
132 376
547 591
454 519
458 586
26 451
432 507
310 508
99 526
101 425
549 555
126 419
236 295
398 562
385 527
162 430
43 523
324 494
179 558
476 527
3 380
503 562
499 583
65 174
101 466
177 597
214 324
221 547
39 171
21 541
371 430
425 522
579 594
375 565
341 363
165 482
21 467
407 543
500 566
322 584
306 398
143 586
148 413
499 588
523 597
84 389
459 574
255 333
419 467
253 466
367 533
66 557
376 515
416 516
546 563
358 509
166 547
170 341
343 589
396 476
19 392
149 175
354 476
449 496
158 392
328 329
80 180
351 505
337 539
508 594
416 539
541 565
429 454
448 593
198 503
459 556
562 586
465 498
318 582
105 494
50 524
108 571
540 584
194 579
526 527
159 259
330 418
367 539
580 582
337 540
197 327
2 343
441 526
538 555
445 547
11 409
245 508
15 486
200 573
422 428
98 165
353 480
429 587
265 570
151 599
98 577
201 344
361 591
431 436
52 322
288 595
505 562
369 450
227 582
214 234
162 539
205 552
244 581
377 553
229 520
505 586
296 449
78 370
564 573
25 220
67 140
63 472
157 344
323 541
507 521
403 511
192 404
448 526
360 491
128 497
275 386
7 508
563 564
268 419
159 540
53 500
200 451
426 560
454 567
200 594
4 191
265 491
203 524
310 447
412 509
341 449
509 576
246 454
321 330
304 398
129 579
426 458
335 574
48 541
185 340
262 410
300 310
578 587
244 446
467 559
341 458
526 586
428 545
21 419
344 565
53 301
222 570
45 494
358 389
160 412
312 460
446 460
71 364
399 549
152 467
328 564
439 494
494 570
122 560
123 284
351 425
101 556
447 560
450 599
198 532
469 489
262 399
262 549
180 377
254 558
273 570
221 591
522 584
195 301
532 545
372 486
389 576
16 312
334 560
203 545
100 447
436 556
305 565
547 585
235 379
2 463
285 498
508 560
458 467
523 545
217 597
294 499
385 565
567 584
381 587
532 576
282 432
140 579
435 594
98 539
282 556
499 577
177 392
254 579
3 65
250 388
344 396
14 579
449 492
450 520
45 541
73 570
120 507
105 361
144 572
328 599
183 284
425 521
28 245
265 541
203 377
449 547
214 538
253 565
185 443
86 576
450 484
348 459
520 577
380 559
119 441
358 498
399 532
538 585
388 429
152 254
301 472
392 572
416 418
582 591
369 471
515 579
426 492
79 426
99 267
320 556
254 499
35 567
39 260
344 448
18 436
497 584
209 295
191 558
328 489
100 532
526 535
219 577
27 428
375 500
71 298
570 586
186 294
28 511
418 543
107 562
396 535
76 515
172 571
53 200
56 559
333 584
229 567
345 599
4 582
441 543
538 570
6 508
436 486
222 467
284 357
14 560
162 476
451 467
183 487
6 100
358 587
107 191
474 515
166 500
265 370
515 558
164 576
354 521
246 460
194 565
433 545
288 300
180 445
372 388
482 539
103 564
347 565
22 497
523 534
66 285
484 487
11 388
67 236
360 567
322 380
563 572
237 367
275 580
275 507
504 546
526 576
399 495
445 467
48 542
284 490
378 509
543 563
511 571
240 576
493 551
222 560
351 450
11 300
466 587
531 597
35 472
470 585
367 435
369 493
551 577
310 364
260 507
447 472
12 222
309 487
94 472
313 407
264 386
194 402
327 519
441 461
334 591
209 236
154 497
213 594
443 558
299 511
565 573
397 497
219 522
381 535
398 449
476 558
426 445
460 599
284 563
507 532
93 467
94 451
185 357
392 500
61 294
445 593
47 375
79 587
44 100
65 489
463 487
504 567
569 579
14 535
129 597
135 460
552 574
107 144
292 486
459 543
477 489
52 316
110 565
440 545
369 400
284 351
140 500
450 572
107 446
126 366
449 582
360 423
503 545
198 524
161 381
469 497
493 523
118 471
524 545
237 443
331 577
11 18
191 542
360 538
344 447
439 511
98 242
443 565
462 505
583 594
237 583
338 564
67 581
285 497
262 532
564 583
412 417
234 538
319 594
567 587
487 518
420 432
298 565
425 496
562 572
122 586
486 506
187 500
259 460
354 425
447 485
229 584
398 560
130 466
322 429
497 571
425 519
448 507
94 535
405 446
427 436
446 549
503 524
380 396
57 412
169 448
355 493
564 597
470 527
220 482
58 389
459 571
133 379
122 339
16 460
324 541
94 192
367 482
357 589
175 444
379 560
180 519
118 574
377 522
523 599
541 545
217 469
535 536
224 545
242 503
82 502
191 562
74 268
509 512
260 300
6 312
446 580
159 287
164 285
493 599
142 582
252 341
73 555
517 538
224 585
499 599
541 570
361 429
162 326
184 348
84 509
343 591
415 450
181 459
41 454
487 492
8 467
215 486
184 244
574 588
224 576
189 381
140 236
455 549
404 585
220 564
4 387
82 565
194 558
435 521
222 398
353 493
49 447
268 338
88 419
219 587
419 592
558 599
355 440
513 567
538 553
412 576
87 539
133 351
244 460
245 565
49 234
252 585
203 407
519 574
43 468
106 380
2 445
116 504
351 489
355 599
372 479
235 576
327 549
