512 598
426 588
189 224
301 433
321 357
394 507
181 588
42 457
100 540
102 295
482 518
454 586
114 487
152 568
524 529
9 548
377 559
301 542
419 559
209 586
546 597
472 591
54 489
166 589
104 122
238 542
280 453
302 315
196 279
419 583
387 558
194 390
466 598
177 521
35 96
325 326
295 562
104 423
124 576
535 562
281 337
246 461
75 570
258 502
236 527
113 563
284 598
122 425
255 568
167 540
391 393
563 575
198 456
437 481
311 342
322 492
3 302
205 576
191 263
402 487
97 456
387 540
382 443
40 558
536 546
379 512
56 146
37 491
197 544
146 511
165 417
3 420
338 480
263 437
437 573
205 347
8 574
84 552
206 560
321 346
468 543
565 572
396 563
453 558
183 341
93 323
437 518
293 502
295 470
440 481
225 382
445 592
247 292
193 405
32 533
15 418
399 596
390 564
410 587
381 559
38 485
519 521
432 457
488 545
238 454
2 512
120 481
174 594
302 391
321 593
391 519
430 550
178 506
324 570
54 553
492 580
29 575
536 567
425 531
0 474
475 559
206 263
161 380
474 583
164 322
457 472
208 236
35 503
498 550
321 444
391 490
342 490
54 478
364 392
129 565
350 545
403 521
319 339
378 438
103 504
55 142
572 577
338 565
446 487
488 559
73 507
311 490
542 567
63 378
35 508
435 438
491 565
221 558
40 70
477 580
425 503
468 563
583 586
435 596
228 339
190 597
105 213
574 593
338 447
373 401
232 539
189 542
478 483
389 460
299 521
222 403
26 422
461 490
246 576
304 337
486 498
183 438
192 524
322 588
21 312
33 599
115 258
127 540
271 492
509 518
187 404
63 435
228 498
33 228
507 592
380 530
324 359
471 575
312 359
419 525
222 521
387 596
142 405
381 483
293 412
146 293
22 549
425 490
443 592
310 341
558 586
456 596
457 509
458 501
85 519
390 447
49 255
177 258
453 597
183 413
160 586
481 504
412 586
40 41
168 563
396 470
397 416
346 568
207 505
379 454
73 587
122 402
229 515
546 576
194 550
413 435
453 583
310 549
60 373
486 571
311 420
173 579
51 292
295 575
176 466
41 431
357 536
401 460
347 392
152 213
483 517
468 470
5 558
216 364
141 489
41 263
462 579
219 346
392 587
355 430
255 562
38 587
15 329
18 104
357 522
267 286
161 493
403 408
422 468
244 329
468 484
290 570
423 431
213 418
441 559
426 550
33 51
56 599
403 596
278 574
522 546
47 498
288 515
166 484
418 545
129 552
278 488
298 596
85 423
285 378
106 457
382 524
331 382
105 586
272 324
262 291
559 587
544 576
464 517
324 580
262 504
482 546
167 271
267 483
498 565
173 298
123 416
515 524
228 464
258 475
422 559
154 597
160 207
309 503
170 565
64 208
536 568
312 583
572 587
260 466
16 597
2 536
405 574
195 390
457 588
5 324
103 507
379 559
342 527
103 189
420 519
113 422
135 571
153 419
0 314
329 468
435 550
438 460
115 570
482 599
9 397
392 515
112 599
103 267
55 531
220 404
293 559
213 376
231 418
288 342
381 562
379 426
433 504
22 447
220 553
77 571
423 531
430 579
17 464
588 598
24 446
133 394
211 592
472 506
256 390
580 597
379 419
327 579
256 565
41 289
277 576
521 596
365 546
5 593
100 463
232 522
71 464
207 581
428 597
271 500
346 567
297 572
229 500
486 493
17 535
414 531
233 580
120 413
73 553
463 583
281 564
567 568
571 573
91 576
259 599
98 587
466 515
515 567
168 564
449 461
238 268
373 460
386 585
387 586
342 425
288 592
472 579
293 438
426 579
390 430
418 488
286 421
126 531
255 501
93 528
24 596
115 456
405 473
173 578
337 521
412 554
344 347
244 422
173 467
177 475
326 580
43 446
188 240
47 597
85 386
164 428
403 576
176 236
510 515
336 482
27 592
290 495
175 258
268 416
383 570
225 456
426 565
466 489
356 536
160 483
272 519
509 571
153 260
244 323
392 588
100 258
484 507
470 562
71 426
60 428
15 514
89 388
127 558
420 497
298 408
68 597
402 596
0 588
387 467
389 507
64 553
364 533
60 427
357 562
396 575
401 438
453 570
492 497
536 588
206 599
493 548
442 598
405 509
27 551
416 585
383 576
441 567
122 289
38 414
425 574
229 443
486 588
240 401
76 546
422 562
408 487
63 499
49 512
121 344
360 437
445 489
586 591
170 576
301 512
491 587
517 592
166 540
445 597
246 421
559 586
304 545
266 376
462 491
464 518
302 490
251 596
195 291
454 540
238 568
478 572
19 126
222 545
133 138
170 587
209 540
466 568
218 482
102 401
210 379
402 553
277 364
445 507
503 549
550 587
520 522
340 563
141 574
589 596
170 392
190 314
64 565
10 331
13 441
86 545
322 462
164 509
46 434
13 517
144 470
517 570
492 558
276 290
64 524
568 599
184 299
22 543
408 596
155 567
299 487
94 552
524 580
100 467
337 586
219 487
135 587
381 583
170 176
207 542
446 598
342 519
456 545
420 527
7 435
120 504
0 573
58 588
489 598
213 263
286 583
380 533
481 544
506 536
344 488
167 550
515 592
401 493
486 491
414 553
41 573
457 506
331 401
339 583
225 426
428 598
426 486
460 524
106 181
394 597
475 488
114 337
571 572
224 321
23 592
246 568
498 579
84 504
518 599
461 573
231 456
376 527
570 580
391 425
164 552
326 587
189 544
22 565
422 430
576 599
579 588
235 329
176 579
571 586
33 339
231 592
47 472
30 565
531 573
571 579
173 355
194 575
157 425
15 575
183 373
133 576
414 524
404 501
89 224
263 483
127 457
71 573
255 277
522 574
507 524
113 575
21 260
146 599
185 592
84 542
51 165
470 563
18 413
383 546
219 571
347 408
244 331
311 397
216 380
559 583
102 493
109 160
112 416
279 422
201 238
339 376
341 553
52 550
291 509
342 461
536 549
225 466
378 401
379 517
310 542
422 563
338 588
174 211
235 291
272 311
290 586
142 573
146 576
89 544
435 460
2 185
96 574
458 592
93 105
225 580
470 491
222 550
337 456
326 512
298 347
302 498
489 522
310 493
19 573
165 550
385 397
521 565
5 456
405 563
9 378
137 397
337 338
122 142
462 572
431 567
492 583
482 579
160 286
435 587
402 545
310 373
156 157
289 292
507 550
550 579
94 433
281 597
30 525
380 466
517 586
96 596
77 526
431 572
472 515
201 542
401 505
220 384
7 98
126 228
219 486
36 347
167 563
301 350
307 587
404 537
208 447
562 568
266 518
46 519
175 426
592 597
19 483
23 443
120 544
373 493
216 446
161 216
98 491
359 517
289 423
454 492
383 533
77 426
245 596
339 403
484 518
489 597
58 572
185 428
425 509
353 453
562 563
357 576
487 509
189 509
597 598
359 376
135 555
195 549
141 545
241 284
573 574
341 388
488 499
155 541
93 95
20 481
403 475
13 552
582 598
143 592
185 553
276 570
98 550
152 584
228 585
506 544
277 447
344 415
14 598
54 515
324 512
94 207
443 597
194 587
182 359
496 505
380 414
221 329
392 393
174 524
444 533
290 312
128 387
304 490
50 527
489 501
576 593
78 570
522 539
102 310
322 549
360 501
235 598
345 583
39 255
60 64
387 583
157 549
18 438
105 464
579 591
31 231
322 572
89 479
142 339
414 515
88 423
493 581
5 569
27 580
301 552
416 552
517 520
458 482
242 567
157 574
304 521
164 592
97 531
370 467
223 504
487 596
199 533
202 267
267 381
565 579
114 488
262 432
52 579
104 531
571 578
225 437
281 331
87 342
14 562
420 461
378 493
141 405
291 549
38 338
211 433
383 599
59 552
272 490
207 544
71 572
536 576
279 403
565 597
51 390
106 362
355 585
412 570
235 562
385 472
442 565
431 533
364 536
220 431
206 437
522 599
428 553
123 374
433 548
255 285
56 317
346 539
419 483
443 505
279 424
292 376
402 488
48 422
374 468
126 484
128 381
226 592
299 587
486 587
234 262
560 597
284 487
302 519
380 597
129 457
19 558
9 580
298 337
390 491
467 570
425 549
71 213
244 575
433 472
13 359
414 592
165 572
52 565
492 570
517 583
58 483
3 574
331 598
441 583
133 281
272 461
154 592
263 278
181 185
338 462
412 533
310 413
386 527
408 544
174 598
157 486
346 599
206 518
309 509
27 517
314 404
135 588
293 570
155 521
292 386
96 509
276 558
279 563
357 458
431 599
289 567
35 55
441 492
170 376
310 579
420 445
95 166
446 596
468 575
18 378
382 598
483 583
73 571
262 512
124 533
491 558
165 219
271 483
418 456
46 527
21 467
117 276
73 572
167 293
546 568
286 359
386 531
391 461
109 284
21 550
208 430
225 512
17 531
161 419
236 571
355 392
322 579
457 504
311 461
517 540
385 481
404 576
23 597
220 357
277 598
505 544
51 572
364 565
466 507
55 314
347 446
206 376
355 447
412 558
288 484
168 431
16 414
571 588
49 346
587 588
418 487
24 552
229 492
232 256
97 423
545 596
103 201
30 571
341 531
416 544
185 580
281 524
392 447
484 553
394 484
235 470
188 576
472 596
278 475
397 572
21 588
419 586
412 571
14 174
295 553
100 412
232 599
506 599
181 552
426 571
482 533
462 550
115 596
152 191
155 599
462 593
559 566
468 534
490 519
397 505
291 586
23 387
560 598
475 477
112 561
264 385
176 355
229 556
385 553
363 391
2 188
292 531
522 582
105 106
214 580
2 482
347 488
446 460
447 454
503 592
60 598
385 433
302 527
109 586
494 587
149 441
244 396
339 518
411 472
353 540
284 327
379 540
397 544
519 527
192 558
183 449
166 443
481 512
302 385
304 475
346 423
26 56
278 596
17 573
388 599
433 464
288 445
228 229
431 576
214 304
431 511
112 224
441 481
137 435
268 552
404 533
349 553
154 553
583 595
216 515
211 553
285 498
179 592
312 570
22 430
98 512
336 438
542 561
271 367
58 498
167 564
437 531
242 461
527 533
529 587
329 471
181 542
298 474
562 575
318 563
304 344
231 424
93 573
408 454
101 583
211 507
324 375
224 457
3 391
276 559
117 583
279 562
123 513
381 467
398 563
256 285
295 329
208 587
162 597
558 570
99 380
262 472
242 364
542 547
137 341
355 490
195 574
385 519
314 423
243 503
191 522
484 512
344 403
129 538
461 527
490 596
365 404
85 314
236 588
292 433
114 346
272 402
386 390
498 588
299 446
503 509
14 589
397 432
515 597
256 491
458 533
298 545
84 356
326 489
165 490
166 326
135 295
67 574
420 568
294 396
313 456
82 573
191 568
467 492
503 506
397 542
418 475
47 546
301 472
394 592
112 481
220 277
260 441
152 546
392 572
385 505
18 445
364 575
423 573
321 404
396 468
489 507
204 487
173 571
7 516
286 447
113 528
352 546
230 519
30 117
40 586
95 443
484 597
505 552
271 559
368 454
77 332
341 413
53 521
96 330
371 567
231 596
19 518
92 571
382 414
283 314
411 481
361 385
287 338
219 466
570 573
168 575
428 574
321 540
15 563
14 553
161 512
401 462
454 570
509 549
258 487
194 594
291 574
152 567
35 549
224 506
77 579
209 587
412 488
505 570
383 482
94 286
137 460
84 272
433 552
201 418
256 462
509 574
284 559
344 545
267 453
235 575
553 598
295 563
470 575
231 408
396 517
220 321
238 544
422 470
278 545
146 396
309 405
550 552
405 503
289 518
342 438
271 515
299 596
458 546
209 412
290 394
293 453
188 599
7 493
30 491
97 573
133 445
322 486
238 562
312 437
501 506
232 567
383 588
405 549
498 572
127 481
290 359
490 527
396 562
402 563
536 599
244 562
304 598
153 458
155 506
391 527
153 379
27 164
420 490
24 456
46 420
446 521
309 574
309 489
194 484
549 574
260 580
542 599
285 588
413 460
24 416
443 572
299 378
63 493
141 425
40 260
279 575
124 522
195 503
416 504
341 493
413 453
298 586
460 493
47 512
232 458
288 326
518 524
503 574
331 489
157 509
268 544
324 559
299 475
468 562
483 576
419 540
7 438
235 519
95 580
386 437
222 402
382 596
188 501
209 483
89 181
546 575
141 549
453 467
390 522
402 521
501 568
284 466
447 491
38 572
117 387
123 542
177 588
435 571
461 519
394 598
23 458
246 383
153 441
246 549
347 418
209 470
501 522
285 430
481 505
301 580
123 505
504 507
52 382
364 568
492 517
0 518
54 260
168 562
357 381
154 540
56 546
109 413
219 587
114 501
13 599
484 598
291 309
344 596
16 524
438 552
