505 509
58 416
22 593
137 567
66 416
311 525
444 479
317 583
376 509
35 599
500 531
59 532
224 597
6 509
372 597
104 534
467 538
92 239
169 529
137 499
139 467
106 479
21 577
461 548
503 590
316 550
448 512
358 584
34 114
217 402
142 467
474 512
221 426
335 422
502 519
512 548
573 593
316 590
550 553
350 462
5 70
284 598
448 519
235 567
287 443
59 546
578 590
33 536
213 591
147 199
204 428
350 578
464 534
49 476
543 562
214 443
485 550
222 561
556 590
176 509
323 382
276 499
43 562
158 550
532 534
283 496
252 302
204 598
171 397
139 529
229 554
35 448
273 331
177 506
273 590
515 516
56 351
108 467
199 345
409 482
446 498
286 397
169 482
63 335
106 591
398 597
267 516
185 403
97 590
428 529
162 591
532 548
75 332
136 365
257 559
475 583
315 388
170 564
334 480
281 591
302 532
30 519
434 436
6 459
462 569
285 587
429 512
583 596
398 464
220 317
518 522
151 215
447 571
283 522
549 597
99 517
98 519
466 556
141 569
220 579
41 343
231 235
400 498
157 404
342 526
414 566
472 484
348 481
407 411
446 568
213 472
198 201
362 596
58 496
437 529
339 543
310 591
426 527
446 592
248 594
427 446
313 443
29 271
250 275
440 584
23 587
82 590
105 503
267 544
144 598
353 448
461 490
465 593
140 482
272 580
257 304
302 378
374 594
362 567
170 479
564 598
414 436
566 593
167 548
464 591
106 502
36 587
21 538
231 562
119 120
284 467
344 382
445 533
279 578
444 515
359 574
423 521
342 502
496 572
86 582
236 566
478 527
501 512
362 403
434 507
215 578
508 598
174 375
221 562
102 416
410 521
156 584
432 534
396 479
89 539
328 509
54 445
22 572
294 364
278 426
362 544
152 595
335 461
339 595
375 401
12 365
214 554
278 429
99 192
519 593
227 356
503 531
184 561
157 545
286 351
36 536
110 515
467 508
249 561
96 332
298 536
461 561
235 332
310 318
120 583
377 549
235 477
512 599
236 372
272 496
398 480
166 273
136 324
414 526
98 599
75 403
286 329
534 548
14 509
509 572
152 220
226 562
425 597
100 516
348 416
351 478
355 430
374 478
306 419
380 446
417 566
21 375
70 86
299 593
117 351
248 546
140 572
316 574
248 401
432 445
137 403
64 583
466 474
29 54
108 529
351 447
133 451
145 509
516 593
81 578
137 222
167 532
331 423
137 404
253 522
522 557
167 278
217 484
512 522
89 546
43 554
151 286
86 534
114 432
192 554
483 550
508 550
255 577
145 562
312 446
404 406
166 534
324 572
274 482
318 541
322 502
81 548
160 372
549 572
97 152
406 567
219 538
260 466
136 192
329 578
340 499
236 247
328 549
364 393
299 484
284 336
69 529
526 549
239 306
41 351
313 546
84 475
247 306
424 480
426 524
461 538
33 233
378 548
532 562
348 583
187 502
171 336
372 503
483 578
233 340
270 548
574 598
279 591
294 583
341 509
221 599
557 574
136 443
324 377
521 595
270 478
249 532
270 329
404 557
425 480
376 476
507 595
191 350
200 302
471 574
314 596
104 565
200 445
440 599
22 587
189 218
179 476
515 598
258 587
151 329
86 583
231 554
129 222
167 478
224 587
29 532
484 561
413 416
59 382
422 438
266 572
341 377
89 464
94 526
514 524
336 396
541 561
174 529
361 404
125 467
253 595
201 597
566 571
473 595
131 584
249 559
285 569
587 594
311 569
352 507
173 568
49 445
543 595
451 481
322 574
414 541
146 423
474 511
265 499
198 595
201 347
372 577
174 536
361 413
548 588
275 557
318 589
519 568
323 531
414 516
551 566
5 548
138 586
380 567
270 530
313 480
386 502
60 414
438 445
403 576
226 430
561 593
526 541
451 495
231 590
485 521
2 434
113 519
147 583
493 569
499 507
411 577
512 559
276 480
133 569
301 424
420 458
445 478
508 515
58 350
531 584
272 336
293 464
498 526
158 305
325 591
224 355
460 549
172 548
139 347
255 597
275 286
165 515
37 584
448 537
430 484
216 379
217 409
287 591
337 375
581 599
437 495
220 529
596 597
17 597
39 508
51 402
516 594
479 591
9 503
191 406
119 357
299 561
215 267
329 566
443 554
136 551
193 522
378 400
87 376
311 531
4 169
421 522
447 526
485 557
503 599
541 591
467 587
357 424
553 590
440 476
317 469
162 396
189 592
522 578
206 566
429 524
30 352
365 442
49 569
157 312
344 512
54 160
402 471
170 587
48 329
341 572
90 562
385 599
324 588
219 516
532 550
209 388
309 502
541 577
266 411
359 543
429 498
345 386
328 575
404 522
278 498
353 553
66 495
446 567
75 468
516 566
312 567
133 252
216 350
342 377
294 508
331 578
84 583
393 464
396 587
255 340
256 259
5 323
152 340
9 94
175 531
107 313
112 593
475 599
100 467
139 575
546 552
51 356
417 484
35 510
131 476
189 515
267 557
253 550
497 519
301 496
85 323
323 584
125 578
91 491
558 567
243 523
120 543
524 579
417 524
508 587
474 599
574 599
331 483
499 581
173 508
357 501
177 599
3 536
273 447
440 569
199 569
34 209
217 311
402 419
258 444
557 590
597 599
215 590
95 569
459 572
174 474
301 482
233 578
402 516
362 406
312 361
499 595
122 502
466 526
152 257
562 597
339 414
310 598
100 189
372 461
49 584
108 173
272 382
467 515
247 538
250 298
271 549
274 417
166 548
139 424
218 578
166 226
279 396
543 597
341 376
409 472
62 248
156 440
502 574
466 512
261 536
267 590
461 566
347 557
77 177
222 593
116 508
306 436
380 403
474 562
521 590
484 593
347 437
378 485
31 114
209 598
464 548
39 464
284 409
331 434
131 529
119 409
77 378
219 546
214 287
420 583
438 569
417 421
58 516
21 599
351 432
496 584
81 591
213 416
30 484
274 503
425 430
301 409
444 598
235 443
314 499
271 532
133 531
138 507
213 336
421 521
432 478
18 177
112 566
402 477
209 538
466 574
91 273
284 325
174 218
377 411
69 437
516 577
375 426
204 325
411 549
312 472
402 444
388 597
478 548
140 546
359 421
235 430
578 593
285 584
253 531
324 549
129 561
285 323
14 425
569 584
239 593
372 483
99 477
416 598
200 387
22 283
388 463
249 409
472 515
273 460
364 395
39 598
425 499
261 578
461 543
47 524
31 360
344 364
81 104
375 433
90 214
477 577
102 443
379 585
18 512
274 461
305 447
507 583
592 597
169 434
479 515
284 531
309 448
132 591
243 324
315 595
361 446
344 482
202 598
498 599
464 587
301 343
36 591
328 459
190 191
260 457
354 444
89 364
143 587
222 517
117 390
84 388
191 416
156 451
157 459
11 448
364 496
239 516
408 426
247 435
323 569
175 440
507 597
34 431
161 285
312 362
256 567
477 571
574 582
495 507
480 507
480 544
7 416
546 562
375 412
344 496
275 536
388 419
423 522
374 560
309 426
421 438
424 529
116 495
355 398
215 485
338 423
174 524
541 566
18 447
271 548
54 257
314 434
23 595
46 255
401 478
554 562
57 583
348 549
256 406
22 471
447 590
434 583
242 572
445 548
138 156
448 599
306 525
64 434
563 591
257 480
57 584
579 591
266 549
251 532
69 485
348 572
404 480
145 430
359 550
488 495
14 555
394 591
398 399
312 513
352 574
121 298
270 528
114 379
157 567
33 521
316 447
106 464
160 494
476 584
461 551
62 453
376 549
118 362
173 458
372 593
29 507
411 509
359 483
423 551
356 538
527 584
335 566
221 224
350 459
119 480
54 373
111 140
317 456
211 295
145 223
401 546
534 562
97 550
96 554
298 503
122 550
260 498
317 597
561 577
113 122
521 536
355 590
204 345
90 551
271 432
443 535
305 522
511 593
75 567
283 546
313 401
341 552
147 355
33 533
432 587
536 550
97 560
495 574
301 401
303 583
457 550
121 350
432 479
290 414
348 534
521 522
406 585
429 510
31 515
233 261
359 438
276 279
273 578
536 557
495 583
331 558
482 590
249 374
526 599
519 524
151 534
189 479
40 283
5 445
121 464
411 478
342 476
368 583
348 376
378 534
150 541
125 550
200 270
272 294
357 472
169 376
477 484
430 554
451 531
125 590
476 569
402 436
403 446
409 496
12 192
160 532
287 554
257 597
40 67
298 567
41 117
187 498
192 562
31 598
243 382
436 561
204 283
222 515
499 583
318 572
231 561
398 425
423 483
67 566
236 595
438 590
112 577
480 554
100 451
29 260
538 577
66 350
156 476
328 499
294 374
227 484
313 344
332 396
43 380
100 379
503 512
314 595
266 420
414 419
567 572
23 597
139 437
129 162
404 567
424 472
70 286
104 329
287 365
91 158
495 526
266 318
226 554
317 567
375 512
250 522
160 329
419 430
476 531
152 599
59 283
459 549
35 274
218 587
403 567
39 429
41 534
355 597
340 440
275 485
466 498
47 132
47 574
315 543
406 476
52 474
438 557
420 595
99 577
284 356
218 224
94 599
483 521
421 425
498 502
98 595
191 356
361 483
440 451
131 531
314 484
484 577
275 572
116 309
247 503
121 524
451 584
444 467
335 561
345 561
90 417
117 451
336 476
318 348
341 549
177 524
90 231
271 426
332 562
377 572
224 398
40 496
305 521
560 598
243 546
425 587
227 316
290 561
590 598
263 443
306 593
130 502
116 517
227 538
124 595
96 244
136 554
420 482
96 355
68 316
53 310
313 409
170 591
577 594
356 473
361 479
452 597
417 477
91 540
117 532
64 570
175 291
512 526
342 474
404 519
495 582
68 97
15 538
421 485
192 344
63 485
302 344
341 584
250 578
323 392
75 475
475 581
171 562
98 526
302 534
138 543
466 567
431 502
275 423
84 458
253 536
64 507
135 437
251 472
482 569
550 590
43 171
359 536
77 445
101 311
411 572
18 524
437 448
457 591
495 596
382 549
256 446
445 497
360 429
34 393
255 398
182 305
475 595
521 572
548 575
566 577
364 374
227 566
393 591
430 562
461 541
26 593
384 448
6 156
478 532
12 248
419 541
132 578
169 472
387 401
499 577
354 577
244 480
464 598
502 585
379 587
158 526
213 379
276 583
423 485
118 550
447 483
432 499
217 566
520 546
99 461
315 597
429 474
454 482
385 519
209 315
36 467
554 583
247 436
266 527
557 587
374 482
531 541
335 509
256 380
477 593
98 339
151 479
401 482
438 466
81 378
279 379
115 496
6 572
316 522
580 593
430 443
12 562
432 481
34 515
434 595
166 465
391 436
124 465
270 421
347 419
354 477
330 440
35 526
295 527
521 577
541 564
393 515
410 483
140 243
382 511
497 599
538 592
403 561
279 393
49 440
124 257
175 584
2 421
419 593
424 538
175 569
459 509
248 482
339 598
47 324
340 434
201 295
587 598
436 541
71 595
239 541
68 491
219 577
511 519
102 190
531 569
345 590
513 521
420 597
477 516
393 525
339 457
125 488
537 595
94 279
495 543
299 410
509 549
239 538
352 502
209 425
33 336
497 502
171 430
365 514
258 265
62 546
541 543
361 567
219 299
220 475
170 310
25 534
356 541
453 587
424 437
27 112
322 524
77 160
373 474
341 539
359 396
243 313
411 581
232 593
91 253
133 549
461 589
356 516
108 536
107 477
483 561
233 557
112 127
310 444
23 537
195 419
325 587
220 425
495 554
345 569
417 593
388 515
94 352
258 274
137 406
340 477
347 357
332 554
451 569
89 401
96 365
426 434
67 444
23 499
376 572
294 546
30 466
362 380
166 167
396 485
124 306
342 599
315 396
429 508
217 577
201 357
62 140
250 353
52 309
274 484
364 409
353 421
483 557
347 529
276 531
438 536
201 529
328 572
583 597
335 541
309 519
550 591
187 398
426 519
43 543
317 543
68 557
335 538
503 574
362 446
306 483
86 200
145 365
187 221
261 574
260 311
426 526
67 496
305 557
378 432
447 485
365 562
258 345
261 353
317 388
444 524
52 524
318 509
249 423
30 305
204 508
132 353
226 516
276 420
377 459
311 584
352 519
285 451
129 436
256 572
258 336
69 295
200 436
294 482
131 342
483 590
377 445
255 420
40 598
21 322
404 446
429 466
124 475
340 595
151 478
104 578
108 396
272 546
226 534
318 549
375 524
47 448
138 595
295 529
121 508
266 309
14 480
554 566
353 578
267 331
447 578
157 227
361 406
218 479
132 438
538 593
379 598
167 236
372 417
129 359
475 543
173 587
235 485
147 314
67 243
122 260
325 598
328 411
519 574
295 357
324 459
342 574
147 466
475 532
332 443
299 322
102 191
162 173
474 574
310 424
374 382
