0 174
0 186
0 231
0 284
0 336
1 16
1 371
1 499
1 528
1 559
2 54
2 481
2 483
2 556
2 587
3 128
3 499
3 509
3 519
3 580
4 28
4 285
4 554
4 565
4 591
5 31
5 230
5 365
5 378
5 551
6 87
6 525
6 551
6 578
6 585
7 67
7 94
7 413
7 561
7 577
8 33
8 239
8 304
8 565
8 575
9 45
9 305
9 462
9 512
9 587
10 334
10 421
10 457
10 524
10 571
11 378
11 521
11 529
11 564
11 584
12 64
12 416
12 421
12 449
12 568
13 125
13 448
13 537
13 560
13 598
14 118
14 336
14 430
14 509
14 519
15 126
15 258
15 397
15 408
15 553
16 1
16 275
16 488
16 538
16 593
17 211
17 263
17 429
17 480
17 490
18 76
18 191
18 243
18 365
18 583
19 210
19 376
19 402
19 408
19 511
20 168
20 171
20 532
20 565
20 594
21 459
21 480
21 496
21 500
21 575
22 414
22 540
22 544
22 563
22 572
23 120
23 422
23 472
23 510
23 512
24 355
24 485
24 513
24 544
24 586
25 467
25 511
25 568
25 571
25 594
26 84
26 143
26 516
26 587
26 591
27 411
27 429
27 548
27 580
27 591
28 4
28 492
28 498
28 580
28 590
29 218
29 504
29 552
29 561
29 579
30 174
30 284
30 362
30 535
30 563
31 5
31 230
31 284
31 525
31 595
32 290
32 319
32 493
32 574
32 584
33 8
33 380
33 477
33 534
33 537
34 67
34 277
34 331
34 537
34 572
35 303
35 333
35 385
35 515
35 532
36 264
36 537
36 556
36 563
36 587
37 89
37 352
37 532
37 538
37 565
38 498
38 519
38 547
38 580
38 582
39 400
39 490
39 540
39 548
39 560
40 128
40 160
40 263
40 366
40 561
41 70
41 339
41 400
41 416
41 510
42 295
42 314
42 447
42 537
42 592
43 277
43 567
43 585
43 596
43 599
44 228
44 444
44 468
44 477
44 583
45 9
45 406
45 420
45 423
45 579
46 55
46 290
46 321
46 346
46 462
47 291
47 340
47 402
47 466
47 571
48 470
48 474
48 503
48 558
48 584
49 66
49 346
49 363
49 587
49 591
50 280
50 317
50 446
50 503
50 599
51 324
51 463
51 482
51 529
51 592
52 520
52 554
52 556
52 560
52 582
53 136
53 152
53 212
53 301
53 415
54 2
54 204
54 229
54 247
54 444
55 46
55 159
55 475
55 533
55 537
56 247
56 541
56 555
56 569
56 592
57 88
57 149
57 324
57 326
57 559
58 142
58 206
58 227
58 469
58 585
59 216
59 240
59 283
59 440
59 529
60 310
60 352
60 419
60 520
60 554
61 96
61 402
61 435
61 549
61 566
62 356
62 408
62 510
62 549
62 586
63 278
63 496
63 554
63 560
63 580
64 12
64 344
64 420
64 579
64 583
65 396
65 440
65 448
65 563
65 598
66 49
66 120
66 397
66 526
66 549
67 7
67 34
67 277
67 584
67 597
68 316
68 420
68 516
68 538
68 591
69 225
69 404
69 535
69 547
69 589
70 41
70 173
70 391
70 549
70 550
71 113
71 193
71 520
71 571
71 594
72 294
72 375
72 452
72 528
72 570
73 79
73 480
73 482
73 487
73 500
74 156
74 358
74 395
74 496
74 546
75 325
75 335
75 484
75 486
75 568
76 18
76 89
76 122
76 245
76 258
77 80
77 81
77 302
77 437
77 520
78 232
78 534
78 554
78 565
78 573
79 73
79 326
79 458
79 481
79 532
80 77
80 163
80 170
80 415
80 495
81 77
81 85
81 341
81 392
81 445
82 320
82 419
82 446
82 506
82 599
83 118
83 341
83 441
83 546
83 598
84 26
84 480
84 496
84 500
84 506
85 81
85 310
85 430
85 525
85 578
86 231
86 448
86 563
86 570
86 598
87 6
87 167
87 290
87 373
87 482
88 57
88 216
88 322
88 473
88 564
89 37
89 76
89 354
89 506
89 559
90 187
90 195
90 436
90 567
90 596
91 365
91 453
91 485
91 495
91 586
92 441
92 498
92 509
92 580
92 591
93 490
93 499
93 535
93 563
93 598
94 7
94 503
94 552
94 555
94 582
95 283
95 440
95 511
95 521
95 526
96 61
96 475
96 483
96 521
96 527
97 377
97 489
97 525
97 587
97 598
98 286
98 423
98 495
98 521
98 586
99 318
99 381
99 389
99 469
99 574
100 103
100 241
100 269
100 279
100 339
101 184
101 507
101 532
101 555
101 578
102 241
102 469
102 492
102 509
102 580
103 100
103 455
103 494
103 505
103 513
104 401
104 502
104 505
104 568
104 586
105 355
105 442
105 511
105 576
105 588
106 494
106 516
106 565
106 567
106 591
107 209
107 213
107 337
107 429
107 597
108 208
108 458
108 481
108 483
108 566
109 138
109 342
109 479
109 545
109 596
110 334
110 487
110 496
110 512
110 591
111 385
111 428
111 452
111 554
111 560
112 207
112 358
112 372
112 510
112 521
113 71
113 390
113 492
113 509
113 519
114 351
114 448
114 454
114 543
114 597
115 344
115 388
115 473
115 479
115 556
116 143
116 377
116 447
116 462
116 501
117 131
117 500
117 528
117 554
117 560
118 14
118 83
118 254
118 425
118 546
119 122
119 241
119 246
119 284
119 362
120 23
120 66
120 126
120 255
120 548
121 286
121 347
121 417
121 558
121 587
122 76
122 119
122 187
122 254
122 283
122 539
123 321
123 350
123 355
123 378
123 402
123 550
124 420
124 517
124 534
124 579
124 583
124 590
125 13
125 190
125 395
125 441
125 485
125 546
126 15
126 120
126 419
126 510
126 549
126 593
127 337
127 450
127 535
127 541
127 553
127 589
128 3
128 40
128 144
128 368
128 488
128 493
129 290
129 301
129 321
129 354
129 367
129 373
130 133
130 137
130 215
130 518
130 576
130 587
131 117
131 484
131 511
131 520
131 554
131 571
132 250
132 308
132 374
132 506
132 595
132 599
133 130
133 318
133 386
133 411
133 464
133 548
134 150
134 275
134 315
134 338
134 432
134 599
135 430
135 485
135 520
135 525
135 578
135 581
136 53
136 275
136 488
136 512
136 575
136 593
137 130
137 280
137 445
137 492
137 519
137 580
138 109
138 514
138 524
138 543
138 558
138 571
139 193
139 351
139 514
139 543
139 551
139 597
140 348
140 471
140 494
140 509
140 522
140 530
141 301
141 323
141 365
141 379
141 445
141 573
142 58
142 323
142 430
142 469
142 509
142 578
143 26
143 116
143 186
143 425
143 538
143 591
144 128
144 224
144 359
144 488
144 534
144 548
145 146
145 484
145 520
145 544
145 560
145 586
146 145
146 162
146 372
146 440
146 444
146 527
147 186
147 269
147 346
147 516
147 565
147 597
148 245
148 426
148 435
148 477
148 512
148 566
149 57
149 305
149 329
149 348
149 542
149 572
150 134
150 191
150 365
150 392
150 393
150 450
151 199
151 354
151 469
151 505
151 551
151 578
152 53
152 191
152 243
152 332
152 395
152 445
153 295
153 352
153 364
153 501
153 539
153 593
154 203
154 247
154 309
154 345
154 526
154 550
155 159
155 167
155 309
155 321
155 354
155 596
156 74
156 190
156 320
156 331
156 546
156 571
157 351
157 461
157 515
157 532
157 554
157 556
158 364
158 451
158 513
158 539
158 548
158 593
159 55
159 155
159 216
159 247
159 345
159 359
160 40
160 263
160 317
160 410
160 527
160 542
161 325
161 352
161 361
161 364
161 451
161 593
162 146
162 289
162 471
162 529
162 530
162 546
163 80
163 331
163 368
163 539
163 581
163 593
164 432
164 448
164 537
164 563
164 589
164 598
165 233
165 305
165 371
165 443
165 462
165 587
166 437
166 478
166 489
166 501
166 518
166 589
167 87
167 155
167 229
167 373
167 486
167 585
168 20
168 227
168 276
168 324
168 572
168 590
169 261
169 374
169 465
169 518
169 542
169 566
170 80
170 242
170 275
170 437
170 445
170 525
171 20
171 184
171 208
171 357
171 545
171 555
172 207
172 334
172 469
172 525
172 551
172 578
173 70
173 175
173 372
173 397
173 408
173 441
174 0
174 30
174 231
174 353
174 523
174 562
175 173
175 394
175 452
175 457
175 472
175 591
176 256
176 283
176 366
176 372
176 527
176 593
177 314
177 458
177 476
177 553
177 561
177 589
178 294
178 503
178 537
178 552
178 559
178 598
179 251
179 297
179 299
179 387
179 455
179 575
180 310
180 400
180 464
180 490
180 538
180 548
181 361
181 493
181 504
181 552
181 562
181 582
182 356
182 444
182 543
182 553
182 581
182 589
183 234
183 271
183 374
183 405
183 496
183 566
184 101
184 171
184 196
184 436
184 488
184 541
185 416
185 495
185 499
185 525
185 549
185 598
186 0
186 143
186 147
186 267
186 565
186 590
187 90
187 122
187 288
187 362
187 479
187 577
188 302
188 343
188 353
188 362
188 431
188 527
189 350
189 394
189 475
189 493
189 568
189 574
190 125
190 156
190 303
190 308
190 395
190 441
191 18
191 150
191 152
191 215
191 315
191 445
192 378
192 403
192 456
192 499
192 533
192 550
193 71
193 139
193 492
193 504
193 524
193 559
194 268
194 395
194 412
194 425
194 528
194 546
195 90
195 356
195 360
195 553
195 576
195 589
196 184
196 301
196 365
196 415
196 494
196 559
197 212
197 357
197 469
197 517
197 574
197 579
198 307
198 323
198 489
198 536
198 572
198 590
199 151
199 458
199 525
199 536
199 551
199 578
200 348
200 478
200 511
200 531
200 536
200 590
201 255
201 379
201 515
201 532
201 571
201 581
202 313
202 421
202 449
202 486
202 510
202 568
203 154
203 453
203 526
203 533
203 550
203 558
204 54
204 385
204 410
204 514
204 526
204 592
205 420
205 463
205 541
205 555
205 592
205 593
206 58
206 226
206 230
206 246
206 529
206 551
207 112
207 172
207 240
207 366
207 508
207 521
208 108
208 171
208 447
208 497
208 507
208 545
209 107
209 276
209 437
209 489
209 543
209 597
210 19
210 340
210 426
210 502
210 511
210 552
211 17
211 411
211 429
211 534
211 548
211 596
212 53
212 197
212 364
212 403
212 428
212 493
212 574
213 107
213 355
213 388
213 396
213 526
213 533
213 596
214 376
214 438
214 491
214 528
214 545
214 570
214 573
215 130
215 191
215 443
215 517
215 518
215 587
215 598
216 59
216 88
216 159
216 393
216 472
216 535
216 594
217 334
217 367
217 442
217 480
217 500
217 579
217 592
218 29
218 319
218 450
218 468
218 504
218 517
218 583
219 417
219 433
219 538
219 572
219 574
219 584
219 590
220 274
220 322
220 411
220 414
220 464
220 490
220 548
221 262
221 467
221 492
221 498
221 526
221 580
221 588
222 470
222 485
222 552
222 562
222 582
222 584
222 589
223 406
223 448
223 459
223 479
223 547
223 574
223 585
224 144
224 250
224 352
224 385
224 539
224 552
224 556
225 69
225 345
225 438
225 464
225 465
225 570
225 594
226 206
226 430
226 478
226 533
226 551
226 578
226 586
227 58
227 168
227 282
227 433
227 498
227 536
227 572
228 44
228 411
228 444
228 522
228 557
228 575
228 594
229 54
229 167
229 247
229 296
229 321
229 463
229 566
230 5
230 31
230 206
230 373
230 403
230 532
230 578
231 0
231 86
231 174
231 233
231 378
231 431
231 578
232 78
232 347
232 424
232 460
232 534
232 557
232 573
233 165
233 231
233 246
233 316
233 343
233 431
233 579
234 183
234 298
234 324
234 354
234 504
234 512
234 564
235 414
235 466
235 491
235 539
235 540
235 566
235 577
236 405
236 471
236 474
236 522
236 529
236 530
236 560
237 256
237 381
237 520
237 523
237 547
237 576
237 582
238 245
238 287
238 359
238 407
238 439
238 531
238 585
239 8
239 285
239 313
239 346
239 455
239 538
239 565
240 59
240 207
240 366
240 426
240 457
240 503
240 527
241 100
241 102
241 119
241 339
241 494
241 552
241 589
242 170
242 294
242 381
242 386
242 549
242 563
242 598
243 18
243 152
243 301
243 330
243 445
243 455
243 526
244 261
244 277
244 386
244 508
244 512
244 563
244 598
245 76
245 148
245 238
245 359
245 390
245 585
245 596
246 119
246 206
246 233
246 284
246 343
246 431
246 534
247 54
247 56
247 154
247 159
247 229
247 290
247 373
248 310
248 356
248 455
248 534
248 549
248 557
248 573
249 253
249 264
249 272
249 439
249 445
249 446
249 599
250 132
250 224
250 315
250 319
250 432
250 506
250 599
251 179
251 295
251 383
251 387
251 407
251 447
251 597
252 261
252 349
252 361
252 452
252 501
252 518
252 587
253 249
253 359
253 479
253 514
253 523
253 571
253 594
254 118
254 122
254 288
254 413
254 473
254 585
254 596
255 120
255 201
255 310
255 332
255 474
255 481
255 483
256 176
256 237
256 477
256 503
256 562
256 582
256 599
257 404
257 476
257 482
257 498
257 535
257 553
257 599
258 15
258 76
258 288
258 352
258 359
258 585
258 596
259 361
259 369
259 384
259 408
259 470
259 573
259 584
260 267
260 344
260 368
260 388
260 473
260 520
260 564
261 169
261 244
261 252
261 264
261 537
261 577
261 598
262 221
262 336
262 425
262 434
262 498
262 519
262 580
263 17
263 40
263 160
263 413
263 440
263 527
263 589
264 36
264 249
264 261
264 353
264 563
264 576
264 598
265 361
265 471
265 503
265 522
265 529
265 530
265 599
266 279
266 282
266 449
266 486
266 524
266 557
266 568
267 186
267 260
267 436
267 463
267 482
267 521
267 592
268 194
268 456
268 526
268 533
268 550
268 574
268 596
269 100
269 147
269 373
269 535
269 553
269 584
269 589
270 444
270 479
270 503
270 504
270 552
270 562
270 582
271 183
271 375
271 406
271 411
271 472
271 511
271 566
272 249
272 308
272 410
272 418
272 439
272 535
272 565
273 420
273 482
273 490
273 541
273 545
273 592
273 598
274 220
274 313
274 491
274 522
274 529
274 530
274 569
275 16
275 134
275 136
275 170
275 328
275 484
275 593
276 168
276 209
276 316
276 390
276 399
276 466
276 597
277 34
277 43
277 67
277 244
277 497
277 543
277 597
278 63
278 484
278 494
278 554
278 560
278 581
278 586
279 100
279 266
279 282
279 335
279 486
279 568
279 577
280 50
280 137
280 369
280 492
280 519
280 575
280 580
281 420
281 427
281 473
281 517
281 545
281 579
281 583
282 227
282 266
282 279
282 318
282 375
282 406
282 415
282 568
283 59
283 95
283 122
283 176
283 430
283 466
283 521
283 595
284 0
284 30
284 31
284 119
284 246
284 353
284 486
284 588
285 4
285 239
285 363
285 403
285 413
285 538
285 580
285 591
286 98
286 121
286 314
286 505
286 544
286 580
286 586
286 592
287 238
287 302
287 344
287 378
287 388
287 425
287 473
287 564
288 187
288 254
288 258
288 314
288 382
288 459
288 524
288 569
289 162
289 325
289 471
289 480
289 522
289 529
289 530
289 538
290 32
290 46
290 87
290 129
290 247
290 373
290 386
290 490
291 47
291 338
291 426
291 435
291 532
291 566
291 581
291 593
292 293
292 311
292 412
292 519
292 551
292 561
292 588
292 595
293 292
293 302
293 322
293 466
293 473
293 499
293 564
293 591
294 72
294 178
294 242
294 362
294 423
294 537
294 563
294 598
295 42
295 153
295 251
295 299
295 325
295 386
295 387
295 407
296 229
296 355
296 378
296 443
296 526
296 533
296 550
296 567
297 179
297 328
297 369
297 420
297 423
297 473
297 579
297 583
298 234
298 451
298 488
298 539
298 544
298 566
298 572
298 593
299 179
299 295
299 325
299 355
299 400
299 447
299 488
299 519
300 333
300 342
300 388
300 569
300 573
300 575
300 581
300 587
301 53
301 129
301 141
301 196
301 243
301 437
301 570
301 595
302 77
302 188
302 287
302 293
302 322
302 473
302 475
302 564
303 35
303 190
303 379
303 440
303 458
303 483
303 515
303 579
304 8
304 372
304 441
304 468
304 530
304 534
304 573
304 581
305 9
305 149
305 165
305 489
305 501
305 523
305 559
305 588
306 315
306 357
306 432
306 439
306 446
306 561
306 570
306 599
307 198
307 404
307 460
307 527
307 534
307 573
307 575
307 581
308 132
308 190
308 272
308 317
308 387
308 506
308 546
308 599
309 154
309 155
309 432
309 558
309 569
309 590
309 592
309 593
310 60
310 85
310 180
310 248
310 255
310 468
310 573
310 581
311 292
311 390
311 454
311 540
311 544
311 546
311 554
311 576
312 347
312 426
312 495
312 505
312 513
312 569
312 586
312 597
313 202
313 239
313 274
313 360
313 450
313 522
313 529
313 530
314 42
314 177
314 286
314 288
314 325
314 407
314 447
314 556
315 134
315 191
315 250
315 306
315 317
315 338
315 387
315 410
316 68
316 233
316 276
316 351
316 390
316 422
316 462
316 597
317 50
317 160
317 308
317 315
317 506
317 517
317 541
317 599
318 99
318 133
318 282
318 335
318 421
318 449
318 559
318 568
319 32
319 218
319 250
319 360
319 404
319 476
319 535
319 589
320 82
320 156
320 341
320 425
320 441
320 517
320 546
320 587
321 46
321 123
321 129
321 155
321 229
321 354
321 379
321 522
322 88
322 220
322 293
322 302
322 418
322 499
322 564
322 582
323 141
323 142
323 198
323 478
323 500
323 525
323 536
323 590
324 51
324 57
324 168
324 234
324 417
324 433
324 478
324 554
325 75
325 161
325 289
325 295
325 299
325 314
325 387
325 447
326 57
326 79
326 566
326 572
326 575
326 590
326 595
326 596
327 331
327 337
327 390
327 422
327 445
327 459
327 499
327 543
328 275
328 297
328 352
328 364
328 368
328 502
328 536
328 539
329 149
329 350
329 403
329 453
329 493
329 497
329 565
329 574
330 243
330 423
330 427
330 460
330 517
330 541
330 579
330 583
331 34
331 156
331 163
331 327
331 399
331 472
331 546
331 597
332 152
332 255
332 385
332 485
332 497
332 507
332 545
332 555
333 35
333 300
333 471
333 488
333 506
333 557
333 573
333 575
333 581
334 10
334 110
334 172
334 217
334 339
334 367
334 409
334 487
334 496
335 75
335 279
335 318
335 375
335 457
335 486
335 498
335 568
335 570
336 0
336 14
336 262
336 369
336 492
336 498
336 509
336 538
336 580
337 107
337 127
337 327
337 422
337 449
337 467
337 494
337 583
337 597
338 134
338 291
338 315
338 405
338 426
338 435
338 459
338 472
338 511
339 41
339 100
339 241
339 334
339 456
339 476
339 508
339 553
339 589
340 47
340 210
340 405
340 422
340 435
340 472
340 511
340 574
340 594
341 81
341 83
341 320
341 395
341 425
341 431
341 441
341 471
341 559
342 109
342 300
342 359
342 448
342 508
342 531
342 547
342 572
342 596
343 188
343 233
343 246
343 344
343 348
343 362
343 421
343 431
343 455
344 64
344 115
344 260
344 287
344 343
344 388
344 564
344 571
344 588
345 154
345 159
345 225
345 358
345 465
345 516
345 528
345 536
345 570
346 46
346 49
346 147
346 239
346 363
346 391
346 490
346 591
346 597
347 121
347 232
347 312
347 455
347 463
347 505
347 513
347 531
347 586
348 140
348 149
348 200
348 343
348 440
348 520
348 536
348 572
348 590
349 252
349 443
349 462
349 489
349 500
349 515
349 587
349 591
349 596
350 123
350 189
350 329
350 381
350 428
350 453
350 500
350 569
350 574
351 114
351 139
351 157
351 316
351 399
351 432
351 442
351 553
351 597
352 37
352 60
352 153
352 161
352 224
352 258
352 328
352 494
352 593
353 174
353 188
353 264
353 284
353 362
353 431
353 435
353 518
353 540
354 89
354 129
354 151
354 155
354 234
354 321
354 493
354 531
354 595
355 24
355 105
355 123
355 213
355 296
355 299
355 373
355 533
355 550
356 62
356 182
356 195
356 248
356 360
356 476
356 535
356 541
356 553
357 171
357 197
357 306
357 423
357 504
357 517
357 554
357 579
357 583
358 74
358 112
358 345
358 465
358 468
358 491
358 512
358 528
358 570
359 144
359 159
359 238
359 245
359 253
359 258
359 342
359 498
359 508
360 195
360 313
360 319
360 356
360 370
360 404
360 476
360 578
360 589
361 161
361 181
361 252
361 259
361 265
361 450
361 562
361 582
361 584
362 30
362 119
362 187
362 188
362 294
362 343
362 353
362 431
362 432
363 49
363 285
363 346
363 391
363 516
363 533
363 538
363 556
363 564
364 153
364 158
364 161
364 212
364 328
364 417
364 501
364 539
364 593
365 5
365 18
365 91
365 141
365 150
365 196
365 392
365 415
365 443
366 40
366 176
366 207
366 240
366 440
366 477
366 516
366 527
366 579
367 129
367 217
367 334
367 409
367 487
367 496
367 500
367 562
367 571
367 592
368 128
368 163
368 260
368 328
368 451
368 539
368 562
368 570
368 593
368 596
369 259
369 280
369 297
369 336
369 438
369 439
369 492
369 498
369 509
369 580
370 360
370 382
370 438
370 452
370 465
370 502
370 549
370 570
370 581
370 585
371 1
371 165
371 424
371 467
371 484
371 519
371 523
371 559
371 583
371 594
372 112
372 146
372 173
372 176
372 304
372 409
372 440
372 518
372 521
372 527
373 87
373 129
373 167
373 230
373 247
373 269
373 290
373 355
373 475
373 481
374 132
374 169
374 183
374 435
374 454
374 460
374 472
374 511
374 548
374 566
375 72
375 271
375 282
375 335
375 394
375 421
375 449
375 486
375 567
375 568
376 19
376 214
376 382
376 393
376 397
376 438
376 452
376 491
376 528
376 559
377 97
377 116
377 392
377 446
377 489
377 501
377 515
377 518
377 569
377 587
378 5
378 11
378 123
378 192
378 231
378 287
378 296
378 396
378 456
378 533
379 141
379 201
379 303
379 321
379 393
379 450
379 474
379 483
379 512
379 568
380 33
380 399
380 451
380 460
380 557
380 573
380 575
380 581
380 589
380 590
381 99
381 237
381 242
381 350
381 389
381 453
381 462
381 493
381 558
381 574
382 288
382 370
382 376
382 438
382 452
382 471
382 528
382 555
382 565
382 570
383 251
383 418
383 461
383 508
383 531
383 547
383 582
383 585
383 588
383 596
384 259
384 470
384 496
384 530
384 544
384 552
384 562
384 581
384 582
384 584
385 35
385 111
385 204
385 224
385 332
385 419
385 484
385 520
385 554
385 560
386 133
386 242
386 244
386 290
386 295
386 448
386 537
386 563
386 576
386 598
387 179
387 251
387 295
387 308
387 315
387 325
387 407
387 410
387 447
387 451
388 115
388 213
388 260
388 287
388 300
388 344
388 407
388 458
388 473
388 564
389 99
389 381
389 396
389 403
389 428
389 453
389 470
389 479
389 568
389 574
390 113
390 245
390 276
390 311
390 316
390 327
390 399
390 422
390 543
390 598
391 70
391 346
391 363
391 491
391 516
391 523
391 538
391 565
391 572
391 591
392 81
392 150
392 365
392 377
392 393
392 415
392 424
392 437
392 473
392 523
393 150
393 216
393 376
393 379
393 392
393 394
393 396
393 415
393 437
393 494
394 175
394 189
394 375
394 393
394 428
394 453
394 493
394 515
394 574
394 590
395 74
395 125
395 152
395 190
395 194
395 341
395 483
395 507
395 546
395 594
396 65
396 213
396 378
396 389
396 393
396 456
396 526
396 533
396 550
396 584
397 15
397 66
397 173
397 376
397 402
397 407
397 408
397 493
397 510
397 549
398 399
398 401
398 406
398 442
398 466
398 474
398 479
398 540
398 561
398 576
399 276
399 331
399 351
399 380
399 390
399 398
399 417
399 422
399 501
399 543
400 39
400 41
400 180
400 299
400 429
400 464
400 490
400 526
400 548
400 582
401 104
401 398
401 455
401 460
401 485
401 495
401 516
401 556
401 585
401 586
402 19
402 47
402 61
402 123
402 397
402 405
402 435
402 467
402 511
402 566
403 192
403 212
403 230
403 285
403 329
403 389
403 428
403 493
403 522
403 574
404 69
404 257
404 307
404 319
404 360
404 421
404 535
404 550
404 575
404 589
405 183
405 236
405 338
405 340
405 402
405 426
405 472
405 513
405 528
405 533
406 45
406 223
406 271
406 282
406 398
406 413
406 442
406 544
406 561
406 576
406 588
407 238
407 251
407 295
407 314
407 387
407 388
407 397
407 444
407 447
407 546
407 556
408 15
408 19
408 62
408 173
408 259
408 397
408 416
408 435
408 480
408 510
408 549
409 334
409 367
409 372
409 468
409 480
409 487
409 494
409 496
409 500
409 509
409 530
410 160
410 204
410 272
410 315
410 387
410 428
410 432
410 439
410 446
410 506
410 599
411 27
411 133
411 211
411 220
411 228
411 271
411 415
411 464
411 490
411 548
411 594
412 194
412 292
412 413
412 427
412 506
412 544
412 556
412 561
412 572
412 577
412 588
413 7
413 254
413 263
413 285
413 406
413 412
413 516
413 540
413 544
413 576
413 577
414 22
414 220
414 235
414 439
414 454
414 466
414 502
414 540
414 577
414 588
414 594
415 53
415 80
415 196
415 282
415 365
415 392
415 393
415 411
415 437
415 566
415 569
416 12
416 41
416 185
416 408
416 424
416 499
416 510
416 521
416 525
416 529
416 549
417 121
417 219
417 324
417 364
417 399
417 433
417 478
417 482
417 535
417 572
417 590
418 272
418 322
418 383
418 495
418 508
418 518
418 531
418 567
418 569
418 577
418 596
419 60
419 82
419 126
419 385
419 458
419 467
419 478
419 520
419 554
419 560
419 563
420 45
420 64
420 68
420 124
420 205
420 273
420 281
420 297
420 517
420 574
420 583
421 10
421 12
421 202
421 318
421 343
421 375
421 404
421 449
421 486
421 515
421 568
422 23
422 316
422 327
422 337
422 340
422 390
422 399
422 492
422 543
422 595
422 597
423 45
423 98
423 294
423 297
423 330
423 357
423 499
423 504
423 562
423 579
423 583
424 232
424 371
424 392
424 416
424 464
424 488
424 532
424 558
424 577
424 585
424 597
425 118
425 143
425 194
425 262
425 287
425 320
425 341
425 441
425 474
425 544
425 546
426 148
426 210
426 240
426 291
426 312
426 338
426 405
426 431
426 472
426 538
426 566
427 281
427 330
427 412
427 435
427 504
427 517
427 569
427 575
427 579
427 583
427 589
428 111
428 212
428 350
428 389
428 394
428 403
428 410
428 433
428 437
428 453
428 574
429 17
429 27
429 107
429 211
429 400
429 464
429 490
429 548
429 557
429 565
429 583
430 14
430 85
430 135
430 142
430 226
430 283
430 469
430 551
430 568
430 578
430 589
431 188
431 231
431 233
431 246
431 341
431 343
431 353
431 362
431 426
431 537
431 539
432 134
432 164
432 250
432 306
432 309
432 351
432 362
432 410
432 439
432 486
432 599
433 219
433 227
433 324
433 417
433 428
433 446
433 536
433 557
433 572
433 575
433 590
434 262
434 457
434 508
434 514
434 523
434 557
434 558
434 559
434 571
434 576
434 594
435 61
435 148
435 291
435 338
435 340
435 353
435 374
435 402
435 408
435 427
435 436
435 511
436 90
436 184
436 267
436 435
436 447
436 482
436 487
436 502
436 507
436 545
436 578
436 592
437 77
437 166
437 170
437 209
437 301
437 392
437 393
437 415
437 428
437 439
437 441
437 445
438 214
438 225
438 369
438 370
438 376
438 382
438 465
438 491
438 498
438 508
438 570
438 588
439 238
439 249
439 272
439 306
439 369
439 410
439 414
439 432
439 437
439 446
439 588
439 599
440 59
440 65
440 95
440 146
440 263
440 303
440 348
440 366
440 372
440 442
440 521
440 543
441 83
441 92
441 125
441 173
441 190
441 304
441 320
441 341
441 425
441 437
441 476
441 546
442 105
442 217
442 351
442 398
442 406
442 440
442 454
442 460
442 466
442 577
442 585
442 588
443 165
443 215
443 296
443 349
443 365
443 461
443 462
443 489
443 518
443 525
443 540
443 587
444 44
444 54
444 146
444 182
444 228
444 270
444 407
444 460
444 468
444 534
444 557
444 581
445 81
445 137
445 141
445 152
445 170
445 191
445 243
445 249
445 327
445 437
445 480
445 588
446 50
446 82
446 249
446 306
446 377
446 410
446 433
446 439
446 502
446 506
446 576
446 599
447 42
447 116
447 208
447 251
447 299
447 314
447 325
447 387
447 407
447 436
447 530
447 576
448 13
448 65
448 86
448 114
448 164
448 223
448 342
448 386
448 518
448 537
448 591
448 598
449 12
449 202
449 266
449 318
449 337
449 375
449 421
449 461
449 476
449 561
449 568
449 599
450 127
450 150
450 218
450 313
450 361
450 379
450 457
450 474
450 558
450 564
450 567
450 588
451 158
451 161
451 298
451 368
451 380
451 387
451 454
451 539
451 547
451 556
451 593
451 598
452 72
452 111
452 175
452 252
452 370
452 376
452 382
452 456
452 465
452 491
452 562
452 570
453 91
453 203
453 329
453 350
453 381
453 389
453 394
453 428
453 465
453 469
453 471
453 574
454 114
454 311
454 374
454 414
454 442
454 451
454 497
454 561
454 576
454 577
454 587
454 588
455 103
455 179
455 239
455 243
455 248
455 343
455 347
455 401
455 485
455 495
455 513
455 586
456 192
456 268
456 339
456 378
456 396
456 452
456 489
456 526
456 533
456 542
456 550
456 553
457 10
457 175
457 240
457 335
457 434
457 450
457 467
457 481
457 495
457 523
457 559
457 571
457 577
458 79
458 108
458 177
458 199
458 303
458 388
458 419
458 461
458 466
458 481
458 515
458 532
458 587
459 21
459 223
459 288
459 327
459 338
459 461
459 508
459 514
459 531
459 567
459 585
459 595
459 596
460 232
460 307
460 330
460 374
460 380
460 401
460 442
460 444
460 533
460 547
460 557
460 575
460 581
461 157
461 383
461 443
461 449
461 458
461 459
461 474
461 481
461 483
461 515
461 532
461 553
461 569
462 9
462 46
462 116
462 165
462 316
462 349
462 381
462 443
462 501
462 518
462 587
462 590
462 593
463 51
463 205
463 229
463 267
463 347
463 467
463 494
463 497
463 541
463 545
463 555
463 563
463 592
464 133
464 180
464 220
464 225
464 400
464 411
464 424
464 429
464 472
464 477
464 490
464 493
464 548
465 169
465 225
465 345
465 358
465 370
465 438
465 452
465 453
465 471
465 491
465 517
465 528
465 570
466 47
466 235
466 276
466 283
466 293
466 398
466 414
466 442
466 458
466 540
466 561
466 580
466 588
467 25
467 221
467 337
467 371
467 402
467 419
467 457
467 463
467 514
467 550
467 556
467 571
467 594
468 44
468 218
468 304
468 310
468 358
468 409
468 444
468 534
468 550
468 573
468 575
468 581
468 591
469 58
469 99
469 102
469 142
469 151
469 172
469 197
469 430
469 453
469 525
469 551
469 578
469 592
470 48
470 222
470 259
470 384
470 389
470 483
470 492
470 551
470 552
470 562
470 580
470 582
470 584
471 140
471 162
471 236
471 265
471 289
471 333
471 341
471 382
471 453
471 465
471 522
471 529
471 530
472 23
472 175
472 216
472 271
472 331
472 338
472 340
472 374
472 405
472 426
472 464
472 543
472 566
473 88
473 115
473 254
473 260
473 281
473 287
473 293
473 297
473 302
473 388
473 392
473 564
473 584
474 48
474 236
474 255
474 379
474 398
474 425
474 450
474 461
474 481
474 483
474 515
474 532
474 594
475 55
475 96
475 189
475 302
475 373
475 483
475 489
475 521
475 567
475 568
475 580
475 583
475 593
476 177
476 257
476 319
476 339
476 356
476 360
476 441
476 449
476 516
476 536
476 553
476 566
476 569
477 33
477 44
477 148
477 256
477 366
477 464
477 503
477 552
477 562
477 573
477 582
477 584
477 595
478 166
478 200
478 226
478 323
478 324
478 417
478 419
478 536
478 542
478 548
478 572
478 583
478 590
479 109
479 115
479 187
479 223
479 253
479 270
479 389
479 398
479 508
479 512
479 547
479 567
479 595
480 17
480 21
480 73
480 84
480 217
480 289
480 408
480 409
480 445
480 487
480 496
480 500
480 527
481 2
481 79
481 108
481 255
481 373
481 457
481 458
481 461
481 474
481 488
481 515
481 557
481 597
482 51
482 73
482 87
482 257
482 267
482 273
482 417
482 436
482 486
482 497
482 541
482 545
482 565
483 2
483 96
483 108
483 255
483 303
483 379
483 395
483 461
483 470
483 474
483 475
483 504
483 515
483 585
484 75
484 131
484 145
484 275
484 278
484 371
484 385
484 497
484 509
484 520
484 554
484 560
484 594
484 595
485 24
485 91
485 125
485 135
485 222
485 332
485 401
485 455
485 495
485 505
485 513
485 522
485 555
485 586
486 75
486 167
486 202
486 266
486 279
486 284
486 335
486 375
486 421
486 432
486 482
486 491
486 551
486 568
487 73
487 110
487 334
487 367
487 409
487 436
487 480
487 494
487 496
487 500
487 510
487 529
487 563
487 577
488 16
488 128
488 136
488 144
488 184
488 298
488 299
488 333
488 424
488 481
488 539
488 549
488 560
488 593
489 97
489 166
489 198
489 209
489 305
489 349
489 377
489 443
489 456
489 475
489 501
489 587
489 592
489 599
490 17
490 39
490 93
490 180
490 220
490 273
490 290
490 346
490 400
490 411
490 429
490 464
490 542
490 548
491 214
491 235
491 274
491 358
491 376
491 391
491 438
491 452
491 465
491 486
491 528
491 534
491 570
491 599
492 28
492 102
492 113
492 137
492 193
492 221
492 280
492 336
492 369
492 422
492 470
492 519
492 553
492 576
493 32
493 128
493 181
493 189
493 212
493 329
493 354
493 381
493 394
493 397
493 403
493 464
493 510
493 574
494 103
494 106
494 140
494 196
494 241
494 278
494 337
494 352
494 393
494 409
494 463
494 487
494 524
494 589
495 80
495 91
495 98
495 185
495 312
495 401
495 418
495 455
495 457
495 485
495 505
495 513
495 586
495 589
496 21
496 63
496 74
496 84
496 110
496 183
496 334
496 367
496 384
496 409
496 480
496 487
496 497
496 500
496 532
497 208
497 277
497 329
497 332
497 454
497 463
497 482
497 484
497 496
497 507
497 527
497 541
497 545
497 555
497 592
498 28
498 38
498 92
498 221
498 227
498 257
498 262
498 335
498 336
498 359
498 369
498 438
498 509
498 521
498 580
499 1
499 3
499 93
499 185
499 192
499 293
499 322
499 327
499 416
499 423
499 506
499 524
499 555
499 596
499 599
500 21
500 73
500 84
500 117
500 217
500 323
500 349
500 350
500 367
500 409
500 480
500 487
500 496
500 504
500 590
501 116
501 153
501 166
501 252
501 305
501 364
501 377
501 399
501 462
501 489
501 515
501 518
501 561
501 577
501 587
502 104
502 210
502 328
502 370
502 414
502 436
502 446
502 528
502 543
502 551
502 555
502 559
502 567
502 594
502 597
503 48
503 50
503 94
503 178
503 240
503 256
503 265
503 270
503 477
503 506
503 552
503 562
503 582
503 584
503 593
504 29
504 181
504 193
504 218
504 234
504 270
504 357
504 423
504 427
504 483
504 500
504 517
504 542
504 579
504 583
505 103
505 104
505 151
505 286
505 312
505 347
505 485
505 495
505 507
505 513
505 514
505 516
505 544
505 553
505 586
506 82
506 84
506 89
506 132
506 250
506 308
506 317
506 333
506 410
506 412
506 446
506 499
506 503
506 531
506 599
507 101
507 208
507 332
507 395
507 436
507 497
507 505
507 510
507 513
507 541
507 545
507 553
507 555
507 586
507 592
508 207
508 244
508 339
508 342
508 359
508 383
508 418
508 434
508 438
508 459
508 479
508 531
508 567
508 590
508 596
509 3
509 14
509 92
509 102
509 113
509 140
509 142
509 336
509 369
509 409
509 484
509 498
509 512
509 519
509 560
510 23
510 41
510 62
510 112
510 126
510 202
510 397
510 408
510 416
510 487
510 493
510 507
510 512
510 513
510 549
511 19
511 25
511 95
511 105
511 131
511 200
511 210
511 271
511 338
511 340
511 374
511 402
511 435
511 531
511 566
512 9
512 23
512 110
512 136
512 148
512 234
512 244
512 358
512 379
512 479
512 509
512 510
512 514
512 532
512 571
513 24
513 103
513 158
513 312
513 347
513 405
513 455
513 485
513 495
513 505
513 507
513 510
513 536
513 540
513 586
514 138
514 139
514 204
514 253
514 434
514 459
514 467
514 505
514 512
514 523
514 547
514 558
514 586
514 594
514 595
515 35
515 157
515 201
515 303
515 349
515 377
515 394
515 421
515 458
515 461
515 474
515 481
515 483
515 501
515 543
515 570
516 26
516 68
516 106
516 147
516 345
516 363
516 366
516 391
516 401
516 413
516 476
516 505
516 526
516 538
516 565
516 591
517 124
517 197
517 215
517 218
517 281
517 317
517 320
517 330
517 357
517 420
517 427
517 465
517 504
517 524
517 527
517 583
518 130
518 166
518 169
518 215
518 252
518 353
518 372
518 377
518 418
518 443
518 448
518 462
518 501
518 576
518 587
518 595
519 3
519 14
519 38
519 113
519 137
519 262
519 280
519 292
519 299
519 371
519 492
519 509
519 521
519 580
519 581
519 597
520 52
520 60
520 71
520 77
520 131
520 135
520 145
520 237
520 260
520 348
520 385
520 419
520 484
520 523
520 560
520 595
521 11
521 95
521 96
521 98
521 112
521 207
521 267
521 283
521 372
521 416
521 440
521 475
521 498
521 519
521 527
521 592
522 140
522 228
522 236
522 265
522 274
522 289
522 313
522 321
522 403
522 471
522 485
522 529
522 530
522 564
522 586
522 591
523 174
523 237
523 253
523 305
523 371
523 391
523 392
523 434
523 457
523 514
523 520
523 524
523 558
523 559
523 564
523 594
524 10
524 138
524 193
524 266
524 288
524 494
524 499
524 517
524 523
524 525
524 541
524 558
524 559
524 560
524 569
524 594
525 6
525 31
525 85
525 97
525 135
525 170
525 172
525 185
525 199
525 323
525 416
525 443
525 469
525 524
525 551
525 578
526 66
526 95
526 154
526 203
526 204
526 213
526 221
526 243
526 268
526 296
526 396
526 400
526 456
526 516
526 550
526 597
527 96
527 146
527 160
527 176
527 188
527 240
527 263
527 307
527 366
527 372
527 480
527 497
527 517
527 521
527 536
527 578
528 1
528 72
528 117
528 194
528 214
528 345
528 358
528 376
528 382
528 405
528 465
528 491
528 502
528 560
528 567
528 570
529 11
529 51
529 59
529 162
529 206
529 236
529 265
529 274
529 289
529 313
529 416
529 471
529 487
529 522
529 530
529 575
530 140
530 162
530 236
530 265
530 274
530 289
530 304
530 313
530 384
530 409
530 447
530 471
530 522
530 529
530 551
530 583
531 200
531 238
531 342
531 347
531 354
531 383
531 418
531 459
531 506
531 508
531 511
531 535
531 542
531 547
531 585
531 596
532 20
532 35
532 37
532 79
532 101
532 157
532 201
532 230
532 291
532 424
532 458
532 461
532 474
532 496
532 512
532 548
533 55
533 192
533 203
533 213
533 226
533 268
533 296
533 355
533 363
533 378
533 396
533 405
533 456
533 460
533 550
533 555
533 588
534 33
534 78
534 124
534 144
534 211
534 232
534 246
534 248
534 304
534 307
534 444
534 468
534 491
534 542
534 557
534 563
534 581
535 30
535 69
535 93
535 127
535 216
535 257
535 269
535 272
535 319
535 356
535 404
535 417
535 531
535 540
535 553
535 557
535 589
536 198
536 199
536 200
536 227
536 323
536 328
536 345
536 348
536 433
536 476
536 478
536 513
536 527
536 572
536 590
536 592
536 595
537 13
537 33
537 34
537 36
537 42
537 55
537 164
537 178
537 261
537 294
537 386
537 431
537 448
537 542
537 563
537 567
537 598
538 16
538 37
538 68
538 143
538 180
538 219
538 239
538 285
538 289
538 336
538 363
538 391
538 426
538 516
538 547
538 565
538 591
539 122
539 153
539 158
539 163
539 224
539 235
539 298
539 328
539 364
539 368
539 431
539 451
539 488
539 540
539 552
539 589
539 591
540 22
540 39
540 235
540 311
540 353
540 398
540 413
540 414
540 443
540 466
540 513
540 535
540 539
540 551
540 561
540 576
540 577
541 56
541 127
541 184
541 205
541 273
541 317
541 330
541 356
541 463
541 482
541 497
541 507
541 524
541 545
541 555
541 569
541 592
542 149
542 160
542 169
542 456
542 478
542 490
542 504
542 531
542 534
542 537
542 543
542 559
542 566
542 567
542 582
542 584
542 594
543 114
543 138
543 139
543 182
543 209
543 277
543 327
543 390
543 399
543 422
543 440
543 472
543 502
543 515
543 542
543 579
543 597
544 22
544 24
544 145
544 286
544 298
544 311
544 384
544 406
544 412
544 413
544 425
544 505
544 561
544 576
544 577
544 588
544 595
545 109
545 171
545 208
545 214
545 273
545 281
545 332
545 436
545 463
545 482
545 497
545 507
545 541
545 572
545 573
545 579
545 592
546 74
546 83
546 118
546 125
546 156
546 162
546 194
546 308
546 311
546 320
546 331
546 395
546 407
546 425
546 441
546 563
546 586
547 38
547 69
547 223
547 237
547 342
547 383
547 451
547 460
547 479
547 514
547 531
547 538
547 567
547 585
547 595
547 596
547 598
548 27
548 39
548 120
548 133
548 144
548 158
548 180
548 211
548 220
548 374
548 400
548 411
548 429
548 464
548 478
548 490
548 532
549 61
549 62
549 66
549 70
549 126
549 185
549 242
549 248
549 370
549 397
549 408
549 416
549 488
549 510
549 558
549 564
549 565
550 70
550 123
550 154
550 192
550 203
550 268
550 296
550 355
550 396
550 404
550 456
550 467
550 468
550 526
550 533
550 579
550 580
550 582
551 5
551 6
551 139
551 151
551 172
551 199
551 206
551 226
551 292
551 430
551 469
551 470
551 486
551 502
551 525
551 530
551 540
551 578
552 29
552 94
552 178
552 181
552 210
552 222
552 224
552 241
552 270
552 384
552 470
552 477
552 503
552 539
552 562
552 582
552 584
552 592
553 15
553 127
553 177
553 182
553 195
553 257
553 269
553 339
553 351
553 356
553 456
553 461
553 476
553 492
553 505
553 507
553 535
553 569
554 4
554 52
554 60
554 63
554 78
554 111
554 117
554 131
554 157
554 278
554 311
554 324
554 357
554 385
554 419
554 484
554 556
554 560
555 56
555 94
555 101
555 171
555 205
555 332
555 382
555 463
555 485
555 497
555 499
555 502
555 507
555 533
555 541
555 561
555 591
555 592
556 2
556 36
556 52
556 115
556 157
556 224
556 314
556 363
556 401
556 407
556 412
556 451
556 467
556 554
556 558
556 569
556 583
556 586
557 228
557 232
557 248
557 266
557 333
557 380
557 429
557 433
557 434
557 444
557 460
557 481
557 534
557 535
557 561
557 573
557 575
557 581
558 48
558 121
558 138
558 203
558 309
558 381
558 424
558 434
558 450
558 514
558 523
558 524
558 549
558 556
558 559
558 568
558 571
558 572
558 594
559 1
559 57
559 89
559 178
559 193
559 196
559 305
559 318
559 341
559 371
559 376
559 434
559 457
559 502
559 523
559 524
559 542
559 558
559 571
560 13
560 39
560 52
560 63
560 111
560 117
560 145
560 236
560 278
560 385
560 419
560 484
560 488
560 509
560 520
560 524
560 528
560 554
560 595
561 7
561 29
561 40
561 177
561 292
561 306
561 398
561 406
561 412
561 449
561 454
561 466
561 501
561 540
561 544
561 555
561 557
561 576
561 588
562 174
562 181
562 222
562 256
562 270
562 361
562 367
562 368
562 384
562 423
562 452
562 470
562 477
562 503
562 552
562 571
562 578
562 582
562 595
563 22
563 30
563 36
563 65
563 86
563 93
563 164
563 242
563 244
563 264
563 294
563 386
563 419
563 463
563 487
563 534
563 537
563 546
563 598
564 11
564 88
564 234
564 260
564 287
564 293
564 302
564 322
564 344
564 363
564 388
564 450
564 473
564 522
564 523
564 549
564 571
564 574
564 585
565 4
565 8
565 20
565 37
565 78
565 106
565 147
565 186
565 239
565 272
565 329
565 382
565 391
565 429
565 482
565 516
565 538
565 549
565 591
566 61
566 108
566 148
566 169
566 183
566 229
566 235
566 271
566 291
566 298
566 326
566 374
566 402
566 415
566 426
566 472
566 476
566 511
566 542
567 43
567 90
567 106
567 296
567 375
567 418
567 450
567 459
567 475
567 479
567 502
567 508
567 528
567 537
567 542
567 547
567 570
567 580
567 585
567 597
568 12
568 25
568 75
568 104
568 189
568 202
568 266
568 279
568 282
568 318
568 335
568 375
568 379
568 389
568 421
568 430
568 449
568 475
568 486
568 558
569 56
569 274
569 288
569 300
569 309
569 312
569 350
569 377
569 415
569 418
569 427
569 461
569 476
569 524
569 541
569 553
569 556
569 571
569 575
569 589
570 72
570 86
570 214
570 225
570 301
570 306
570 335
570 345
570 358
570 368
570 370
570 382
570 438
570 452
570 465
570 491
570 515
570 528
570 567
570 596
571 10
571 25
571 47
571 71
571 131
571 138
571 156
571 201
571 253
571 344
571 367
571 434
571 457
571 467
571 512
571 558
571 559
571 562
571 564
571 569
572 22
572 34
572 149
572 168
572 198
572 219
572 227
572 298
572 326
572 342
572 348
572 391
572 412
572 417
572 433
572 478
572 536
572 545
572 558
572 590
573 78
573 141
573 214
573 232
573 248
573 259
573 300
573 304
573 307
573 310
573 333
573 380
573 468
573 477
573 545
573 557
573 575
573 577
573 581
573 586
574 32
574 99
574 189
574 197
574 212
574 219
574 223
574 268
574 329
574 340
574 350
574 381
574 389
574 394
574 403
574 420
574 428
574 453
574 493
574 564
574 596
575 8
575 21
575 136
575 179
575 228
575 280
575 300
575 307
575 326
575 333
575 380
575 404
575 427
575 433
575 460
575 468
575 529
575 557
575 569
575 573
575 581
576 105
576 130
576 195
576 237
576 264
576 311
576 386
576 398
576 406
576 413
576 434
576 446
576 447
576 454
576 492
576 518
576 540
576 544
576 561
576 577
576 588
577 7
577 187
577 235
577 261
577 279
577 412
577 413
577 414
577 418
577 424
577 442
577 454
577 457
577 487
577 501
577 540
577 544
577 573
577 576
577 588
577 595
578 6
578 85
578 101
578 135
578 142
578 151
578 172
578 199
578 226
578 230
578 231
578 360
578 430
578 436
578 469
578 525
578 527
578 551
578 562
578 593
578 599
579 29
579 45
579 64
579 124
579 197
579 217
579 233
579 281
579 297
579 303
579 330
579 357
579 366
579 423
579 427
579 504
579 543
579 545
579 550
579 583
579 584
579 595
580 3
580 27
580 28
580 38
580 63
580 92
580 102
580 137
580 221
580 262
580 280
580 285
580 286
580 336
580 369
580 466
580 470
580 475
580 498
580 519
580 550
580 567
581 135
581 163
581 182
581 201
581 278
581 291
581 300
581 304
581 307
581 310
581 333
581 370
581 380
581 384
581 444
581 460
581 468
581 519
581 534
581 557
581 573
581 575
582 38
582 52
582 94
582 181
582 222
582 237
582 256
582 270
582 322
582 361
582 383
582 384
582 400
582 470
582 477
582 503
582 542
582 550
582 552
582 562
582 584
582 594
583 18
583 44
583 64
583 124
583 218
583 281
583 297
583 330
583 337
583 357
583 371
583 420
583 423
583 427
583 429
583 475
583 478
583 504
583 517
583 530
583 556
583 579
584 11
584 32
584 48
584 67
584 219
584 222
584 259
584 269
584 361
584 384
584 396
584 470
584 473
584 477
584 503
584 542
584 552
584 579
584 582
584 595
584 597
584 598
585 6
585 43
585 58
585 167
585 223
585 238
585 245
585 254
585 258
585 370
585 383
585 401
585 424
585 442
585 459
585 483
585 531
585 547
585 564
585 567
585 596
585 598
586 24
586 62
586 91
586 98
586 104
586 145
586 226
586 278
586 286
586 312
586 347
586 401
586 455
586 485
586 495
586 505
586 507
586 513
586 514
586 522
586 546
586 556
586 573
587 2
587 9
587 26
587 36
587 49
587 97
587 121
587 130
587 165
587 215
587 252
587 300
587 320
587 349
587 377
587 443
587 454
587 458
587 462
587 489
587 501
587 518
587 599
588 105
588 221
588 284
588 292
588 305
588 344
588 383
588 406
588 412
588 414
588 438
588 439
588 442
588 445
588 450
588 454
588 466
588 533
588 544
588 561
588 576
588 577
588 597
589 69
589 127
589 164
589 166
589 177
589 182
589 195
589 222
589 241
589 263
589 269
589 319
589 339
589 360
589 380
589 404
589 427
589 430
589 494
589 495
589 535
589 539
589 569
590 28
590 124
590 168
590 186
590 198
590 200
590 219
590 309
590 323
590 326
590 348
590 380
590 394
590 417
590 433
590 462
590 478
590 500
590 508
590 536
590 572
590 593
590 595
591 4
591 26
591 27
591 49
591 68
591 92
591 106
591 110
591 143
591 175
591 285
591 293
591 346
591 349
591 391
591 448
591 468
591 516
591 522
591 538
591 539
591 555
591 565
592 42
592 51
592 56
592 204
592 205
592 217
592 267
592 273
592 286
592 309
592 367
592 436
592 463
592 469
592 489
592 497
592 507
592 521
592 536
592 541
592 545
592 552
592 555
592 594
593 16
593 126
593 136
593 153
593 158
593 161
593 163
593 176
593 205
593 275
593 291
593 298
593 309
593 352
593 364
593 368
593 451
593 462
593 475
593 488
593 503
593 578
593 590
593 599
594 20
594 25
594 71
594 216
594 225
594 228
594 253
594 340
594 371
594 395
594 411
594 414
594 434
594 467
594 474
594 484
594 502
594 514
594 523
594 524
594 542
594 558
594 582
594 592
595 31
595 132
595 283
595 292
595 301
595 326
595 354
595 422
595 459
595 477
595 479
595 484
595 514
595 518
595 520
595 536
595 544
595 547
595 560
595 562
595 577
595 579
595 584
595 590
596 43
596 90
596 109
596 155
596 211
596 213
596 245
596 254
596 258
596 268
596 326
596 342
596 349
596 368
596 383
596 418
596 459
596 499
596 508
596 531
596 547
596 570
596 574
596 585
597 67
597 107
597 114
597 139
597 147
597 209
597 251
597 276
597 277
597 312
597 316
597 331
597 337
597 346
597 351
597 422
597 424
597 481
597 502
597 519
597 526
597 543
597 567
597 584
597 588
598 13
598 65
598 83
598 86
598 93
598 97
598 164
598 178
598 185
598 215
598 242
598 244
598 261
598 264
598 273
598 294
598 386
598 390
598 448
598 451
598 537
598 547
598 563
598 584
598 585
599 43
599 50
599 82
599 132
599 134
599 249
599 250
599 256
599 257
599 265
599 306
599 308
599 317
599 410
599 432
599 439
599 446
599 449
599 489
599 491
599 499
599 506
599 578
599 587
599 593
