0 32
0 419
0 450
0 523
0 530
1 179
1 460
1 490
1 559
1 596
2 421
2 434
2 545
2 560
2 585
3 216
3 416
3 536
3 556
3 582
4 169
4 410
4 437
4 529
4 560
5 70
5 323
5 445
5 523
5 548
6 156
6 459
6 509
6 542
6 572
7 8
7 216
7 416
7 469
7 582
8 7
8 185
8 428
8 435
8 558
9 94
9 363
9 460
9 487
9 503
10 168
10 391
10 535
10 547
10 582
11 269
11 448
11 564
11 569
11 575
12 192
12 248
12 365
12 562
12 573
13 431
13 506
13 510
13 582
13 596
14 425
14 480
14 509
14 555
14 581
15 88
15 470
15 530
15 538
15 576
16 80
16 441
16 453
16 589
16 594
17 188
17 431
17 559
17 597
17 598
18 78
18 177
18 447
18 512
18 524
19 44
19 128
19 141
19 501
19 514
20 363
20 460
20 518
20 530
20 542
21 322
21 375
21 538
21 577
21 599
22 283
22 471
22 572
22 587
22 593
23 499
23 537
23 587
23 595
23 597
24 211
24 538
24 564
24 575
24 586
25 170
25 528
25 533
25 534
25 553
26 469
26 486
26 497
26 547
26 593
27 112
27 197
27 210
27 242
27 580
28 297
28 334
28 468
28 486
28 595
29 54
29 260
29 271
29 507
29 532
30 305
30 352
30 466
30 484
30 519
31 114
31 237
31 360
31 515
31 598
32 0
32 234
32 360
32 418
32 523
33 233
33 336
33 521
33 533
33 536
34 114
34 209
34 393
34 431
34 515
35 274
35 448
35 510
35 526
35 599
36 467
36 500
36 536
36 587
36 591
37 95
37 327
37 504
37 531
37 584
38 60
38 320
38 459
38 555
38 560
39 280
39 429
39 464
39 508
39 598
40 67
40 283
40 493
40 496
40 598
41 117
41 343
41 351
41 523
41 534
42 314
42 319
42 333
42 346
42 471
43 171
43 380
43 543
43 554
43 562
44 19
44 141
44 395
44 469
44 514
45 325
45 369
45 559
45 571
45 581
46 255
46 367
46 400
46 486
46 573
47 132
47 324
47 448
47 524
47 574
48 281
48 329
48 433
48 533
48 553
49 440
49 445
49 476
49 569
49 584
50 232
50 450
50 547
50 565
50 589
51 76
51 195
51 356
51 402
51 565
52 153
52 309
52 474
52 524
52 588
53 101
53 310
53 393
53 564
53 591
54 29
54 160
54 257
54 373
54 445
55 234
55 390
55 576
55 581
55 592
56 186
56 288
56 351
56 571
56 580
57 405
57 501
57 520
57 583
57 584
58 350
58 416
58 496
58 516
58 582
59 126
59 283
59 382
59 532
59 546
60 38
60 236
60 414
60 470
60 538
61 208
61 280
61 452
61 504
61 539
62 140
62 248
62 453
62 546
62 570
63 245
63 335
63 407
63 485
63 513
64 230
64 434
64 507
64 570
64 583
65 144
65 281
65 444
65 471
65 575
66 190
66 350
66 387
66 416
66 495
67 40
67 243
67 444
67 496
67 566
68 97
68 316
68 491
68 557
68 592
69 212
69 295
69 437
69 485
69 529
70 5
70 86
70 286
70 422
70 542
71 441
71 528
71 558
71 559
71 595
72 95
72 205
72 354
72 539
72 564
73 208
73 427
73 493
73 523
73 599
74 472
74 520
74 540
74 576
74 599
75 332
75 403
75 468
75 475
75 567
76 51
76 367
76 489
76 506
76 573
77 160
77 177
77 378
77 445
77 594
78 18
78 371
78 408
78 471
78 594
79 450
79 525
79 553
79 573
79 588
80 16
80 407
80 454
80 471
80 500
81 104
81 378
81 548
81 578
81 591
82 85
82 487
82 517
82 584
82 590
83 300
83 560
83 564
83 576
83 592
84 388
84 453
84 458
84 475
84 583
85 82
85 127
85 323
85 462
85 556
86 70
86 200
86 534
86 582
86 583
87 135
87 195
87 333
87 376
87 523
88 15
88 386
88 405
88 514
88 596
89 364
89 401
89 464
89 539
89 546
90 214
90 231
90 417
90 551
90 562
91 158
91 253
91 273
91 491
91 540
92 239
92 371
92 450
92 559
92 565
93 259
93 296
93 304
93 492
93 582
94 9
94 279
94 352
94 526
94 599
95 37
95 72
95 476
95 528
95 569
96 244
96 332
96 355
96 365
96 554
97 68
97 152
97 550
97 560
97 590
98 339
98 519
98 526
98 595
98 599
99 192
99 461
99 477
99 517
99 577
100 189
100 379
100 451
100 467
100 516
101 53
101 311
101 349
101 488
101 596
102 190
102 191
102 202
102 416
102 443
103 164
103 302
103 433
103 469
103 582
104 81
104 329
104 534
104 565
104 578
105 427
105 503
105 537
105 585
105 589
106 464
106 479
106 493
106 502
106 591
107 245
107 313
107 338
107 439
107 477
108 173
108 396
108 467
108 529
108 536
109 193
109 290
109 435
109 529
109 586
110 154
110 282
110 508
110 515
110 573
111 140
111 390
111 514
111 571
111 576
112 27
112 127
112 566
112 577
112 593
113 122
113 321
113 429
113 519
113 568
114 31
114 34
114 379
114 408
114 432
115 193
115 410
115 496
115 545
115 586
116 142
116 309
116 495
116 508
116 517
117 41
117 351
117 390
117 451
117 532
118 362
118 550
118 580
118 589
118 594
119 120
119 297
119 357
119 409
119 480
120 119
120 418
120 543
120 583
120 592
121 298
121 350
121 464
121 508
121 524
122 113
122 260
122 383
122 502
122 550
123 418
123 428
123 500
123 551
123 586
124 257
124 306
124 465
124 475
124 595
125 467
125 488
125 550
125 578
125 590
126 59
126 207
126 470
126 570
126 592
127 85
127 112
127 221
127 469
127 556
128 19
128 242
128 540
128 566
128 592
129 162
129 222
129 359
129 436
129 561
130 207
130 389
130 502
130 514
130 540
131 342
131 476
131 529
131 531
131 584
132 47
132 353
132 438
132 578
132 591
133 252
133 451
133 531
133 549
133 569
134 154
134 391
134 487
134 497
134 518
134 588
135 87
135 418
135 437
135 493
135 528
135 530
136 192
136 324
136 365
136 443
136 551
136 554
137 222
137 403
137 404
137 406
137 499
137 567
138 156
138 507
138 517
138 543
138 586
138 595
139 347
139 424
139 437
139 467
139 529
139 575
140 62
140 111
140 243
140 482
140 546
140 572
141 19
141 44
141 143
141 563
141 569
141 599
142 116
142 377
142 395
142 431
142 467
142 585
143 141
143 259
143 392
143 532
143 560
143 587
144 65
144 464
144 489
144 518
144 591
144 598
145 223
145 365
145 430
145 506
145 509
145 562
146 380
146 423
146 545
146 560
146 564
146 582
147 199
147 314
147 355
147 466
147 492
147 583
148 223
148 319
148 490
148 533
148 545
148 565
149 254
149 501
149 535
149 560
149 585
149 596
150 299
150 463
150 541
150 544
150 558
150 564
151 215
151 286
151 329
151 478
151 479
151 534
152 97
152 220
152 257
152 340
152 595
152 599
153 52
153 212
153 437
153 559
153 562
153 571
154 110
154 134
154 327
154 530
154 539
154 573
155 291
155 395
155 454
155 513
155 544
155 563
156 6
156 138
156 440
156 451
156 476
156 584
157 227
157 312
157 404
157 459
157 545
157 567
158 91
158 305
158 407
158 462
158 526
158 550
159 197
159 453
159 468
159 525
159 547
159 580
160 54
160 77
160 329
160 372
160 494
160 532
161 285
161 293
161 370
161 439
161 465
161 498
162 129
162 173
162 225
162 396
162 454
162 591
163 307
163 493
163 511
163 514
163 551
163 586
164 103
164 206
164 268
164 553
164 563
164 571
165 242
165 441
165 515
165 558
165 559
165 596
166 167
166 226
166 273
166 465
166 534
166 548
167 166
167 236
167 278
167 478
167 532
167 548
168 10
168 172
168 368
168 373
168 529
168 560
169 4
169 376
169 434
169 472
169 482
169 529
170 25
170 310
170 479
170 564
170 587
170 591
171 43
171 230
171 336
171 397
171 430
171 562
172 168
172 190
172 334
172 548
172 563
172 598
173 108
173 162
173 458
173 508
173 568
173 587
174 218
174 375
174 474
174 524
174 529
174 536
175 291
175 440
175 531
175 569
175 584
175 592
176 509
176 556
176 568
176 580
176 589
176 599
177 18
177 77
177 427
177 506
177 524
177 599
178 326
178 463
178 510
178 558
178 571
178 574
179 1
179 232
179 386
179 476
179 492
179 522
180 537
180 552
180 555
180 565
180 568
180 594
181 190
181 264
181 450
181 565
181 570
181 589
182 183
182 237
182 305
182 400
182 489
182 573
183 182
183 387
183 490
183 504
183 520
183 581
184 286
184 455
184 456
184 511
184 545
184 561
185 8
185 199
185 403
185 455
185 475
185 586
186 56
186 212
186 246
186 558
186 571
186 589
187 221
187 398
187 455
187 498
187 502
187 553
188 17
188 205
188 473
188 487
188 506
188 579
189 100
189 218
189 292
189 479
189 515
189 592
190 66
190 102
190 172
190 181
190 191
190 582
191 102
191 190
191 350
191 356
191 406
191 416
192 12
192 99
192 136
192 344
192 554
192 562
193 109
193 115
193 522
193 550
193 557
193 581
194 244
194 504
194 509
194 533
194 564
194 579
195 51
195 87
195 241
195 419
195 559
195 561
196 237
196 351
196 537
196 552
196 589
196 594
197 27
197 159
197 211
197 422
197 453
197 580
198 201
198 410
198 558
198 559
198 571
198 595
199 147
199 185
199 345
199 481
199 569
199 586
200 86
200 270
200 302
200 387
200 436
200 445
201 198
201 295
201 347
201 357
201 529
201 597
202 102
202 268
202 282
202 360
202 489
202 598
203 241
203 488
203 507
203 511
203 542
203 581
204 283
204 325
204 345
204 428
204 508
204 598
205 72
205 188
205 265
205 325
205 556
205 579
206 164
206 392
206 525
206 534
206 566
206 570
207 126
207 130
207 449
207 473
207 488
207 592
208 61
208 73
208 296
208 418
208 489
208 493
209 34
209 315
209 388
209 425
209 538
209 598
210 27
210 346
210 366
210 381
210 450
210 580
211 24
211 197
211 295
211 463
211 491
211 575
212 69
212 153
212 186
212 334
212 559
212 586
213 336
213 379
213 416
213 427
213 472
213 591
214 90
214 287
214 321
214 442
214 443
214 554
215 151
215 267
215 485
215 513
215 578
215 590
216 3
216 7
216 350
216 379
216 539
216 582
217 311
217 402
217 409
217 484
217 566
217 577
218 174
218 189
218 224
218 479
218 578
218 587
219 299
219 516
219 538
219 546
219 576
219 577
220 152
220 317
220 425
220 475
220 529
220 579
221 127
221 187
221 224
221 426
221 562
221 599
222 129
222 137
222 515
222 517
222 561
222 593
223 145
223 148
223 330
223 387
223 548
223 596
224 218
224 221
224 355
224 398
224 587
224 597
225 162
225 371
225 408
225 567
225 568
225 594
226 166
226 430
226 516
226 534
226 554
226 562
227 157
227 316
227 356
227 484
227 538
227 566
228 245
228 293
228 338
228 370
228 462
228 489
229 381
229 504
229 506
229 544
229 554
229 575
230 64
230 171
230 366
230 453
230 565
230 594
231 90
231 235
231 554
231 561
231 562
231 590
232 50
232 179
232 517
232 545
232 555
232 593
233 33
233 261
233 340
233 486
233 557
233 578
234 32
234 55
234 308
234 383
234 491
234 504
234 524
235 231
235 332
235 430
235 443
235 477
235 485
235 567
236 60
236 167
236 247
236 251
236 372
236 566
236 595
237 31
237 182
237 196
237 370
237 427
237 565
237 568
238 391
238 422
238 491
238 497
238 518
238 535
238 560
239 92
239 306
239 487
239 516
239 538
239 541
239 593
240 320
240 322
240 381
240 384
240 390
240 520
240 592
241 195
241 203
241 289
241 473
241 506
241 552
241 575
242 27
242 128
242 165
242 510
242 558
242 559
242 572
243 67
243 140
243 313
243 324
243 382
243 523
243 546
244 96
244 194
244 428
244 435
244 480
244 542
244 586
245 63
245 107
245 228
245 292
245 380
245 513
245 579
246 186
246 258
246 352
246 465
246 500
246 513
246 552
247 236
247 306
247 435
247 436
247 503
247 538
247 585
248 12
248 62
248 401
248 482
248 527
248 546
248 594
249 374
249 409
249 423
249 518
249 532
249 559
249 561
250 275
250 298
250 353
250 389
250 522
250 578
250 580
251 236
251 293
251 439
251 465
251 472
251 513
251 532
252 133
252 302
252 343
252 364
252 553
252 563
252 588
253 91
253 522
253 531
253 536
253 540
253 550
253 595
254 149
254 304
254 330
254 469
254 555
254 585
254 594
255 46
255 262
255 340
255 398
255 420
255 577
255 597
256 259
256 380
256 406
256 446
256 525
256 567
256 572
257 54
257 124
257 152
257 304
257 480
257 559
257 597
258 246
258 265
258 274
258 336
258 345
258 444
258 587
259 93
259 143
259 256
259 343
259 553
259 570
259 582
260 29
260 122
260 311
260 457
260 466
260 498
260 582
261 233
261 289
261 353
261 536
261 574
261 578
261 592
262 255
262 355
262 380
262 530
262 537
262 580
262 594
263 268
263 327
263 349
263 400
263 443
263 537
263 573
264 181
264 388
264 537
264 565
264 568
264 579
264 580
265 205
265 258
265 394
265 415
265 499
265 564
265 579
266 309
266 318
266 411
266 420
266 527
266 549
266 572
267 215
267 331
267 516
267 539
267 544
267 557
267 590
268 164
268 202
268 263
268 367
268 400
268 551
268 573
269 11
269 289
269 399
269 459
269 463
269 487
269 491
270 200
270 329
270 421
270 478
270 528
270 530
270 548
271 29
271 426
271 432
271 532
271 545
271 548
271 549
272 294
272 336
272 382
272 496
272 518
272 546
272 580
273 91
273 166
273 331
273 447
273 460
273 578
273 590
274 35
274 258
274 417
274 461
274 482
274 484
274 503
275 250
275 286
275 423
275 485
275 536
275 557
275 572
276 279
276 289
276 420
276 480
276 499
276 531
276 583
277 449
277 462
277 470
277 501
277 510
277 540
277 580
278 167
278 308
278 426
278 429
278 498
278 533
278 582
279 94
279 276
279 379
279 393
279 396
279 578
279 591
280 39
280 61
280 385
280 397
280 470
280 554
280 564
281 48
281 65
281 366
281 508
281 587
281 589
281 591
282 110
282 202
282 326
282 447
282 489
282 501
282 573
283 22
283 40
283 59
283 204
283 496
283 522
283 546
284 325
284 336
284 356
284 409
284 467
284 531
284 598
285 161
285 323
285 418
285 451
285 569
285 584
285 587
286 70
286 151
286 184
286 275
286 329
286 351
286 397
287 214
287 365
287 441
287 443
287 460
287 554
287 591
288 56
288 369
288 449
288 498
288 510
288 559
288 571
289 241
289 261
289 269
289 276
289 385
289 459
289 563
290 109
290 414
290 456
290 492
290 542
290 551
290 561
291 155
291 175
291 337
291 441
291 506
291 539
291 579
292 189
292 245
292 450
292 455
292 511
292 542
292 551
293 161
293 228
293 251
293 464
293 465
293 500
293 576
294 272
294 364
294 374
294 482
294 508
294 546
294 583
295 69
295 201
295 211
295 357
295 527
295 529
295 585
296 93
296 208
296 333
296 493
296 523
296 557
296 586
297 28
297 119
297 314
297 363
297 395
297 457
297 535
298 121
298 250
298 503
298 527
298 536
298 563
298 567
299 150
299 219
299 322
299 410
299 484
299 561
299 593
300 83
300 360
300 412
300 487
300 516
300 520
300 540
301 343
301 401
301 409
301 424
301 482
301 496
301 504
302 103
302 200
302 252
302 344
302 378
302 532
302 534
303 528
303 553
303 556
303 570
303 576
303 583
303 588
304 93
304 254
304 257
304 373
304 485
304 490
304 527
304 589
305 30
305 158
305 182
305 447
305 521
305 522
305 557
305 594
306 124
306 239
306 247
306 419
306 436
306 483
306 525
306 593
307 163
307 315
307 383
307 412
307 413
307 470
307 520
307 564
308 234
308 278
308 439
308 504
308 544
308 567
308 575
308 579
309 52
309 116
309 266
309 426
309 448
309 494
309 502
309 519
310 53
310 170
310 318
310 424
310 444
310 449
310 591
310 598
311 101
311 217
311 260
311 442
311 525
311 531
311 569
311 584
312 157
312 361
312 362
312 418
312 446
312 472
312 513
312 567
313 107
313 243
313 344
313 401
313 409
313 443
313 480
313 546
314 42
314 147
314 297
314 434
314 484
314 499
314 595
314 596
315 209
315 307
315 388
315 396
315 539
315 543
315 595
315 597
316 68
316 227
316 447
316 522
316 550
316 570
316 574
316 590
317 220
317 388
317 456
317 469
317 543
317 567
317 583
317 597
318 266
318 310
318 348
318 509
318 541
318 549
318 572
318 589
319 42
319 148
319 399
319 408
319 457
319 471
319 500
319 543
320 38
320 240
320 495
320 498
320 555
320 560
320 593
320 596
321 113
321 214
321 322
321 408
321 427
321 580
321 589
321 594
322 21
322 240
322 299
322 321
322 502
322 524
322 574
322 581
323 5
323 85
323 285
323 382
323 392
323 531
323 569
323 584
324 47
324 136
324 243
324 377
324 459
324 549
324 572
324 588
325 45
325 204
325 205
325 284
325 381
325 587
325 591
325 598
326 178
326 282
326 358
326 369
326 389
326 441
326 510
326 571
327 37
327 154
327 263
327 337
327 458
327 468
327 535
327 573
328 411
328 459
328 499
328 509
328 549
328 565
328 572
328 575
329 48
329 104
329 151
329 160
329 270
329 286
329 566
329 578
330 223
330 254
330 440
330 452
330 554
330 560
330 571
330 585
331 267
331 273
331 385
331 423
331 434
331 483
331 558
331 578
332 75
332 96
332 235
332 396
332 443
332 514
332 554
332 562
333 42
333 87
333 296
333 418
333 450
333 479
333 493
333 523
334 28
334 172
334 212
334 475
334 480
334 520
334 543
334 568
335 63
335 422
335 461
335 509
335 538
335 541
335 561
335 566
336 33
336 171
336 213
336 258
336 272
336 284
336 396
336 476
337 291
337 327
337 375
337 397
337 435
337 465
337 564
337 579
338 107
338 228
338 423
338 457
338 471
338 511
338 513
338 535
339 98
339 414
339 457
339 543
339 576
339 585
339 595
339 598
340 152
340 233
340 255
340 434
340 440
340 477
340 499
340 595
341 376
341 377
341 509
341 539
341 549
341 552
341 572
341 584
342 131
342 377
342 474
342 476
342 502
342 526
342 574
342 599
343 41
343 252
343 259
343 301
343 525
343 528
343 565
343 570
344 192
344 302
344 313
344 364
344 382
344 482
344 496
344 512
345 199
345 204
345 258
345 386
345 547
345 561
345 569
345 590
346 42
346 210
346 383
346 399
346 405
346 471
346 484
346 500
347 139
347 201
347 349
347 357
347 419
347 437
347 529
347 557
348 318
348 376
348 416
348 481
348 534
348 549
348 572
348 583
349 101
349 263
349 347
349 392
349 433
349 463
349 469
349 588
350 58
350 66
350 121
350 191
350 216
350 459
350 462
350 578
351 41
351 56
351 117
351 196
351 286
351 432
351 447
351 478
352 30
352 94
352 246
352 502
352 507
352 519
352 537
352 574
353 132
353 250
353 261
353 421
353 448
353 452
353 553
353 578
354 72
354 407
354 444
354 477
354 488
354 542
354 555
354 577
355 96
355 147
355 224
355 262
355 398
355 430
355 590
355 597
356 51
356 191
356 227
356 284
356 473
356 516
356 538
356 541
357 119
357 201
357 295
357 347
357 424
357 472
357 501
357 553
358 326
358 365
358 422
358 460
358 494
358 535
358 547
358 584
359 129
359 396
359 421
359 438
359 483
359 536
359 543
359 550
359 574
360 31
360 32
360 202
360 300
360 367
360 429
360 458
360 489
360 573
361 312
361 404
361 406
361 413
361 446
361 479
361 483
361 558
361 567
362 118
362 312
362 380
362 403
362 406
362 446
362 544
362 567
362 596
363 9
363 20
363 297
363 514
363 518
363 535
363 547
363 553
363 595
364 89
364 252
364 294
364 344
364 374
364 393
364 395
364 409
364 496
365 12
365 96
365 136
365 145
365 287
365 358
365 442
365 514
365 562
366 210
366 230
366 281
366 369
366 422
366 487
366 494
366 518
366 535
367 46
367 76
367 268
367 360
367 458
367 487
367 489
367 518
367 580
368 168
368 373
368 386
368 469
368 517
368 527
368 570
368 583
368 585
369 45
369 288
369 326
369 366
369 389
369 393
369 394
369 547
369 558
370 161
370 228
370 237
370 373
370 433
370 439
370 465
370 513
370 598
371 78
371 92
371 225
371 425
371 427
371 505
371 568
371 579
371 594
372 160
372 236
372 417
372 461
372 483
372 503
372 577
372 593
372 597
373 54
373 168
373 304
373 368
373 370
373 405
373 431
373 474
373 555
374 249
374 294
374 364
374 382
374 384
374 478
374 482
374 560
374 594
375 21
375 174
375 337
375 401
375 412
375 426
375 433
375 512
375 524
376 87
376 169
376 341
376 348
376 455
376 476
376 509
376 549
376 572
377 142
377 324
377 341
377 342
377 411
377 445
377 459
377 549
377 572
378 77
378 81
378 302
378 386
378 400
378 432
378 485
378 534
378 548
379 100
379 114
379 213
379 216
379 279
379 513
379 585
379 587
379 598
380 43
380 146
380 245
380 256
380 262
380 362
380 403
380 446
380 567
381 210
381 229
381 240
381 325
381 408
381 450
381 468
381 565
381 580
382 59
382 243
382 272
382 323
382 344
382 374
382 511
382 528
382 549
383 122
383 234
383 307
383 346
383 386
383 491
383 500
383 533
383 586
384 240
384 374
384 412
384 448
384 450
384 501
384 511
384 520
384 540
385 280
385 289
385 331
385 473
385 491
385 519
385 530
385 544
385 599
386 88
386 179
386 345
386 368
386 378
386 383
386 442
386 452
386 502
387 66
387 183
387 200
387 223
387 392
387 401
387 452
387 555
387 596
388 84
388 209
388 264
388 315
388 317
388 419
388 463
388 515
388 597
389 130
389 250
389 326
389 369
389 458
389 537
389 558
389 559
389 571
390 55
390 111
390 117
390 240
390 407
390 514
390 536
390 540
390 563
390 573
391 10
391 134
391 238
391 436
391 453
391 479
391 486
391 497
391 547
391 597
392 143
392 206
392 323
392 349
392 387
392 394
392 454
392 505
392 530
392 586
393 34
393 53
393 279
393 364
393 369
393 464
393 515
393 525
393 581
393 591
394 265
394 369
394 392
394 462
394 469
394 505
394 521
394 556
394 570
394 591
395 44
395 142
395 155
395 297
395 364
395 441
395 505
395 528
395 570
395 588
396 108
396 162
396 279
396 315
396 332
396 336
396 359
396 479
396 485
396 587
397 171
397 280
397 286
397 337
397 492
397 539
397 544
397 555
397 564
397 579
398 187
398 224
398 255
398 355
398 399
398 425
398 464
398 480
398 489
398 597
399 269
399 319
399 346
399 398
399 407
399 439
399 494
399 500
399 513
399 523
400 46
400 182
400 263
400 268
400 378
400 458
400 498
400 541
400 573
400 588
401 89
401 248
401 301
401 313
401 375
401 387
401 453
401 478
401 482
401 546
402 51
402 217
402 419
402 436
402 444
402 470
402 471
402 477
402 516
402 576
403 75
403 137
403 185
403 362
403 380
403 446
403 561
403 567
403 570
403 576
404 137
404 157
404 361
404 406
404 446
404 480
404 519
404 522
404 557
404 567
405 57
405 88
405 346
405 373
405 412
405 474
405 520
405 544
405 576
405 592
406 137
406 191
406 256
406 361
406 362
406 404
406 476
406 486
406 567
406 585
407 63
407 80
407 158
407 354
407 390
407 399
407 411
407 465
407 513
407 552
408 78
408 114
408 225
408 319
408 321
408 381
408 426
408 555
408 589
408 594
409 119
409 217
409 249
409 284
409 301
409 313
409 364
409 472
409 482
409 496
410 4
410 115
410 198
410 299
410 441
410 483
410 510
410 521
410 558
410 559
411 266
411 328
411 377
411 407
411 478
411 509
411 549
411 572
411 577
411 581
412 300
412 307
412 375
412 384
412 405
412 500
412 505
412 570
412 576
412 592
413 307
413 361
413 416
413 439
413 449
413 501
413 511
413 540
413 576
413 592
414 60
414 290
414 339
414 419
414 436
414 516
414 517
414 526
414 541
414 566
415 265
415 457
415 473
415 489
415 494
415 504
415 534
415 544
415 564
415 575
416 3
416 7
416 58
416 66
416 102
416 191
416 213
416 348
416 413
416 598
417 90
417 274
417 372
417 421
417 435
417 477
417 484
417 524
417 566
417 593
418 32
418 120
418 123
418 135
418 208
418 285
418 312
418 333
418 493
418 523
419 0
419 195
419 306
419 347
419 388
419 402
419 414
419 430
419 541
419 593
420 255
420 266
420 276
420 458
420 468
420 482
420 581
420 583
420 595
420 597
421 2
421 270
421 353
421 359
421 417
421 425
421 438
421 485
421 521
421 522
422 70
422 197
422 238
422 335
422 358
422 366
422 438
422 460
422 487
422 497
422 594
423 146
423 249
423 275
423 331
423 338
423 483
423 485
423 490
423 521
423 522
423 551
424 139
424 301
424 310
424 357
424 437
424 472
424 480
424 529
424 538
424 579
424 592
425 14
425 209
425 220
425 371
425 398
425 421
425 430
425 480
425 499
425 587
425 597
426 221
426 271
426 278
426 309
426 375
426 408
426 434
426 519
426 524
426 526
426 527
427 73
427 105
427 177
427 213
427 237
427 321
427 371
427 446
427 530
427 565
427 589
428 8
428 123
428 204
428 244
428 481
428 520
428 529
428 542
428 551
428 556
428 586
429 39
429 113
429 278
429 360
429 466
429 474
429 498
429 508
429 510
429 512
429 524
430 145
430 171
430 226
430 235
430 355
430 419
430 425
430 443
430 484
430 554
430 562
431 13
431 17
431 34
431 142
431 373
431 497
431 502
431 545
431 555
431 565
431 596
432 114
432 271
432 351
432 378
432 445
432 478
432 479
432 481
432 499
432 534
432 587
433 48
433 103
433 349
433 370
433 375
433 469
433 488
433 528
433 532
433 563
433 588
434 2
434 64
434 169
434 314
434 331
434 340
434 426
434 436
434 507
434 583
434 595
435 8
435 109
435 244
435 247
435 337
435 417
435 455
435 471
435 542
435 586
435 589
436 129
436 200
436 247
436 306
436 391
436 402
436 414
436 434
436 541
436 561
436 564
437 4
437 69
437 135
437 139
437 153
437 347
437 424
437 448
437 456
437 495
437 529
438 132
438 359
438 421
438 422
438 445
438 466
438 536
438 553
438 557
438 569
438 590
439 107
439 161
439 251
439 308
439 370
439 399
439 413
439 471
439 552
439 573
439 575
440 49
440 156
440 175
440 330
440 340
440 451
440 476
440 510
440 569
440 584
440 599
441 16
441 71
441 165
441 287
441 291
441 326
441 395
441 410
441 496
441 510
441 558
441 571
442 214
442 311
442 365
442 386
442 451
442 492
442 517
442 527
442 545
442 552
442 579
442 596
443 102
443 136
443 214
443 235
443 263
443 287
443 313
443 332
443 430
443 535
443 544
443 554
444 65
444 67
444 258
444 310
444 354
444 402
444 467
444 479
444 515
444 523
444 524
444 598
445 5
445 49
445 54
445 77
445 200
445 377
445 432
445 438
445 478
445 497
445 533
445 548
446 256
446 312
446 361
446 362
446 380
446 403
446 404
446 427
446 498
446 567
446 568
446 592
447 18
447 273
447 282
447 305
447 316
447 351
447 483
447 485
447 526
447 571
447 578
447 590
448 11
448 35
448 47
448 309
448 353
448 384
448 437
448 512
448 519
448 537
448 581
448 599
449 207
449 277
449 288
449 310
449 413
449 455
449 470
449 501
449 543
449 576
449 581
449 592
450 0
450 50
450 79
450 92
450 181
450 210
450 292
450 333
450 381
450 384
450 580
450 589
451 100
451 117
451 133
451 156
451 285
451 440
451 442
451 481
451 495
451 531
451 569
451 584
452 61
452 330
452 353
452 386
452 387
452 492
452 504
452 545
452 560
452 571
452 585
452 597
453 16
453 62
453 84
453 159
453 197
453 230
453 391
453 401
453 537
453 568
453 587
453 589
454 80
454 155
454 162
454 392
454 456
454 473
454 482
454 525
454 528
454 533
454 556
454 588
455 184
455 185
455 187
455 292
455 376
455 435
455 449
455 456
455 489
455 551
455 581
455 586
456 184
456 290
456 317
456 437
456 454
456 455
456 481
456 488
456 520
456 551
456 576
456 586
457 260
457 297
457 319
457 338
457 339
457 415
457 491
457 500
457 545
457 550
457 581
457 591
458 84
458 173
458 327
458 360
458 367
458 389
458 400
458 420
458 478
458 489
458 527
458 563
458 573
459 6
459 38
459 157
459 269
459 289
459 324
459 328
459 350
459 377
459 493
459 509
459 549
459 572
460 1
460 9
460 20
460 273
460 287
460 358
460 422
460 486
460 487
460 535
460 547
460 549
460 551
461 99
461 274
461 335
461 372
461 490
461 538
461 541
461 543
461 548
461 551
461 561
461 566
461 589
462 85
462 158
462 228
462 277
462 350
462 394
462 505
462 553
462 561
462 563
462 569
462 570
462 588
463 150
463 178
463 211
463 269
463 349
463 388
463 491
463 539
463 540
463 542
463 552
463 568
463 579
464 39
464 89
464 106
464 121
464 144
464 293
464 393
464 398
464 534
464 548
464 587
464 591
464 598
465 124
465 161
465 166
465 246
465 251
465 293
465 337
465 370
465 407
465 500
465 513
465 559
465 593
466 30
466 147
466 260
466 429
466 438
466 474
466 498
466 512
466 526
466 552
466 556
466 567
466 574
467 36
467 100
467 108
467 125
467 139
467 142
467 284
467 444
467 508
467 515
467 538
467 555
467 587
468 28
468 75
468 159
468 327
468 381
468 420
468 537
468 545
468 565
468 568
468 580
468 582
468 594
469 7
469 26
469 44
469 103
469 127
469 254
469 317
469 349
469 368
469 394
469 433
469 525
469 570
470 15
470 60
470 126
470 277
470 280
470 307
470 402
470 449
470 514
470 523
470 540
470 576
470 584
471 22
471 42
471 65
471 78
471 80
471 319
471 338
471 346
471 402
471 435
471 439
471 500
471 574
472 74
472 169
472 213
472 251
472 312
472 357
472 409
472 424
472 484
472 504
472 506
472 515
472 544
473 188
473 207
473 241
473 356
473 385
473 415
473 454
473 504
473 506
473 539
473 557
473 575
473 595
474 52
474 174
474 342
474 373
474 405
474 429
474 466
474 511
474 512
474 533
474 562
474 574
474 599
475 75
475 84
475 124
475 185
475 220
475 334
475 504
475 532
475 543
475 581
475 583
475 595
475 599
476 49
476 95
476 131
476 156
476 179
476 336
476 342
476 376
476 406
476 440
476 531
476 569
476 584
477 99
477 107
477 235
477 340
477 354
477 402
477 417
477 484
477 516
477 517
477 571
477 577
477 593
478 151
478 167
478 270
478 351
478 374
478 401
478 411
478 432
478 445
478 458
478 527
478 532
478 548
479 106
479 151
479 170
479 189
479 218
479 333
479 361
479 391
479 396
479 432
479 444
479 515
479 591
480 14
480 119
480 244
480 257
480 276
480 313
480 334
480 398
480 404
480 424
480 425
480 507
480 544
480 554
481 199
481 348
481 428
481 432
481 451
481 456
481 488
481 490
481 511
481 526
481 537
481 542
481 551
481 586
482 140
482 169
482 248
482 274
482 294
482 301
482 344
482 374
482 401
482 409
482 420
482 454
482 569
482 590
483 306
483 331
483 359
483 361
483 372
483 410
483 423
483 447
483 521
483 550
483 557
483 561
483 578
483 590
484 30
484 217
484 227
484 274
484 299
484 314
484 346
484 417
484 430
484 472
484 477
484 561
484 577
484 593
485 63
485 69
485 215
485 235
485 275
485 304
485 378
485 396
485 421
485 423
485 447
485 521
485 550
485 557
486 26
486 28
486 46
486 233
486 391
486 406
486 460
486 487
486 492
486 494
486 497
486 518
486 535
486 547
487 9
487 82
487 134
487 188
487 239
487 269
487 300
487 366
487 367
487 422
487 460
487 486
487 494
487 518
488 101
488 125
488 203
488 207
488 354
488 433
488 456
488 481
488 495
488 511
488 542
488 551
488 581
488 586
489 76
489 144
489 182
489 202
489 208
489 228
489 282
489 360
489 367
489 398
489 415
489 455
489 458
489 573
490 1
490 148
490 183
490 304
490 423
490 461
490 481
490 505
490 525
490 530
490 540
490 552
490 585
490 596
491 68
491 91
491 211
491 234
491 238
491 269
491 383
491 385
491 457
491 463
491 539
491 544
491 552
491 582
492 93
492 147
492 179
492 290
492 397
492 442
492 452
492 486
492 500
492 517
492 527
492 545
492 555
492 585
493 40
493 73
493 106
493 135
493 163
493 208
493 296
493 333
493 418
493 459
493 523
493 530
493 553
493 569
494 160
494 309
494 358
494 366
494 399
494 415
494 486
494 487
494 496
494 497
494 518
494 535
494 540
494 547
495 66
495 116
495 320
495 437
495 451
495 488
495 507
495 526
495 543
495 554
495 574
495 582
495 583
495 596
496 40
496 58
496 67
496 115
496 272
496 283
496 301
496 344
496 364
496 409
496 441
496 494
496 572
496 584
497 26
497 134
497 238
497 391
497 422
497 431
497 445
497 486
497 494
497 502
497 519
497 547
497 588
497 599
498 161
498 187
498 260
498 278
498 288
498 320
498 400
498 429
498 446
498 466
498 501
498 502
498 526
498 599
499 23
499 137
499 265
499 276
499 314
499 328
499 340
499 425
499 432
499 507
499 577
499 581
499 583
499 595
500 36
500 80
500 123
500 246
500 293
500 319
500 346
500 383
500 399
500 412
500 457
500 465
500 471
500 492
500 531
501 19
501 57
501 149
501 277
501 282
501 357
501 384
501 413
501 449
501 498
501 512
501 517
501 540
501 576
501 592
502 106
502 122
502 130
502 187
502 309
502 322
502 342
502 352
502 386
502 431
502 497
502 498
502 519
502 574
502 585
503 9
503 105
503 247
503 274
503 298
503 372
503 505
503 512
503 517
503 531
503 545
503 574
503 588
503 590
503 599
504 37
504 61
504 183
504 194
504 229
504 234
504 301
504 308
504 415
504 452
504 472
504 473
504 475
504 507
504 544
505 371
505 392
505 394
505 395
505 412
505 462
505 490
505 503
505 508
505 509
505 525
505 533
505 556
505 570
505 574
506 13
506 76
506 145
506 177
506 188
506 229
506 241
506 291
506 472
506 473
506 507
506 512
506 539
506 575
506 579
507 29
507 64
507 138
507 203
507 352
507 434
507 480
507 495
507 499
507 504
507 506
507 573
507 583
507 595
507 597
508 39
508 110
508 116
508 121
508 173
508 204
508 281
508 294
508 429
508 467
508 505
508 515
508 550
508 587
508 598
509 6
509 14
509 145
509 176
509 194
509 318
509 328
509 335
509 341
509 376
509 411
509 459
509 505
509 549
509 572
510 13
510 35
510 178
510 242
510 277
510 288
510 326
510 410
510 429
510 440
510 441
510 543
510 558
510 559
510 571
511 163
511 184
511 203
511 292
511 338
511 382
511 384
511 413
511 474
511 481
511 488
511 519
511 542
511 551
511 593
512 18
512 344
512 375
512 429
512 448
512 466
512 474
512 501
512 503
512 506
512 522
512 526
512 548
512 559
512 599
513 63
513 155
513 215
513 245
513 246
513 251
513 312
513 338
513 370
513 379
513 399
513 407
513 465
513 521
513 522
513 552
514 19
514 44
514 88
514 111
514 130
514 163
514 332
514 363
514 365
514 390
514 470
514 520
514 521
514 524
514 576
514 592
515 31
515 34
515 110
515 165
515 189
515 222
515 388
515 393
515 444
515 467
515 472
515 479
515 508
515 516
515 596
515 598
516 58
516 100
516 219
516 226
516 239
516 267
516 300
516 356
516 402
516 414
516 477
516 515
516 566
516 577
516 593
516 594
517 82
517 99
517 116
517 138
517 222
517 232
517 368
517 414
517 442
517 477
517 492
517 501
517 503
517 545
517 555
517 585
518 20
518 134
518 144
518 238
518 249
518 272
518 363
518 366
518 367
518 486
518 487
518 494
518 522
518 523
518 535
518 547
519 30
519 98
519 113
519 309
519 352
519 385
519 404
519 426
519 448
519 497
519 502
519 511
519 524
519 568
519 574
519 593
520 57
520 74
520 183
520 240
520 300
520 307
520 334
520 384
520 405
520 428
520 456
520 514
520 540
520 546
520 590
520 592
521 33
521 305
521 394
521 410
521 421
521 423
521 483
521 485
521 513
521 514
521 522
521 536
521 572
521 577
521 590
521 595
522 179
522 193
522 250
522 253
522 283
522 305
522 316
522 404
522 421
522 423
522 512
522 513
522 518
522 521
522 557
522 578
523 0
523 5
523 32
523 41
523 73
523 87
523 243
523 296
523 333
523 399
523 418
523 444
523 470
523 493
523 518
523 530
524 18
524 47
524 52
524 121
524 174
524 177
524 234
524 322
524 375
524 417
524 426
524 429
524 444
524 514
524 519
524 579
525 79
525 159
525 206
525 256
525 306
525 311
525 343
525 393
525 454
525 469
525 490
525 505
525 528
525 556
525 563
525 588
526 35
526 94
526 98
526 158
526 342
526 414
526 426
526 447
526 466
526 481
526 495
526 498
526 512
526 541
526 549
526 599
527 248
527 266
527 295
527 298
527 304
527 368
527 426
527 442
527 458
527 478
527 492
527 530
527 545
527 555
527 584
527 596
528 25
528 71
528 95
528 135
528 270
528 303
528 343
528 382
528 395
528 433
528 454
528 525
528 533
528 556
528 563
528 586
529 4
529 69
529 108
529 109
529 131
529 139
529 168
529 169
529 174
529 201
529 220
529 295
529 347
529 424
529 428
529 437
530 0
530 15
530 20
530 135
530 154
530 262
530 270
530 385
530 392
530 427
530 490
530 493
530 523
530 527
530 542
530 580
530 585
531 37
531 131
531 133
531 175
531 253
531 276
531 284
531 311
531 323
531 451
531 476
531 500
531 503
531 535
531 541
531 569
531 584
532 29
532 59
532 117
532 143
532 160
532 167
532 249
532 251
532 271
532 302
532 433
532 475
532 478
532 534
532 548
532 550
532 562
533 25
533 33
533 48
533 148
533 194
533 278
533 383
533 445
533 454
533 474
533 505
533 528
533 553
533 556
533 563
533 570
533 588
534 25
534 41
534 86
534 104
534 151
534 166
534 206
534 226
534 302
534 348
534 378
534 415
534 432
534 464
534 532
534 548
534 562
535 10
535 149
535 238
535 297
535 327
535 338
535 358
535 363
535 366
535 443
535 460
535 486
535 494
535 518
535 531
535 536
535 547
536 3
536 33
536 36
536 108
536 174
536 253
536 261
536 275
536 298
536 359
536 390
536 438
536 521
536 535
536 550
536 557
536 596
537 23
537 105
537 180
537 196
537 262
537 263
537 264
537 352
537 389
537 448
537 453
537 468
537 481
537 568
537 594
537 595
537 596
538 15
538 21
538 24
538 60
538 209
538 219
538 227
538 239
538 247
538 335
538 356
538 424
538 461
538 467
538 577
538 592
538 593
539 61
539 72
539 89
539 154
539 216
539 267
539 291
539 315
539 341
539 397
539 463
539 473
539 491
539 506
539 540
539 575
539 579
540 74
540 91
540 128
540 130
540 253
540 277
540 300
540 384
540 390
540 413
540 463
540 470
540 490
540 494
540 501
540 520
540 539
540 578
541 150
541 239
541 318
541 335
541 356
541 400
541 414
541 419
541 436
541 461
541 526
541 531
541 543
541 561
541 564
541 566
541 577
541 591
542 6
542 20
542 70
542 203
542 244
542 290
542 292
542 354
542 428
542 435
542 463
542 481
542 488
542 511
542 530
542 546
542 551
542 588
543 43
543 120
543 138
543 315
543 317
543 319
543 334
543 339
543 359
543 449
543 461
543 475
543 495
543 510
543 541
543 562
543 595
543 597
544 150
544 155
544 229
544 267
544 308
544 362
544 385
544 397
544 405
544 415
544 443
544 472
544 480
544 491
544 504
544 556
544 575
544 579
545 2
545 115
545 146
545 148
545 157
545 184
545 232
545 271
545 431
545 442
545 452
545 457
545 468
545 492
545 503
545 517
545 527
545 546
546 59
546 62
546 89
546 140
546 219
546 243
546 248
546 272
546 283
546 294
546 313
546 401
546 520
546 542
546 545
546 552
546 562
546 573
547 10
547 26
547 50
547 159
547 345
547 358
547 363
547 369
547 391
547 460
547 486
547 494
547 497
547 518
547 535
547 582
547 583
547 589
548 5
548 81
548 166
548 167
548 172
548 223
548 270
548 271
548 378
548 445
548 461
548 464
548 478
548 512
548 532
548 534
548 575
548 588
549 133
549 266
549 271
549 318
549 324
549 328
549 341
549 348
549 376
549 377
549 382
549 411
549 459
549 460
549 509
549 526
549 555
549 572
549 597
550 97
550 118
550 122
550 125
550 158
550 193
550 253
550 316
550 359
550 457
550 483
550 485
550 508
550 532
550 536
550 553
550 558
550 590
550 591
551 90
551 123
551 136
551 163
551 268
551 290
551 292
551 423
551 428
551 455
551 456
551 460
551 461
551 481
551 488
551 511
551 542
551 565
551 566
552 180
552 196
552 241
552 246
552 341
552 407
552 439
552 442
552 463
552 466
552 490
552 491
552 513
552 546
552 560
552 564
552 573
552 581
552 584
553 25
553 48
553 79
553 164
553 187
553 252
553 259
553 303
553 353
553 357
553 363
553 438
553 462
553 493
553 533
553 550
553 563
553 570
553 590
554 43
554 96
554 136
554 192
554 214
554 226
554 229
554 231
554 280
554 287
554 330
554 332
554 430
554 443
554 480
554 495
554 562
554 566
554 583
555 14
555 38
555 180
555 232
555 254
555 320
555 354
555 373
555 387
555 397
555 408
555 431
555 467
555 492
555 517
555 527
555 549
555 560
555 588
556 3
556 85
556 127
556 176
556 205
556 303
556 394
556 428
556 454
556 466
556 505
556 525
556 528
556 533
556 544
556 563
556 570
556 588
556 590
557 68
557 193
557 233
557 267
557 275
557 296
557 305
557 347
557 404
557 438
557 473
557 483
557 485
557 522
557 536
557 574
557 576
557 587
557 590
558 8
558 71
558 150
558 165
558 178
558 186
558 198
558 242
558 331
558 361
558 369
558 389
558 410
558 441
558 510
558 550
558 563
558 565
558 567
558 571
559 1
559 17
559 45
559 71
559 92
559 153
559 165
559 195
559 198
559 212
559 242
559 249
559 257
559 288
559 389
559 410
559 465
559 510
559 512
559 571
560 2
560 4
560 38
560 83
560 97
560 143
560 146
560 149
560 168
560 238
560 320
560 330
560 374
560 452
560 552
560 555
560 574
560 575
560 596
560 598
561 129
561 184
561 195
561 222
561 231
561 249
561 290
561 299
561 335
561 345
561 403
561 436
561 461
561 462
561 483
561 484
561 541
561 563
561 577
561 593
562 12
562 43
562 90
562 145
562 153
562 171
562 192
562 221
562 226
562 231
562 332
562 365
562 430
562 474
562 532
562 534
562 543
562 546
562 554
562 597
563 141
563 155
563 164
563 172
563 252
563 289
563 298
563 390
563 433
563 458
563 462
563 525
563 528
563 533
563 553
563 556
563 558
563 561
563 588
563 591
564 11
564 24
564 53
564 72
564 83
564 146
564 150
564 170
564 194
564 265
564 280
564 307
564 337
564 397
564 415
564 436
564 541
564 552
564 575
564 598
565 50
565 51
565 92
565 104
565 148
565 180
565 181
565 230
565 237
565 264
565 328
565 343
565 381
565 427
565 431
565 468
565 551
565 558
565 568
565 589
566 67
566 112
566 128
566 206
566 217
566 227
566 236
566 329
566 335
566 414
566 417
566 461
566 516
566 541
566 551
566 554
566 571
566 577
566 580
566 593
567 75
567 137
567 157
567 225
567 235
567 256
567 298
567 308
567 312
567 317
567 361
567 362
567 380
567 403
567 404
567 406
567 446
567 466
567 558
567 572
568 113
568 173
568 176
568 180
568 225
568 237
568 264
568 334
568 371
568 446
568 453
568 463
568 468
568 519
568 537
568 565
568 575
568 577
568 589
568 594
569 11
569 49
569 95
569 133
569 141
569 175
569 199
569 285
569 311
569 323
569 345
569 438
569 440
569 451
569 462
569 476
569 482
569 493
569 531
569 584
570 62
570 64
570 126
570 181
570 206
570 259
570 303
570 316
570 343
570 368
570 394
570 395
570 403
570 412
570 462
570 469
570 505
570 533
570 553
570 556
570 588
571 45
571 56
571 111
571 153
571 164
571 178
571 186
571 198
571 288
571 326
571 330
571 389
571 441
571 447
571 452
571 477
571 510
571 558
571 559
571 566
571 585
572 6
572 22
572 140
572 242
572 256
572 266
572 275
572 318
572 324
572 328
572 341
572 348
572 376
572 377
572 411
572 459
572 496
572 509
572 521
572 549
572 567
573 12
573 46
573 76
573 79
573 110
573 154
573 182
573 263
573 268
573 282
573 327
573 360
573 390
573 400
573 439
573 458
573 489
573 507
573 546
573 552
573 593
574 47
574 178
574 261
574 316
574 322
574 342
574 352
574 359
574 466
574 471
574 474
574 495
574 502
574 503
574 505
574 519
574 557
574 560
574 582
574 598
574 599
575 11
575 24
575 65
575 139
575 211
575 229
575 241
575 308
575 328
575 415
575 439
575 473
575 506
575 539
575 544
575 548
575 560
575 564
575 568
575 577
575 579
576 15
576 55
576 74
576 83
576 111
576 219
576 293
576 303
576 339
576 402
576 403
576 405
576 412
576 413
576 449
576 456
576 470
576 501
576 514
576 557
576 592
577 21
577 99
577 112
577 217
577 219
577 255
577 354
577 372
577 411
577 477
577 484
577 499
577 516
577 521
577 538
577 541
577 561
577 566
577 568
577 575
577 594
578 81
578 104
578 125
578 132
578 215
578 218
578 233
578 250
578 261
578 273
578 279
578 329
578 331
578 350
578 353
578 447
578 483
578 522
578 540
578 590
578 593
579 188
579 194
579 205
579 220
579 245
579 264
579 265
579 291
579 308
579 337
579 371
579 397
579 424
579 442
579 463
579 506
579 524
579 539
579 544
579 575
579 591
579 596
580 27
580 56
580 118
580 159
580 176
580 197
580 210
580 250
580 262
580 264
580 272
580 277
580 321
580 367
580 381
580 450
580 468
580 530
580 566
580 591
580 593
580 594
581 14
581 45
581 55
581 183
581 193
581 203
581 322
581 393
581 411
581 420
581 448
581 449
581 455
581 457
581 475
581 488
581 499
581 552
581 582
581 585
581 596
581 599
582 3
582 7
582 10
582 13
582 58
582 86
582 93
582 103
582 146
582 190
582 216
582 259
582 260
582 278
582 468
582 491
582 495
582 547
582 574
582 581
582 586
582 596
583 57
583 64
583 84
583 86
583 120
583 147
583 276
583 294
583 303
583 317
583 348
583 368
583 420
583 434
583 475
583 495
583 499
583 507
583 547
583 554
583 596
583 597
584 37
584 49
584 57
584 82
584 131
584 156
584 175
584 285
584 311
584 323
584 341
584 358
584 440
584 451
584 470
584 476
584 496
584 527
584 531
584 552
584 569
584 588
585 2
585 105
585 142
585 149
585 247
585 254
585 295
585 330
585 339
585 368
585 379
585 406
585 452
585 490
585 492
585 502
585 517
585 530
585 571
585 581
585 586
585 592
586 24
586 109
586 115
586 123
586 138
586 163
586 185
586 199
586 212
586 244
586 296
586 383
586 392
586 428
586 435
586 455
586 456
586 481
586 488
586 528
586 582
586 585
587 22
587 23
587 36
587 143
587 170
587 173
587 218
587 224
587 258
587 281
587 285
587 325
587 379
587 396
587 425
587 432
587 453
587 464
587 467
587 508
587 557
587 594
587 598
588 52
588 79
588 134
588 252
588 303
588 324
588 349
588 395
588 400
588 433
588 454
588 462
588 497
588 503
588 525
588 533
588 542
588 548
588 555
588 556
588 563
588 570
588 584
589 16
589 50
589 105
589 118
589 176
589 181
589 186
589 196
589 281
589 304
589 318
589 321
589 408
589 427
589 435
589 450
589 453
589 461
589 547
589 565
589 568
589 595
589 597
590 82
590 97
590 125
590 215
590 231
590 267
590 273
590 316
590 345
590 355
590 438
590 447
590 482
590 483
590 503
590 520
590 521
590 550
590 553
590 556
590 557
590 578
590 598
591 36
591 53
591 81
591 106
591 132
591 144
591 162
591 170
591 213
591 279
591 281
591 287
591 310
591 325
591 393
591 394
591 457
591 464
591 479
591 541
591 550
591 563
591 579
591 580
592 55
592 68
592 83
592 120
592 126
592 128
592 175
592 189
592 207
592 240
592 261
592 405
592 412
592 413
592 424
592 446
592 449
592 501
592 514
592 520
592 538
592 576
592 585
592 597
593 22
593 26
593 112
593 222
593 232
593 239
593 299
593 306
593 320
593 372
593 417
593 419
593 465
593 477
593 484
593 511
593 516
593 519
593 538
593 561
593 566
593 573
593 578
593 580
594 16
594 77
594 78
594 118
594 180
594 196
594 225
594 230
594 248
594 254
594 262
594 305
594 321
594 371
594 374
594 408
594 422
594 468
594 516
594 537
594 568
594 577
594 580
594 587
595 23
595 28
595 71
595 98
595 124
595 138
595 152
595 198
595 236
595 253
595 314
595 315
595 339
595 340
595 363
595 420
595 434
595 473
595 475
595 499
595 507
595 521
595 537
595 543
595 589
596 1
596 13
596 88
596 101
596 149
596 165
596 223
596 314
596 320
596 362
596 387
596 431
596 442
596 490
596 495
596 515
596 527
596 536
596 537
596 560
596 579
596 581
596 582
596 583
596 597
597 17
597 23
597 201
597 224
597 255
597 257
597 315
597 317
597 355
597 372
597 388
597 391
597 398
597 420
597 425
597 452
597 507
597 543
597 549
597 562
597 583
597 589
597 592
597 596
597 599
598 17
598 31
598 39
598 40
598 144
598 172
598 202
598 204
598 209
598 284
598 310
598 325
598 339
598 370
598 379
598 416
598 444
598 464
598 508
598 515
598 560
598 564
598 574
598 587
598 590
599 21
599 35
599 73
599 74
599 94
599 98
599 141
599 152
599 176
599 177
599 221
599 342
599 385
599 440
599 448
599 474
599 475
599 497
599 498
599 503
599 512
599 526
599 574
599 581
599 597
