72 205
346 500
537 594
78 408
544 556
51 195
238 535
44 469
20 542
185 586
11 575
564 575
506 579
55 576
25 533
246 513
212 334
490 552
392 586
172 563
282 489
262 580
229 575
163 586
11 564
494 540
127 556
259 553
153 212
528 563
198 558
183 581
330 452
263 327
101 488
391 547
148 319
462 588
454 556
399 494
24 575
46 400
71 559
111 514
265 394
585 592
51 76
384 520
240 381
368 386
319 471
268 573
390 573
303 576
142 431
385 544
387 452
537 568
210 381
433 588
415 564
533 556
337 435
159 453
428 520
1 460
148 533
449 581
539 579
262 530
428 481
1 596
110 573
408 594
79 450
180 555
453 537
514 592
269 487
289 563
492 555
115 193
300 520
415 489
366 487
389 559
384 450
48 553
103 582
269 399
142 395
163 514
463 542
254 330
366 494
135 418
343 528
237 568
254 469
439 552
244 542
196 552
164 206
246 552
433 528
292 551
83 560
530 580
427 530
457 500
115 410
387 596
321 408
390 514
486 492
19 501
172 334
582 586
363 547
492 527
291 441
368 517
202 282
154 530
449 501
486 487
418 523
428 586
530 542
252 563
288 369
164 268
241 473
10 547
11 269
182 237
135 530
163 551
55 390
304 485
202 268
540 578
449 455
525 563
345 547
205 556
405 474
315 539
320 596
92 565
473 557
438 553
11 569
319 543
505 508
307 520
277 470
122 383
382 528
76 573
259 570
171 230
278 533
525 556
307 413
349 469
6 542
64 230
288 510
458 489
459 493
244 428
159 197
27 197
195 241
17 431
110 508
401 453
272 518
245 380
135 493
28 297
196 237
312 418
311 442
498 501
449 543
473 575
420 581
293 465
188 579
405 520
267 539
61 539
25 170
280 564
527 596
37 504
366 422
187 455
65 444
265 415
198 559
550 558
407 465
178 571
240 320
59 126
150 299
467 555
144 518
269 289
181 565
259 343
354 542
465 513
17 598
187 553
424 592
460 547
144 489
38 320
229 544
213 427
321 589
413 511
278 582
233 486
397 555
71 558
37 95
255 262
238 560
349 392
457 545
333 479
337 465
264 388
413 540
17 188
442 451
296 586
28 468
568 577
292 542
79 588
443 544
490 525
349 588
501 592
88 405
363 595
309 494
402 576
402 470
5 523
66 190
360 458
488 586
473 539
4 437
134 154
300 540
253 540
354 555
105 427
158 462
198 410
589 597
491 582
333 418
260 582
431 565
280 385
234 383
53 591
384 501
518 523
45 559
45 325
585 586
433 469
19 141
113 429
481 542
194 509
138 517
288 559
4 529
60 470
205 325
276 289
556 563
326 369
376 455
301 504
468 565
507 573
458 478
494 496
262 380
566 580
455 586
408 555
203 511
298 563
297 457
206 525
460 486
282 447
389 558
223 330
358 460
214 321
237 427
440 510
441 496
296 557
405 576
367 487
79 553
352 537
78 594
337 564
488 542
456 551
385 491
369 558
334 520
61 208
63 513
546 573
506 539
143 259
254 585
37 327
370 433
202 489
3 216
216 539
15 576
472 506
73 599
44 395
105 537
73 493
186 212
282 573
87 195
491 539
293 576
368 527
223 387
176 556
16 453
208 418
389 537
486 535
555 588
150 564
252 343
48 281
307 564
469 525
149 501
83 592
397 539
488 511
61 452
230 453
487 494
55 234
208 296
210 580
326 571
481 511
165 242
455 551
494 518
252 588
79 525
65 471
19 514
263 349
308 439
319 399
506 575
123 551
179 386
207 592
433 563
168 373
207 449
297 535
371 568
304 373
88 514
198 571
134 391
456 586
366 518
55 581
44 141
394 505
489 573
326 441
307 412
308 579
387 555
412 592
400 573
155 395
50 232
50 565
435 542
400 588
92 450
113 568
523 530
32 523
254 304
182 573
381 408
115 586
208 493
553 563
552 581
269 463
441 558
61 280
244 435
85 556
412 505
55 592
27 210
194 244
422 460
26 486
528 556
268 367
291 506
178 463
265 579
105 585
197 211
146 560
520 540
179 492
57 520
115 545
206 392
155 544
390 563
559 571
468 537
107 338
93 582
232 545
1 559
254 555
293 500
263 573
384 511
370 373
422 497
308 504
281 589
262 537
254 594
8 558
7 469
408 589
371 579
389 571
415 575
568 575
533 563
240 390
20 460
7 582
452 560
161 370
73 523
110 282
410 441
26 547
150 463
245 579
547 589
180 565
183 520
149 254
16 589
494 497
333 450
228 293
455 581
80 500
176 568
130 540
168 172
460 487
228 462
520 592
150 544
118 594
263 400
337 579
268 400
16 441
470 523
370 439
225 408
389 458
252 553
468 580
413 576
234 504
513 552
542 551
155 291
246 352
545 546
470 514
72 354
164 563
144 591
415 473
561 563
142 377
501 517
196 351
322 581
325 381
238 491
370 598
333 493
10 391
126 470
399 523
53 393
0 523
454 473
368 469
153 437
51 565
503 505
184 455
349 463
557 576
338 535
290 456
256 525
387 392
319 408
470 540
127 469
24 211
497 547
576 592
128 566
153 562
407 552
60 538
539 575
103 302
80 471
82 487
563 588
56 288
36 500
154 539
228 489
265 564
486 518
153 571
13 596
8 428
505 556
72 564
497 588
42 314
162 454
399 407
38 459
114 408
403 570
248 527
31 237
414 517
20 530
264 537
238 391
83 300
304 527
332 514
193 557
13 506
161 465
72 95
56 580
490 505
185 475
565 589
183 490
560 574
120 592
230 565
247 585
13 582
360 489
290 492
505 574
197 453
506 507
199 481
193 550
358 365
251 293
398 489
24 564
225 568
134 487
41 523
178 574
363 518
292 455
385 473
65 144
527 545
237 370
168 529
494 547
7 8
291 579
211 463
88 386
145 506
183 504
373 431
240 322
4 560
463 552
472 544
428 551
346 383
560 596
280 470
300 412
303 556
127 221
511 551
3 416
223 548
264 565
65 575
361 558
346 471
435 455
66 387
428 542
180 594
184 511
536 596
308 544
552 564
148 490
228 245
488 581
321 580
431 545
383 386
45 571
250 580
370 513
297 314
246 258
281 587
225 371
391 497
123 418
178 510
395 441
184 286
261 592
194 533
468 545
163 511
533 553
240 384
211 491
374 384
251 439
144 464
93 296
510 558
45 581
589 595
57 501
410 558
113 321
367 458
547 583
263 268
165 559
134 588
269 491
307 383
196 589
413 449
199 586
130 514
186 589
78 471
163 493
330 560
240 520
150 558
107 245
65 281
373 405
431 596
319 500
390 540
154 573
300 487
19 44
330 571
188 506
15 88
203 581
517 555
358 535
383 533
442 492
463 539
542 588
20 363
486 497
237 565
291 539
471 500
481 551
481 490
232 517
182 183
263 537
163 307
251 513
394 570
327 573
38 560
442 527
141 143
164 571
405 592
346 399
184 456
20 518
433 488
234 491
38 555
76 506
196 537
304 490
185 455
238 518
468 594
202 360
366 369
228 370
394 556
457 491
368 373
481 586
82 85
63 245
176 589
28 486
358 494
164 553
454 456
277 449
296 523
465 500
413 439
327 337
168 368
161 439
27 580
28 334
570 588
176 580
71 441
535 547
354 488
10 582
338 513
48 433
186 246
242 558
410 510
291 337
455 456
80 454
25 528
453 589
303 528
128 540
290 551
327 468
240 592
560 575
1 179
149 560
1 490
458 573
8 185
282 501
230 594
449 470
56 571
2 545
244 586
412 570
327 535
134 518
504 544
492 500
205 579
460 551
486 547
450 589
327 458
241 506
493 553
9 460
46 367
453 568
61 504
450 580
553 570
203 241
442 596
73 427
146 582
50 589
469 570
368 585
15 530
289 385
149 596
405 544
462 563
123 428
413 501
3 582
544 579
565 568
303 588
15 470
397 492
405 412
19 128
9 487
338 471
392 505
427 589
462 570
492 585
181 264
454 533
111 390
165 596
518 535
26 497
427 565
10 535
212 559
449 576
303 570
74 520
308 567
510 559
452 492
381 450
85 462
410 559
581 585
568 594
236 251
148 223
80 407
463 491
32 234
547 582
180 552
435 586
264 579
50 450
37 531
165 558
185 199
338 457
194 504
466 552
195 561
517 585
3 556
391 486
249 518
182 489
203 507
28 595
88 596
533 570
395 570
126 592
307 470
57 405
517 545
333 523
575 577
549 555
159 580
381 468
9 363
300 516
391 479
347 349
369 389
371 425
158 407
326 510
423 490
558 565
32 418
394 521
179 232
288 449
542 546
505 525
242 510
25 553
14 581
326 358
353 452
468 582
530 585
0 419
533 588
26 469
363 553
277 580
369 547
442 517
339 576
441 510
433 532
367 489
42 471
460 535
83 564
172 598
305 594
16 80
330 554
148 565
439 573
212 586
74 599
310 449
339 585
584 588
87 523
385 530
4 410
281 366
87 333
92 371
555 560
473 506
93 492
153 559
337 397
413 592
0 32
320 498
176 599
392 394
346 484
383 500
168 560
116 142
465 559
391 597
415 457
439 471
320 555
194 579
229 506
179 522
143 560
520 590
307 315
331 385
77 594
109 193
27 242
52 153
180 537
475 504
320 593
285 418
513 522
74 576
76 489
477 517
62 570
0 530
297 395
395 505
510 543
259 582
261 289
52 588
203 542
242 559
130 389
494 535
280 554
246 500
458 563
298 527
320 560
503 588
330 585
210 450
288 498
208 489
194 564
378 386
146 380
281 508
143 532
442 579
287 441
366 535
371 505
544 575
490 540
207 473
225 567
102 202
68 592
552 584
147 492
367 580
316 570
189 292
556 588
581 596
412 500
360 573
470 584
518 547
74 540
146 564
384 412
2 560
510 571
178 558
462 553
321 427
181 570
188 473
525 588
109 586
383 586
463 568
581 582
196 594
397 544
514 576
456 520
552 573
38 60
85 127
435 471
172 190
392 530
16 594
146 545
481 537
232 555
188 205
369 394
155 563
178 326
251 465
454 525
435 589
264 580
10 168
308 575
319 457
268 551
13 431
17 559
558 563
143 392
452 585
491 552
463 540
527 530
381 580
44 514
371 594
155 513
468 568
56 186
182 400
241 575
381 565
367 518
407 513
452 545
110 154
42 346
229 381
109 290
399 439
203 488
210 346
490 596
109 435
8 435
481 488
505 533
72 539
455 489
486 494
2 585
7 216
103 164
582 596
93 259
184 545
391 453
183 387
238 497
296 493
463 579
73 208
368 570
101 349
230 366
400 458
343 570
511 542
24 586
262 594
514 520
456 576
135 528
418 493
134 497
360 367
197 580
551 565
46 486
123 586
123 500
370 465
103 433
13 510
181 589
373 555
338 511
395 588
442 545
78 371
358 547
505 570
537 596
205 265
45 369
454 588
528 586
363 514
442 552
297 363
383 491
76 367
245 513
428 556
490 530
46 573
292 450
539 540
386 452
241 289
390 407
397 564
349 433
501 576
214 442
165 441
406 486
154 327
392 454
269 459
474 533
527 555
159 525
417 435
321 322
103 469
50 547
379 513
399 500
48 533
303 553
159 468
552 560
295 585
278 308
264 568
238 422
149 585
441 571
84 453
87 135
470 576
296 333
277 501
82 517
246 465
161 498
395 528
105 589
126 570
126 207
277 540
481 526
452 504
215 513
292 511
462 561
197 422
18 78
400 541
328 565
277 510
206 570
63 407
343 525
454 528
0 450
424 579
186 558
181 190
74 472
493 530
282 326
304 589
431 497
556 570
321 594
431 555
69 212
415 504
53 101
568 589
457 581
357 553
24 538
225 594
354 407
101 596
245 292
528 533
488 551
503 545
384 540
493 523
118 589
506 512
393 581
40 493
369 393
462 505
210 366
107 439
128 592
71 528
188 487
334 568
118 580
141 563
58 582
386 442
358 422
415 494
487 518
436 564
437 456
280 397
390 536
415 544
326 389
422 594
186 571
422 487
228 338
449 592
452 571
575 579
288 571
492 545
155 454
250 389
394 469
371 427
206 534
180 568
397 579
148 545
558 571
12 573
531 535
289 459
93 304
320 495
444 523
234 524
162 225
399 513
491 544
83 576
82 584
53 564
579 596
525 528
415 534
472 504
130 207
190 582
300 360
211 575
503 517
456 481
149 535
39 280
262 355
448 581
535 536
95 476
181 450
128 242
515 596
79 573
207 488
111 571
241 552
439 575
580 594
70 542
92 559
456 488
239 487
195 559
141 599
42 333
119 297
193 581
394 462
234 308
420 468
473 504
290 542
111 576
120 418
142 585
252 364
334 543
504 507
177 427
271 545
492 517
109 529
346 405
229 504
343 565
60 236
514 521
70 422
95 528
334 475
412 576
159 547
571 585
42 319
277 462
216 582
106 493
458 527
32 360
175 592
490 585
219 576
501 540
580 591
287 460
161 293
363 535
223 596
