163 557
369 448
187 345
110 500
61 465
375 528
253 500
230 566
29 334
241 421
340 449
250 434
37 496
68 474
147 480
384 393
192 406
275 388
534 591
92 230
39 116
349 439
282 496
179 367
578 590
247 345
72 557
316 328
239 560
297 525
245 335
72 448
217 371
240 577
145 399
296 578
280 513
245 530
511 547
330 502
442 595
306 591
239 287
319 569
193 525
151 538
44 432
307 511
365 589
336 451
432 581
442 444
354 554
138 494
323 595
107 440
569 578
532 548
223 348
48 516
143 300
366 561
252 514
296 316
300 389
374 585
147 266
184 186
202 569
318 496
410 554
252 537
199 585
366 476
261 581
318 526
237 582
479 537
190 594
407 525
334 569
584 595
300 520
199 582
101 143
532 561
514 555
282 336
500 594
243 496
82 590
269 369
266 514
375 569
398 421
182 591
297 427
254 333
86 591
184 429
377 444
395 557
75 510
335 511
313 566
354 593
48 171
530 556
76 537
226 535
305 429
187 599
332 399
580 595
266 464
233 328
480 548
534 536
248 325
249 551
224 318
349 516
108 590
473 511
192 529
227 383
320 582
503 538
345 578
365 533
368 370
150 372
336 582
87 541
162 350
504 513
280 497
444 458
526 530
305 479
201 203
236 548
366 373
72 269
287 343
571 584
243 469
428 577
400 451
239 543
280 590
208 406
226 406
330 424
333 589
580 584
473 557
294 525
499 557
48 269
495 537
12 498
86 361
214 548
200 551
476 589
187 514
335 556
250 539
90 474
325 459
414 526
315 528
409 429
264 488
142 547
368 502
227 445
186 513
297 514
323 424
523 531
137 172
49 50
375 452
248 505
270 398
469 555
535 589
460 469
162 469
487 582
218 547
36 494
460 548
377 591
265 594
145 591
511 572
493 556
300 314
230 545
513 530
204 350
315 488
83 449
66 196
469 564
440 444
367 436
121 538
180 585
489 529
491 494
110 398
315 551
577 581
501 511
409 558
121 449
108 311
180 367
398 584
210 249
169 523
163 463
39 513
136 352
126 561
198 226
586 590
427 595
34 467
248 270
436 452
537 566
158 558
305 413
415 590
127 368
150 519
227 294
394 534
476 479
4 294
150 316
65 523
282 582
339 523
12 309
273 476
436 451
75 584
367 451
569 577
20 452
334 374
427 560
471 541
124 525
578 595
273 469
57 539
203 449
217 221
147 518
479 531
28 259
374 590
184 513
223 542
523 557
124 516
506 526
34 508
252 254
452 582
589 590
292 495
313 537
4 443
478 502
280 281
83 482
411 561
230 343
391 485
273 560
200 528
328 475
436 465
532 580
439 505
403 520
180 564
253 458
398 472
57 218
148 541
94 555
81 217
261 469
45 446
70 560
99 525
429 485
442 487
53 117
227 501
211 578
217 303
500 556
212 569
242 368
269 287
440 510
270 326
199 420
273 546
171 312
353 573
253 476
283 528
1 525
275 529
130 427
455 568
408 569
537 540
90 508
39 389
320 585
373 497
178 180
336 585
345 480
362 590
591 595
144 581
257 400
67 547
138 593
444 539
393 543
307 564
86 325
159 369
239 520
251 541
111 578
237 510
144 548
274 411
42 306
131 584
395 463
377 485
251 530
74 399
476 495
25 436
139 140
473 555
257 534
111 119
313 479
171 450
159 214
497 589
151 340
240 551
439 516
372 473
215 502
345 595
92 566
516 525
320 452
368 555
526 541
525 555
251 410
377 557
247 590
514 537
186 300
465 534
140 477
320 564
349 350
325 591
436 582
180 440
352 594
479 561
80 577
88 535
303 434
251 424
101 389
265 495
327 530
537 555
275 508
8 214
193 561
218 254
424 593
372 398
172 547
69 452
303 557
305 499
590 595
516 594
370 526
361 465
241 334
406 547
248 264
193 409
234 589
36 548
91 204
535 578
79 582
136 551
375 577
28 589
53 184
372 516
409 566
247 594
473 529
116 513
163 358
368 590
139 497
399 510
257 465
560 577
150 516
159 478
223 555
317 494
199 451
148 520
78 130
65 415
192 348
178 589
325 400
243 366
99 469
269 499
318 463
196 581
132 375
349 556
34 196
345 348
434 474
474 581
372 529
247 569
253 274
75 421
241 362
370 389
186 588
443 566
297 455
156 356
448 480
547 589
205 539
81 216
50 511
257 575
20 442
313 432
332 500
370 557
45 462
239 317
268 547
160 444
554 593
12 434
218 529
119 569
9 538
139 362
234 497
308 514
539 595
261 366
564 585
429 477
268 400
340 369
289 351
74 360
348 497
6 582
78 595
372 511
306 400
477 547
369 557
499 586
222 516
317 410
162 252
239 323
411 433
327 363
554 579
421 584
351 353
462 465
561 563
376 477
69 523
473 499
471 584
557 583
45 530
363 556
171 478
134 555
108 197
399 523
136 528
328 578
588 590
99 212
450 480
42 534
447 582
125 360
257 539
129 411
516 529
349 352
538 546
78 283
541 567
307 567
320 367
249 549
128 204
37 473
43 475
389 513
34 250
237 545
480 590
210 581
227 353
217 525
306 445
92 545
91 555
477 526
349 377
59 514
361 576
202 589
369 459
118 179
104 477
436 530
419 452
111 335
354 464
474 508
111 586
130 362
384 593
421 441
496 502
333 594
215 594
147 319
76 495
59 417
521 590
333 547
101 497
393 520
36 538
221 514
275 556
439 442
332 523
311 335
455 464
535 544
188 551
540 557
437 581
159 358
1 409
259 567
352 499
140 529
448 565
31 551
267 459
516 526
336 566
316 463
249 591
307 522
200 474
128 407
535 569
537 599
45 227
107 566
252 579
353 508
101 513
445 452
49 539
449 478
88 522
367 564
32 465
4 578
406 543
79 367
375 382
268 532
102 585
353 388
451 582
109 500
371 415
510 523
375 454
338 389
444 567
502 538
274 508
371 503
213 249
163 451
259 554
316 585
230 409
430 485
158 174
269 548
8 563
578 589
278 471
354 540
136 492
301 409
147 386
184 504
65 395
69 451
25 408
6 74
248 410
373 424
363 500
57 482
248 265
168 543
331 566
226 448
155 554
28 590
233 484
178 351
183 551
352 406
80 560
154 577
275 303
169 510
357 471
198 430
144 369
215 516
319 464
29 448
196 592
363 378
202 449
158 556
532 536
241 541
186 502
67 594
178 595
468 499
466 569
313 525
556 575
6 471
399 593
328 569
61 573
469 500
308 566
83 366
361 459
512 538
37 306
353 434
26 584
44 95
154 555
50 370
485 502
65 407
196 356
75 471
332 510
145 360
296 407
66 372
319 593
88 334
179 450
253 556
61 591
6 336
205 421
44 303
218 508
149 479
439 496
343 532
520 593
354 421
270 554
169 451
138 248
90 266
221 495
367 368
88 348
448 511
265 543
303 388
340 370
212 578
80 340
334 451
134 561
429 469
190 215
465 591
148 564
121 270
377 526
269 532
510 589
499 594
502 557
25 564
32 578
179 478
241 595
555 561
265 455
582 585
305 330
150 594
297 555
283 584
350 495
409 479
407 555
374 497
11 265
31 560
57 584
67 473
424 543
363 530
296 473
406 439
221 513
12 581
551 560
283 384
8 543
151 510
69 582
399 415
197 584
237 523
330 584
510 513
407 476
407 566
449 539
203 532
459 494
81 432
356 395
328 535
61 543
50 349
398 494
421 541
496 594
528 560
91 566
297 366
594 595
351 448
83 450
410 459
469 561
274 500
495 561
354 541
158 547
317 474
31 486
348 362
193 197
20 305
68 581
306 504
149 329
48 340
431 494
296 589
136 577
358 447
361 534
470 581
252 520
199 452
463 485
428 534
68 573
187 495
119 130
250 581
90 388
110 270
239 435
427 589
192 502
232 547
417 471
287 548
556 568
44 210
285 590
343 454
415 510
332 597
424 584
82 319
372 485
140 547
118 591
589 594
274 530
455 593
393 583
253 530
182 534
233 478
149 243
524 591
333 455
118 582
262 534
275 434
333 344
316 496
195 395
223 313
65 510
156 358
28 595
251 471
125 583
172 358
524 582
191 300
175 541
132 577
541 593
158 245
1 560
370 442
317 503
440 564
305 544
256 395
501 561
11 236
212 497
508 581
145 531
541 554
210 388
163 518
307 595
273 551
229 463
414 548
143 549
140 365
74 556
564 594
66 581
250 294
125 453
287 383
52 366
1 514
218 463
455 494
395 477
200 520
36 473
55 145
384 590
439 594
62 513
249 459
169 567
119 303
554 584
81 380
82 386
450 532
87 290
415 538
473 506
172 330
12 227
33 319
416 417
308 428
365 536
539 568
261 327
480 568
66 289
140 242
361 400
28 543
162 521
108 384
254 355
53 513
489 591
366 374
113 495
351 486
10 548
265 463
394 557
434 494
215 599
201 343
365 529
539 561
497 585
573 584
266 595
87 323
515 585
78 514
354 494
10 233
449 450
396 417
471 593
384 595
474 560
539 566
361 591
358 555
369 450
226 589
150 498
261 527
393 485
175 494
70 240
377 499
254 508
148 457
259 582
169 415
498 511
92 561
4 581
131 554
502 526
86 242
368 558
58 429
25 282
118 534
340 532
177 523
440 451
351 569
177 465
243 423
351 590
400 591
479 565
79 80
151 359
371 523
45 363
251 570
323 514
325 432
552 577
108 317
190 282
463 557
106 432
159 517
345 467
535 585
440 441
161 532
134 476
31 273
369 538
388 514
214 276
340 538
16 363
132 527
318 470
356 442
72 594
294 303
371 510
43 560
496 577
316 578
43 577
198 538
348 434
417 452
319 469
144 198
537 561
203 478
429 528
234 270
212 538
395 529
508 555
520 543
315 560
406 499
296 590
68 210
273 577
436 448
32 296
158 530
450 548
148 354
43 551
74 371
42 591
335 530
214 449
250 589
452 564
330 485
261 566
116 530
463 526
159 171
182 535
421 593
139 480
569 590
348 589
80 551
356 502
564 582
584 593
179 343
362 448
42 360
259 444
26 593
32 226
476 561
388 581
478 532
233 343
417 520
333 511
452 585
440 582
25 551
66 508
1 465
20 477
557 594
62 389
283 543
197 520
253 432
308 525
516 551
459 465
132 134
335 500
318 594
178 480
360 371
217 308
145 523
132 560
118 306
370 429
450 538
62 439
449 548
70 537
548 595
217 479
332 371
200 560
69 497
485 529
407 556
70 528
247 535
29 528
90 91
436 440
223 261
305 473
434 581
8 424
197 471
328 410
204 399
234 328
415 523
316 535
315 537
334 434
29 374
360 510
125 375
163 554
26 543
44 581
280 334
79 440
143 513
500 530
222 320
223 594
477 541
176 471
506 578
358 547
455 458
156 594
107 555
187 537
203 204
275 276
480 598
110 216
59 554
430 514
130 592
274 384
246 539
356 516
341 424
76 561
536 578
354 504
245 327
3 439
528 577
247 579
34 569
294 474
11 554
393 398
469 566
61 534
189 577
121 532
352 598
259 482
79 407
323 404
345 569
417 593
508 534
83 343
264 411
308 407
274 556
386 479
578 584
156 406
581 595
486 585
533 539
200 577
551 577
67 444
451 454
53 300
257 372
442 594
410 417
257 591
59 455
351 535
63 578
411 552
411 450
234 585
277 358
427 569
320 541
120 362
528 551
308 547
330 496
577 593
427 480
307 365
494 584
406 574
172 418
11 593
393 417
350 566
428 528
543 558
16 151
144 476
234 409
507 557
264 432
116 532
230 350
191 529
147 410
240 541
475 556
427 567
10 533
264 296
395 526
143 389
76 419
315 577
138 202
417 494
203 544
455 595
318 499
529 593
125 400
363 365
400 497
17 495
237 332
10 198
317 543
485 499
82 308
37 529
387 427
542 566
584 594
416 511
287 532
492 554
455 584
436 564
110 455
237 250
254 429
348 511
190 462
175 543
215 450
87 393
477 557
171 495
320 488
39 172
294 491
149 476
169 360
128 297
85 335
57 307
282 564
448 590
131 595
538 580
249 534
351 356
353 474
245 312
283 535
395 554
362 427
252 350
241 384
242 526
149 381
333 496
520 554
72 358
399 526
237 415
116 186
151 478
156 478
81 377
282 394
233 582
182 355
327 500
240 560
439 575
62 436
119 523
374 506
429 442
545 590
107 221
107 288
134 559
139 550
306 534
162 243
97 525
479 495
562 593
410 520
180 467
182 459
115 532
205 501
62 300
485 528
325 465
309 439
6 564
212 595
313 464
4 508
131 569
205 215
448 595
245 556
343 580
400 459
99 193
254 496
111 585
148 453
352 547
153 566
480 578
409 476
264 505
46 476
327 556
459 598
11 411
361 415
398 535
537 585
202 585
131 591
352 496
280 589
175 592
384 597
349 477
459 591
315 450
