339 456
423 562
395 507
327 331
403 574
328 352
59 240
95 283
188 431
211 429
229 566
374 454
163 581
291 338
436 487
166 589
529 530
228 411
201 255
116 462
392 473
236 474
166 501
445 588
392 424
11 564
29 504
156 571
74 156
295 387
133 548
394 493
18 583
220 322
379 483
231 578
197 574
377 569
112 207
203 526
207 240
512 571
36 563
364 539
273 490
79 481
66 397
159 345
162 546
397 510
421 515
335 568
156 190
144 488
456 533
240 503
77 81
258 352
153 539
6 87
176 366
242 598
411 594
125 395
515 543
128 368
379 512
341 441
343 421
42 592
355 373
374 435
216 472
141 445
161 361
143 425
290 386
287 425
343 348
79 326
65 563
537 567
354 531
323 500
397 549
37 89
403 428
244 563
130 137
521 527
334 409
549 564
23 120
397 408
522 591
468 550
108 458
532 548
519 521
372 409
184 196
475 583
386 563
313 529
296 567
190 308
180 490
350 574
317 517
158 539
378 533
252 452
75 325
423 504
191 315
126 549
427 583
412 427
382 471
274 529
176 527
266 279
181 493
86 570
2 54
402 435
49 66
29 561
35 333
1 16
202 486
83 546
265 529
32 319
209 489
449 599
31 595
35 532
155 159
218 504
489 592
220 411
461 532
408 416
133 386
298 451
318 568
357 579
112 510
558 568
61 96
120 548
243 526
416 521
456 550
375 394
448 591
32 584
36 587
181 504
364 501
112 358
61 435
461 483
394 428
141 379
216 393
392 415
428 453
299 519
328 502
212 403
111 428
114 448
172 334
407 447
395 546
179 251
456 489
333 488
14 118
243 455
25 568
230 373
530 551
489 587
364 593
329 497
141 365
234 324
511 531
107 213
128 488
163 593
482 486
35 385
24 355
83 598
279 282
451 593
108 566
0 284
19 402
252 501
403 493
496 500
207 366
13 598
411 490
86 231
179 387
197 469
346 490
295 407
315 317
122 187
451 598
354 493
304 372
21 500
167 373
299 325
374 460
218 319
242 563
243 301
338 405
271 566
367 409
42 295
44 583
464 477
30 284
56 247
47 571
485 522
454 587
54 204
76 89
289 522
289 480
65 598
47 340
163 331
41 400
150 392
390 598
162 529
329 493
184 488
283 595
161 325
236 529
331 472
149 305
308 387
36 264
95 526
242 549
507 510
126 510
163 368
328 539
295 386
122 539
202 313
352 593
255 481
244 598
500 504
320 441
266 486
32 493
357 423
235 566
153 501
393 396
3 128
188 343
461 474
206 551
64 583
136 575
302 475
343 431
219 574
493 510
303 440
486 551
330 460
77 80
264 563
62 586
27 548
119 362
393 437
123 402
341 471
134 315
402 566
305 501
197 212
210 426
124 420
165 305
268 574
320 341
12 64
30 174
303 579
2 481
148 512
365 443
334 367
379 393
338 472
397 407
18 76
331 546
170 275
30 362
75 335
189 475
9 45
387 447
372 521
381 453
41 510
207 521
244 261
32 290
35 303
125 546
217 334
96 483
343 362
504 583
405 426
189 493
409 500
210 511
394 515
179 299
325 387
236 405
189 350
296 550
400 490
79 458
365 415
118 546
367 487
375 568
55 159
240 426
93 563
59 216
350 500
165 587
297 579
299 355
265 471
157 461
125 441
152 243
233 579
501 518
70 549
389 428
357 504
429 464
291 435
84 496
394 453
294 362
153 295
443 461
522 530
475 489
194 425
294 537
480 496
9 305
437 441
97 377
349 515
60 352
487 494
330 423
213 388
34 537
144 548
130 587
314 447
261 537
388 407
177 314
415 437
273 420
449 461
93 535
183 405
284 588
75 484
170 525
392 437
36 537
110 512
164 598
321 354
376 393
159 359
252 587
490 548
419 458
518 576
209 437
429 583
486 568
330 579
117 500
386 576
59 529
316 462
300 587
125 485
202 421
321 379
39 540
461 553
443 489
93 499
112 521
206 246
133 318
10 421
150 393
133 464
372 440
236 530
511 566
350 453
367 562
210 552
155 354
268 456
274 569
95 521
393 394
443 540
462 587
504 542
487 577
81 341
129 321
312 426
348 440
367 571
23 510
9 462
448 537
405 528
498 521
136 593
435 511
303 458
185 495
408 480
335 570
230 403
155 167
309 593
98 423
423 579
340 472
431 537
353 518
279 335
318 421
304 441
158 548
164 448
129 290
585 598
456 542
190 441
281 579
410 428
215 517
167 486
556 583
199 458
97 587
223 448
61 549
212 364
451 547
547 598
366 440
349 587
118 425
409 480
211 534
251 447
161 352
333 471
481 515
27 411
173 408
270 504
380 451
389 470
512 514
213 355
415 566
99 469
441 476
81 392
389 479
353 435
26 587
462 501
58 206
171 357
174 231
211 548
40 263
404 421
279 568
338 459
500 590
124 517
217 592
408 549
462 518
70 173
400 526
140 494
231 431
74 358
476 566
39 548
423 499
471 530
275 328
152 445
334 496
409 530
105 355
162 289
368 539
55 533
77 520
220 414
86 563
479 512
197 357
73 482
74 496
146 527
40 160
234 512
453 471
190 303
19 376
295 325
424 488
334 339
392 523
377 518
13 560
12 568
362 431
234 504
313 450
539 552
152 395
243 330
387 410
164 563
296 533
329 453
460 533
461 481
154 526
12 416
486 491
474 483
119 122
46 462
416 424
196 494
287 378
358 512
383 461
213 526
201 571
400 464
274 313
77 302
352 494
367 500
226 533
265 522
378 456
487 496
16 538
110 334
236 560
402 405
449 568
545 579
81 85
464 490
47 291
164 432
188 302
579 583
175 591
21 480
116 501
64 344
211 411
449 561
18 243
331 399
206 226
428 437
448 598
180 310
368 451
15 553
458 515
425 474
86 598
233 431
303 515
130 215
213 396
395 594
281 517
123 550
42 314
464 472
301 437
429 565
158 364
110 496
158 593
41 70
405 472
99 389
125 190
393 415
400 429
381 389
464 548
29 218
252 261
53 212
510 512
416 549
203 533
443 518
284 353
17 429
329 403
349 443
42 447
192 378
447 530
242 294
427 504
19 210
420 583
294 423
124 579
108 481
217 367
18 191
236 522
255 483
231 378
386 448
157 515
368 593
440 521
119 284
395 483
284 486
31 284
296 443
17 263
275 593
537 563
353 431
83 441
65 396
13 537
244 386
329 574
202 449
120 255
397 493
355 533
409 487
155 321
252 518
80 415
299 488
160 263
218 517
39 490
334 487
427 579
217 500
240 366
95 511
17 490
290 373
61 566
191 215
5 31
335 375
281 420
550 579
185 525
37 532
475 593
97 489
169 465
246 284
46 290
263 413
429 490
166 518
314 407
112 372
403 522
298 566
158 513
381 574
89 354
340 405
584 598
416 499
87 167
269 373
271 411
97 598
208 447
244 277
119 246
357 583
89 506
289 325
128 144
240 527
21 459
427 435
574 596
370 549
11 378
174 353
159 247
108 208
297 423
579 595
40 366
475 567
456 553
183 234
424 464
146 440
2 587
320 587
45 423
282 318
420 574
167 585
459 461
26 516
64 420
472 543
180 464
145 146
461 515
282 406
329 350
365 392
349 462
303 379
432 486
389 403
392 393
46 321
157 556
13 125
296 378
263 527
489 501
110 487
271 511
311 546
22 563
83 118
156 320
379 450
129 354
19 511
220 274
80 170
427 517
27 591
217 442
416 529
517 527
304 530
198 489
418 518
212 428
20 532
42 537
100 279
27 580
47 466
266 449
30 563
75 486
130 576
189 568
123 355
13 448
396 456
396 533
79 532
196 301
140 530
402 511
493 574
286 314
366 516
46 346
124 590
201 581
537 598
134 338
357 517
429 557
205 593
522 564
377 501
543 579
129 373
510 513
173 441
192 403
194 395
366 527
441 546
268 533
0 186
220 464
65 440
377 587
176 372
375 449
488 593
166 489
405 533
164 589
169 542
62 356
64 579
378 396
271 472
248 549
265 599
165 443
223 574
150 191
83 341
341 559
194 268
155 596
62 510
501 587
377 392
140 348
488 560
590 593
183 496
263 440
289 530
217 480
169 261
229 296
431 539
213 596
146 162
400 548
5 365
153 364
533 550
330 541
172 207
160 527
503 593
158 451
15 126
149 329
372 518
178 552
196 415
217 579
343 344
76 258
387 451
157 532
261 598
154 550
46 55
421 486
116 447
281 473
445 480
178 294
366 579
130 133
367 592
315 387
261 264
427 589
193 504
375 421
517 583
10 334
411 548
472 566
440 543
61 402
303 483
396 550
53 136
165 462
39 560
283 521
488 549
16 593
456 526
470 483
110 591
164 537
203 558
274 530
201 532
504 579
122 254
415 569
408 510
409 496
154 309
281 427
362 432
458 466
93 598
242 381
268 550
183 271
496 532
261 577
305 559
475 568
349 489
349 596
205 420
191 445
126 419
188 527
266 282
175 452
32 574
251 383
119 241
39 400
99 381
501 561
377 515
73 480
387 407
481 557
381 493
453 469
123 321
527 536
229 463
216 535
533 588
283 430
416 525
165 371
521 592
335 498
279 577
220 548
299 447
84 500
529 575
487 563
458 532
210 340
474 481
349 500
501 515
230 532
282 568
11 529
546 563
437 445
321 522
116 377
443 462
522 529
264 353
87 290
279 486
374 511
12 449
175 472
213 533
328 368
475 483
192 533
148 426
95 440
59 283
96 527
189 574
136 512
504 517
320 546
31 230
379 474
291 566
330 583
27 429
194 546
411 415
21 496
353 362
17 211
59 440
156 546
159 216
425 441
299 400
162 530
234 298
426 472
140 522
373 475
290 490
386 598
229 247
251 295
341 425
75 568
421 449
328 364
190 395
236 471
185 598
294 563
246 343
5 378
140 471
108 483
453 574
474 532
423 583
169 518
152 191
465 517
462 593
399 501
320 517
53 301
143 538
96 475
282 375
30 535
289 529
463 563
364 417
188 362
315 338
225 464
87 373
349 591
178 598
305 489
161 364
308 546
9 587
215 518
313 522
29 552
16 488
200 511
188 353
353 540
180 400
330 517
25 511
264 598
427 575
510 549
169 374
89 559
487 529
26 591
298 488
357 554
409 494
160 542
480 527
45 579
98 521
233 246
340 574
294 598
231 233
178 503
203 453
389 568
526 550
384 530
166 437
335 486
47 402
215 443
416 510
435 436
163 539
203 550
55 537
274 522
224 539
150 450
389 453
340 511
161 593
185 416
443 587
133 411
249 264
451 539
234 354
107 429
458 587
212 574
233 343
196 365
126 593
72 375
220 490
137 445
206 529
379 568
291 532
314 325
488 539
73 487
74 546
474 594
150 365
124 534
386 537
15 397
148 245
189 394
374 548
475 521
297 583
9 512
377 446
70 550
252 349
215 587
166 478
481 488
338 435
301 595
340 594
354 595
255 332
65 448
211 596
487 500
179 575
18 365
148 566
338 426
174 523
176 593
452 456
169 566
123 350
341 395
259 408
518 595
408 435
318 559
156 331
374 566
54 229
129 367
255 474
355 550
409 468
407 556
66 120
66 549
375 486
480 500
11 521
157 554
53 415
368 570
96 521
116 143
464 493
161 451
15 408
282 415
266 568
579 584
178 537
215 598
128 493
170 437
41 416
296 355
227 282
377 489
180 538
54 247
74 395
80 163
5 551
407 546
265 503
326 566
40 561
483 504
250 315
0 174
291 426
275 484
170 242
260 368
443 525
376 397
428 574
563 598
291 593
483 515
320 425
338 511
66 526
242 386
81 445
389 396
405 513
564 574
307 527
237 381
37 352
426 566
123 378
341 431
396 526
183 374
99 318
262 425
374 472
474 515
23 512
62 549
29 579
124 583
143 186
165 233
224 352
429 548
162 471
450 474
251 407
325 447
448 518
234 564
539 540
120 126
122 283
268 526
33 537
440 442
153 352
136 488
146 372
76 245
26 84
201 379
246 431
273 598
368 596
141 301
288 314
73 79
129 301
185 499
230 578
451 454
327 445
318 335
178 559
131 511
342 448
298 593
243 445
425 546
175 394
2 483
427 569
471 522
76 122
281 583
176 283
31 525
235 539
549 565
381 462
26 143
228 522
318 449
526 597
140 509
180 548
87 482
402 467
475 580
372 527
192 456
313 530
297 328
247 290
411 464
397 402
350 569
297 473
118 254
389 574
194 528
451 556
183 566
421 568
244 512
426 431
192 550
136 275
92 441
350 428
315 410
173 397
0 231
202 568
134 150
229 321
130 518
202 510
173 175
295 299
62 408
212 493
179 297
197 517
73 500
471 529
420 517
77 437
512 532
17 480
201 515
265 530
53 152
153 593
154 247
373 481
271 375
84 480
55 475
134 275
297 420
5 230
12 421
530 583
487 510
394 574
35 515
185 549
458 461
99 574
480 487
45 420
218 583
367 496
93 490
154 203
16 275
173 372
518 587
23 472
289 471
40 128
350 381
206 230
247 373
340 435
296 526
19 408
298 539
167 229
86 448
251 387
197 579
330 427
148 435
458 481
170 445
