0 423
0 438
0 469
0 540
0 584
1 56
1 319
1 381
1 560
1 586
2 177
2 397
2 438
2 439
2 463
3 187
3 436
3 515
3 521
3 568
4 326
4 438
4 444
4 534
4 593
5 413
5 496
5 557
5 582
5 593
6 230
6 453
6 478
6 516
6 526
7 127
7 416
7 449
7 512
7 557
8 276
8 337
8 387
8 404
8 448
9 340
9 479
9 551
9 561
9 574
10 35
10 206
10 314
10 377
10 521
11 462
11 480
11 502
11 589
11 597
12 180
12 315
12 386
12 534
12 536
13 167
13 246
13 326
13 463
13 595
14 121
14 133
14 170
14 547
14 588
15 20
15 314
15 417
15 553
15 598
16 209
16 416
16 499
16 502
16 509
17 115
17 206
17 480
17 514
17 568
18 48
18 238
18 417
18 450
18 477
19 107
19 124
19 152
19 313
19 468
20 15
20 295
20 305
20 459
20 583
21 93
21 307
21 428
21 473
21 536
22 59
22 297
22 302
22 351
22 416
23 61
23 119
23 506
23 586
23 599
24 81
24 223
24 500
24 511
24 598
25 177
25 213
25 463
25 468
25 568
26 137
26 178
26 437
26 544
26 556
27 88
27 209
27 278
27 360
27 417
28 405
28 475
28 535
28 552
28 579
29 49
29 515
29 543
29 551
29 571
30 219
30 341
30 506
30 570
30 572
31 145
31 334
31 545
31 589
31 595
32 165
32 371
32 484
32 493
32 585
33 337
33 338
33 359
33 480
33 585
34 352
34 356
34 446
34 531
34 556
35 10
35 415
35 472
35 544
35 561
36 291
36 499
36 502
36 509
36 598
37 62
37 250
37 475
37 490
37 597
38 145
38 274
38 315
38 447
38 540
39 389
39 454
39 497
39 529
39 536
40 252
40 319
40 431
40 470
40 597
41 267
41 460
41 515
41 554
41 587
42 337
42 448
42 525
42 595
43 151
43 281
43 443
43 480
43 562
44 465
44 520
44 551
44 562
44 574
45 266
45 269
45 330
45 355
45 498
46 68
46 245
46 345
46 553
46 573
47 162
47 339
47 371
47 585
47 599
48 18
48 385
48 522
48 567
48 588
49 29
49 234
49 279
49 503
49 550
50 160
50 478
50 488
50 541
50 573
51 190
51 268
51 398
51 421
51 449
52 179
52 363
52 369
52 542
52 577
53 247
53 503
53 510
53 571
53 595
54 236
54 499
54 502
54 553
54 593
55 143
55 353
55 452
55 556
55 593
56 1
56 327
56 550
56 560
56 586
57 86
57 350
57 444
57 522
57 548
58 431
58 506
58 507
58 553
58 586
59 22
59 78
59 134
59 400
59 568
60 131
60 373
60 377
60 453
60 526
61 23
61 255
61 426
61 451
61 585
62 37
62 104
62 173
62 229
62 563
63 83
63 428
63 474
63 536
63 570
64 134
64 224
64 576
64 592
64 598
65 117
65 311
65 343
65 410
65 597
66 151
66 292
66 505
66 568
66 586
67 167
67 293
67 419
67 498
67 516
68 46
68 400
68 578
68 591
68 598
69 309
69 330
69 368
69 415
69 599
70 385
70 407
70 428
70 518
70 591
71 162
71 257
71 289
71 452
71 594
72 187
72 351
72 469
72 539
72 589
73 339
73 551
73 562
73 571
73 574
74 112
74 403
74 515
74 554
74 559
75 262
75 407
75 471
75 537
75 585
76 281
76 332
76 333
76 527
76 557
77 514
77 518
77 541
77 557
77 590
78 59
78 155
78 454
78 480
78 507
79 114
79 227
79 388
79 517
79 527
80 147
80 332
80 523
80 555
80 599
81 24
81 275
81 399
81 478
81 583
82 126
82 372
82 461
82 513
82 545
83 63
83 373
83 479
83 504
83 534
84 348
84 369
84 465
84 562
84 574
85 186
85 268
85 342
85 542
85 580
86 57
86 193
86 445
86 544
86 547
87 355
87 514
87 541
87 558
87 575
88 27
88 358
88 382
88 393
88 467
89 131
89 362
89 490
89 553
89 595
90 277
90 359
90 391
90 543
90 584
91 260
91 493
91 556
91 567
91 593
92 227
92 256
92 382
92 573
92 592
93 21
93 422
93 452
93 525
93 569
94 279
94 290
94 399
94 573
94 583
95 318
95 493
95 533
95 582
95 599
96 559
96 560
96 564
96 581
96 599
97 99
97 189
97 279
97 284
97 549
98 322
98 410
98 479
98 491
98 553
99 97
99 157
99 492
99 556
99 581
100 242
100 330
100 406
100 485
100 530
101 319
101 469
101 563
101 584
101 596
102 438
102 463
102 515
102 536
102 566
103 160
103 486
103 523
103 528
103 596
104 62
104 352
104 533
104 552
104 556
105 235
105 278
105 345
105 567
105 573
106 265
106 406
106 508
106 537
106 579
107 19
107 468
107 491
107 501
107 579
108 435
108 530
108 549
108 577
108 580
109 206
109 455
109 459
109 554
109 591
110 374
110 425
110 541
110 567
110 572
111 218
111 220
111 488
111 532
111 577
112 74
112 178
112 500
112 516
112 554
113 145
113 197
113 234
113 571
113 582
114 79
114 122
114 174
114 491
114 546
115 17
115 339
115 351
115 455
115 568
116 117
116 152
116 301
116 398
116 560
117 65
117 116
117 379
117 462
117 547
118 199
118 228
118 457
118 586
118 591
119 23
119 246
119 397
119 533
119 540
120 175
120 382
120 455
120 487
120 569
121 14
121 269
121 288
121 503
121 571
122 114
122 276
122 476
122 482
122 594
123 154
123 344
123 441
123 465
123 512
123 521
124 19
124 365
124 488
124 498
124 547
124 580
125 150
125 213
125 438
125 463
125 504
125 594
126 82
126 457
126 493
126 557
126 562
126 566
127 7
127 378
127 434
127 483
127 578
127 598
128 187
128 218
128 475
128 577
128 589
128 597
129 294
129 480
129 484
129 543
129 548
129 571
130 144
130 335
130 473
130 504
130 534
130 535
131 60
131 89
131 333
131 453
131 526
131 589
132 537
132 572
132 578
132 579
132 596
132 598
133 14
133 262
133 266
133 379
133 507
133 547
134 59
134 64
134 170
134 480
134 496
134 588
135 357
135 404
135 422
135 452
135 470
135 525
136 383
136 458
136 514
136 527
136 531
136 575
137 26
137 464
137 561
137 577
137 592
137 594
138 357
138 404
138 448
138 492
138 517
138 592
139 426
139 439
139 449
139 473
139 495
139 532
140 142
140 158
140 470
140 532
140 569
140 590
141 336
141 341
141 367
141 533
141 582
141 583
142 140
142 242
142 437
142 442
142 553
142 569
143 55
143 274
143 439
143 471
143 495
143 585
144 130
144 176
144 291
144 387
144 468
144 501
145 31
145 38
145 113
145 254
145 308
145 520
146 434
146 459
146 478
146 508
146 562
146 583
147 80
147 401
147 458
147 558
147 575
147 585
148 195
148 318
148 516
148 525
148 564
148 571
148 585
149 246
149 418
149 508
149 578
149 579
149 598
150 125
150 242
150 478
150 485
150 540
150 595
151 43
151 66
151 355
151 443
151 505
151 508
152 19
152 116
152 411
152 432
152 557
152 593
153 165
153 358
153 420
153 455
153 496
153 576
154 123
154 176
154 475
154 513
154 566
154 589
155 78
155 260
155 398
155 442
155 539
155 597
156 255
156 428
156 471
156 477
156 540
156 585
157 99
157 193
157 350
157 492
157 542
157 572
158 140
158 284
158 307
158 440
158 505
158 568
159 228
159 241
159 391
159 421
159 530
159 571
160 50
160 103
160 171
160 421
160 538
160 583
161 323
161 421
161 435
161 520
161 586
161 593
162 47
162 71
162 295
162 336
162 551
162 576
163 304
163 306
163 390
163 427
163 507
163 560
164 270
164 293
164 448
164 512
164 582
164 594
165 32
165 153
165 170
165 338
165 450
165 465
166 209
166 278
166 446
166 568
166 570
166 592
167 13
167 67
167 334
167 481
167 567
167 595
168 216
168 258
168 448
168 476
168 581
168 590
169 410
169 508
169 578
169 579
169 584
169 598
170 14
170 134
170 165
170 420
170 537
170 570
171 160
171 188
171 399
171 404
171 553
171 573
172 317
172 352
172 505
172 538
172 564
172 599
173 62
173 229
173 334
173 420
173 579
173 587
174 114
174 276
174 311
174 388
174 426
174 507
175 120
175 459
175 503
175 560
175 573
175 583
176 144
176 154
176 387
176 501
176 508
176 597
177 2
177 25
177 334
177 386
177 409
177 513
178 26
178 112
178 192
178 403
178 414
178 521
179 52
179 341
179 354
179 360
179 594
179 598
180 12
180 250
180 343
180 558
180 575
180 580
181 214
181 295
181 344
181 513
181 586
181 597
182 197
182 277
182 450
182 484
182 530
182 566
183 366
183 409
183 509
183 531
183 546
183 596
184 349
184 520
184 531
184 546
184 565
184 596
185 187
185 265
185 286
185 391
185 436
185 552
186 85
186 233
186 292
186 394
186 510
186 581
187 3
187 72
187 128
187 185
187 222
187 582
188 171
188 408
188 488
188 558
188 575
188 578
189 97
189 203
189 449
189 478
189 524
189 574
190 51
190 318
190 368
190 442
190 541
190 569
191 303
191 339
191 484
191 506
191 560
191 586
192 178
192 239
192 257
192 283
192 338
192 524
193 86
193 157
193 380
193 394
193 487
193 581
194 361
194 495
194 535
194 552
194 556
194 593
195 148
195 342
195 399
195 517
195 549
195 577
196 283
196 300
196 403
196 510
196 530
196 571
197 113
197 182
197 229
197 240
197 510
197 554
198 419
198 516
198 550
198 555
198 572
198 579
199 118
199 228
199 401
199 563
199 564
199 591
200 250
200 497
200 514
200 558
200 575
200 593
201 256
201 437
201 459
201 525
201 566
201 587
202 307
202 454
202 462
202 480
202 563
202 568
203 189
203 303
203 356
203 366
203 467
203 507
204 372
204 482
204 535
204 556
204 577
204 582
205 309
205 377
205 447
205 570
205 586
205 599
206 10
206 17
206 109
206 217
206 289
206 553
207 245
207 322
207 335
207 440
207 443
207 454
208 431
208 442
208 549
208 569
208 588
208 590
209 16
209 27
209 166
209 419
209 430
209 565
210 254
210 274
210 323
210 362
210 516
210 576
211 252
211 262
211 320
211 464
211 499
211 563
212 237
212 513
212 521
212 544
212 558
212 594
213 25
213 125
213 264
213 342
213 534
213 536
214 181
214 329
214 453
214 460
214 483
214 566
215 329
215 458
215 528
215 552
215 556
215 584
216 168
216 349
216 448
216 507
216 517
216 563
217 206
217 309
217 310
217 314
217 525
217 583
218 111
218 128
218 227
218 284
218 485
218 540
219 30
219 367
219 493
219 533
219 552
219 566
219 582
220 111
220 342
220 478
220 479
220 553
220 573
220 583
221 236
221 337
221 537
221 573
221 578
221 579
221 598
222 187
222 294
222 362
222 429
222 490
222 540
222 595
223 24
223 418
223 447
223 511
223 515
223 554
223 582
224 64
224 412
224 486
224 528
224 546
224 565
224 596
225 249
225 378
225 473
225 487
225 492
225 545
225 581
226 294
226 368
226 403
226 451
226 472
226 527
226 532
227 79
227 92
227 218
227 246
227 406
227 468
227 540
228 118
228 159
228 199
228 364
228 397
228 584
228 591
229 62
229 173
229 197
229 380
229 383
229 397
229 534
230 6
230 280
230 312
230 427
230 521
230 526
230 560
231 372
231 376
231 408
231 462
231 556
231 558
231 575
232 319
232 485
232 519
232 541
232 552
232 569
232 590
233 186
233 236
233 243
233 346
233 394
233 440
233 581
234 49
234 113
234 241
234 325
234 510
234 534
234 543
235 105
235 266
235 455
235 467
235 553
235 557
235 573
236 54
236 221
236 233
236 296
236 361
236 499
236 509
237 212
237 311
237 425
237 472
237 484
237 561
237 594
238 18
238 497
238 531
238 536
238 546
238 565
238 596
239 192
239 244
239 291
239 360
239 487
239 527
239 561
240 197
240 244
240 335
240 361
240 530
240 571
240 594
241 159
241 234
241 328
241 391
241 510
241 543
241 566
242 100
242 142
242 150
242 485
242 591
242 595
242 597
243 233
243 319
243 437
243 469
243 518
243 519
243 590
244 239
244 240
244 300
244 345
244 414
244 553
244 571
245 46
245 207
245 246
245 321
245 351
245 443
245 587
246 13
246 119
246 149
246 227
246 245
246 256
246 595
247 53
247 251
247 392
247 446
247 473
247 529
247 538
248 347
248 402
248 472
248 528
248 551
248 562
248 574
249 225
249 397
249 456
249 522
249 548
249 572
249 588
250 37
250 180
250 200
250 514
250 558
250 575
250 594
251 247
251 323
251 348
251 351
251 516
251 555
251 598
252 40
252 211
252 375
252 474
252 489
252 559
252 599
253 263
253 292
253 335
253 385
253 469
253 477
253 591
254 145
254 210
254 258
254 315
254 361
254 516
254 576
255 61
255 156
255 327
255 338
255 369
255 526
255 585
256 92
256 201
256 246
256 345
256 419
256 431
256 553
257 71
257 192
257 286
257 332
257 527
257 544
257 594
258 168
258 254
258 278
258 448
258 476
258 512
258 587
259 469
259 512
259 531
259 546
259 563
259 584
259 591
260 91
260 155
260 467
260 481
260 518
260 570
260 592
261 321
261 349
261 411
261 457
261 503
261 557
261 593
262 75
262 133
262 211
262 339
262 439
262 477
262 589
263 253
263 395
263 563
263 575
263 580
263 584
263 589
264 213
264 266
264 514
264 522
264 547
264 567
264 588
265 106
265 185
265 482
265 533
265 535
265 552
265 590
266 45
266 133
266 235
266 264
266 462
266 589
266 597
267 41
267 333
267 392
267 486
267 528
267 565
267 596
268 51
268 85
268 421
268 514
268 578
268 589
268 597
269 45
269 121
269 332
269 352
269 545
269 589
269 597
270 164
270 301
270 343
270 363
270 462
270 481
270 491
271 382
271 437
271 459
271 498
271 542
271 573
271 587
272 354
272 411
272 415
272 532
272 549
272 577
272 590
273 441
273 463
273 471
273 473
273 504
273 534
273 591
274 38
274 143
274 210
274 308
274 462
274 520
274 555
275 81
275 306
275 331
275 385
275 466
275 504
275 586
276 8
276 122
276 174
276 424
276 471
276 517
276 522
277 90
277 182
277 280
277 462
277 484
277 571
277 575
278 27
278 105
278 166
278 258
278 430
278 451
278 595
279 49
279 94
279 97
279 433
279 488
279 542
279 577
280 230
280 277
280 350
280 409
280 453
280 504
280 526
281 43
281 76
281 429
281 461
281 557
281 565
281 566
282 320
282 422
282 488
282 498
282 533
282 542
282 580
283 192
283 196
283 470
283 519
283 541
283 569
283 590
284 97
284 158
284 218
284 374
284 433
284 532
284 577
285 331
285 370
285 396
285 440
285 489
285 497
285 559
286 185
286 257
286 288
286 546
286 557
286 580
286 582
287 313
287 327
287 336
287 468
287 511
287 539
287 557
288 121
288 286
288 432
288 461
288 483
288 550
288 584
289 71
289 206
289 528
289 546
289 565
289 567
289 596
290 94
290 312
290 389
290 409
290 453
290 484
290 526
291 36
291 144
291 239
291 316
291 458
291 499
291 509
292 66
292 186
292 253
292 310
292 410
292 458
292 581
293 67
293 164
293 435
293 520
293 555
293 565
293 570
293 586
294 129
294 222
294 226
294 354
294 527
294 549
294 561
294 594
295 20
295 162
295 181
295 349
295 391
295 454
295 460
295 566
296 236
296 412
296 533
296 548
296 551
296 562
296 574
296 586
297 22
297 307
297 348
297 440
297 497
297 505
297 567
297 568
298 387
298 414
298 483
298 486
298 531
298 546
298 565
298 596
299 300
299 334
299 483
299 512
299 513
299 557
299 566
299 571
300 196
300 244
300 299
300 503
300 510
300 530
300 585
300 587
301 116
301 270
301 325
301 521
301 535
301 569
301 589
301 597
302 22
302 306
302 392
302 447
302 466
302 507
302 560
302 598
303 191
303 203
303 372
303 453
303 510
303 522
303 523
303 586
304 163
304 331
304 345
304 519
304 537
304 578
304 579
304 598
305 20
305 315
305 348
305 367
305 435
305 520
305 555
305 574
306 163
306 275
306 302
306 377
306 474
306 478
306 565
306 586
307 21
307 158
307 202
307 297
307 440
307 520
307 527
307 568
308 145
308 274
308 323
308 435
308 472
308 489
308 555
308 579
309 69
309 205
309 217
309 356
309 365
309 540
309 568
309 592
310 217
310 292
310 375
310 410
310 487
310 492
310 576
310 581
311 65
311 174
311 237
311 388
311 400
311 517
311 538
311 587
312 230
312 290
312 362
312 409
312 453
312 526
312 543
312 590
313 19
313 287
313 386
313 387
313 421
313 468
313 501
313 539
314 10
314 15
314 217
314 382
314 388
314 490
314 555
314 583
315 12
315 38
315 254
315 305
315 419
315 435
315 484
315 564
316 291
316 317
316 328
316 364
316 452
316 502
316 509
316 594
317 172
317 316
317 361
317 408
317 499
317 502
317 509
317 555
318 95
318 148
318 190
318 425
318 494
318 522
318 547
318 548
319 1
319 40
319 101
319 232
319 243
319 419
319 518
319 519
320 211
320 282
320 329
320 368
320 399
320 412
320 478
320 553
321 245
321 261
321 351
321 355
321 454
321 470
321 480
321 596
322 98
322 207
322 323
322 479
322 496
322 530
322 576
322 592
323 161
323 210
323 251
323 308
323 322
323 520
323 561
323 582
324 451
324 467
324 479
324 482
324 523
324 574
324 576
324 596
325 234
325 301
325 369
325 486
325 531
325 554
325 565
325 596
326 4
326 13
326 379
326 414
326 502
326 567
326 572
326 588
327 56
327 255
327 287
327 387
327 468
327 475
327 501
327 588
328 241
328 316
328 361
328 499
328 502
328 509
328 568
328 585
329 214
329 215
329 320
329 460
329 535
329 556
329 571
329 593
330 45
330 69
330 100
330 424
330 475
330 563
330 584
330 591
331 275
331 285
331 304
331 364
331 372
331 507
331 519
331 586
332 76
332 80
332 257
332 269
332 421
332 429
332 589
332 597
333 76
333 131
333 267
333 371
333 461
333 513
333 576
333 587
334 31
334 167
334 173
334 177
334 299
334 443
334 490
334 521
335 130
335 207
335 240
335 253
335 386
335 414
335 504
335 534
335 575
336 141
336 162
336 287
336 405
336 461
336 552
336 561
336 582
336 593
337 8
337 33
337 42
337 221
337 363
337 422
337 452
337 525
337 550
338 33
338 165
338 192
338 255
338 374
338 425
338 495
338 585
338 599
339 47
339 73
339 115
339 191
339 262
339 426
339 430
339 495
339 585
340 9
340 402
340 412
340 549
340 551
340 558
340 562
340 574
340 576
341 30
341 141
341 179
341 387
341 403
341 472
341 477
341 524
341 561
342 85
342 195
342 213
342 220
342 433
342 525
342 528
342 577
342 580
343 65
343 180
343 270
343 344
343 345
343 436
343 447
343 462
343 589
344 123
344 181
344 343
344 355
344 398
344 411
344 499
344 566
344 597
345 46
345 105
345 244
345 256
345 304
345 343
345 382
345 559
345 583
346 233
346 350
346 394
346 410
346 464
346 487
346 581
346 588
346 592
347 248
347 523
347 527
347 528
347 531
347 540
347 546
347 565
347 596
348 84
348 251
348 297
348 305
348 390
348 435
348 456
348 520
348 583
349 184
349 216
349 261
349 295
349 449
349 457
349 460
349 563
349 566
350 57
350 157
350 280
350 346
350 394
350 487
350 492
350 578
350 581
351 22
351 72
351 115
351 245
351 251
351 321
351 454
351 503
351 578
352 34
352 104
352 172
352 269
352 356
352 440
352 497
352 500
352 599
353 55
353 413
353 493
353 497
353 556
353 558
353 561
353 582
353 593
354 179
354 272
354 294
354 442
354 472
354 532
354 544
354 561
354 594
355 45
355 87
355 151
355 321
355 344
355 390
355 471
355 557
355 570
356 34
356 203
356 309
356 352
356 471
356 510
356 529
356 535
356 559
357 135
357 138
357 363
357 382
357 383
357 422
357 427
357 452
357 525
358 88
358 153
358 366
358 430
358 491
358 525
358 550
358 552
358 592
359 33
359 90
359 417
359 439
359 471
359 477
359 522
359 585
359 594
360 27
360 179
360 239
360 367
360 464
360 524
360 531
360 544
360 561
361 194
361 236
361 240
361 254
361 317
361 328
361 462
361 502
361 509
362 89
362 210
362 222
362 312
362 383
362 397
362 406
362 580
362 596
363 52
363 270
363 337
363 357
363 396
363 422
363 444
363 452
363 525
364 228
364 316
364 331
364 366
364 372
364 377
364 432
364 466
364 586
365 124
365 309
365 498
365 532
365 540
365 576
365 577
365 580
365 591
366 183
366 203
366 358
366 364
366 377
366 447
366 466
366 506
366 512
367 141
367 219
367 305
367 360
367 413
367 556
367 569
367 582
367 593
368 69
368 190
368 226
368 320
368 431
368 437
368 496
368 569
368 590
369 52
369 84
369 255
369 325
369 388
369 498
369 532
369 542
369 580
370 285
370 383
370 397
370 406
370 430
370 490
370 551
370 595
370 599
371 32
371 47
371 333
371 374
371 451
371 474
371 477
371 495
371 556
372 82
372 204
372 231
372 303
372 331
372 364
372 447
372 530
372 560
373 60
373 83
373 378
373 418
373 500
373 501
373 515
373 554
373 587
374 110
374 284
374 338
374 371
374 377
374 417
374 439
374 495
374 599
375 252
375 310
375 389
375 400
375 423
375 427
375 489
375 538
375 539
376 231
376 408
376 417
376 458
376 463
376 514
376 518
376 558
376 575
377 10
377 60
377 205
377 306
377 364
377 366
377 374
377 506
377 562
378 127
378 225
378 373
378 390
378 399
378 498
378 536
378 537
378 549
378 555
379 117
379 133
379 326
379 390
379 415
379 527
379 548
379 567
379 572
379 588
380 193
380 229
380 385
380 485
380 490
380 540
380 545
380 556
380 579
380 595
381 1
381 416
381 418
381 500
381 511
381 515
381 533
381 554
381 569
381 595
382 88
382 92
382 120
382 271
382 314
382 345
382 357
382 563
382 573
382 574
383 136
383 229
383 357
383 362
383 370
383 397
383 490
383 498
383 540
383 583
384 390
384 400
384 508
384 513
384 537
384 539
384 545
384 578
384 579
384 598
385 48
385 70
385 253
385 275
385 380
385 469
385 563
385 584
385 585
385 591
386 12
386 177
386 313
386 335
386 402
386 411
386 473
386 534
386 536
386 548
387 8
387 144
387 176
387 298
387 313
387 327
387 341
387 468
387 489
387 501
388 79
388 174
388 311
388 314
388 369
388 404
388 476
388 502
388 517
388 546
389 39
389 290
389 375
389 432
389 442
389 473
389 529
389 538
389 564
389 599
390 163
390 348
390 355
390 378
390 379
390 384
390 516
390 520
390 541
390 555
391 90
391 159
391 185
391 241
391 295
391 456
391 468
391 503
391 532
391 543
392 247
392 267
392 302
392 396
392 427
392 488
392 489
392 549
392 559
392 564
393 88
393 396
393 446
393 452
393 489
393 521
393 538
393 552
393 558
393 559
394 186
394 193
394 233
394 346
394 350
394 396
394 487
394 542
394 546
394 571
395 263
395 423
395 424
395 512
395 539
395 544
395 563
395 584
395 591
395 594
396 285
396 363
396 392
396 393
396 394
396 489
396 529
396 538
396 551
396 590
397 2
397 119
397 228
397 229
397 249
397 362
397 370
397 383
397 485
397 588
398 51
398 116
398 155
398 344
398 430
398 545
398 574
398 589
398 597
398 598
399 81
399 94
399 171
399 195
399 320
399 378
399 455
399 474
399 541
399 581
400 59
400 68
400 311
400 375
400 384
400 524
400 537
400 578
400 579
400 598
401 147
401 199
401 402
401 403
401 446
401 474
401 489
401 529
401 538
401 564
402 248
402 340
402 386
402 401
402 412
402 465
402 476
402 503
402 562
402 574
403 74
403 178
403 196
403 226
403 341
403 401
403 450
403 472
403 524
403 594
404 8
404 135
404 138
404 171
404 388
404 448
404 476
404 504
404 517
404 555
405 28
405 336
405 424
405 452
405 514
405 535
405 556
405 582
405 593
405 599
406 100
406 106
406 227
406 362
406 370
406 441
406 516
406 521
406 533
406 595
407 70
407 75
407 409
407 421
407 508
407 525
407 544
407 560
407 584
407 597
408 188
408 231
408 317
408 376
408 412
408 458
408 558
408 575
408 582
408 593
409 177
409 183
409 280
409 290
409 312
409 407
409 451
409 453
409 481
409 526
410 65
410 98
410 169
410 292
410 310
410 346
410 492
410 497
410 539
410 581
411 152
411 261
411 272
411 344
411 386
411 422
411 489
411 512
411 513
411 587
412 224
412 296
412 320
412 340
412 402
412 408
412 464
412 465
412 551
412 562
412 574
413 5
413 353
413 367
413 482
413 501
413 530
413 552
413 556
413 573
413 593
413 595
414 178
414 244
414 298
414 326
414 335
414 456
414 463
414 562
414 570
414 572
414 585
415 35
415 69
415 272
415 379
415 457
415 488
415 532
415 542
415 549
415 580
415 582
416 7
416 16
416 22
416 381
416 418
416 419
416 500
416 511
416 515
416 554
416 570
417 15
417 18
417 27
417 359
417 374
417 376
417 436
417 450
417 471
417 477
417 598
418 149
418 223
418 373
418 381
418 416
418 436
418 478
418 500
418 511
418 526
418 554
419 67
419 198
419 209
419 256
419 315
419 319
419 416
419 516
419 517
419 520
419 555
420 153
420 170
420 173
420 481
420 523
420 550
420 558
420 561
420 562
420 571
420 592
421 51
421 159
421 160
421 161
421 268
421 313
421 332
421 407
421 521
421 589
421 597
422 93
422 135
422 282
422 337
422 357
422 363
422 411
422 452
422 525
422 549
422 564
423 0
423 375
423 395
423 424
423 507
423 511
423 558
423 563
423 584
423 591
423 593
424 276
424 330
424 395
424 405
424 423
424 458
424 472
424 563
424 576
424 584
424 591
425 110
425 237
425 318
425 338
425 445
425 494
425 516
425 567
425 572
425 586
425 588
426 61
426 139
426 174
426 339
426 431
426 439
426 460
426 477
426 495
426 580
426 585
427 163
427 230
427 357
427 375
427 392
427 454
427 474
427 500
427 538
427 559
427 564
428 21
428 63
428 70
428 156
428 438
428 461
428 463
428 473
428 534
428 557
428 592
429 222
429 281
429 332
429 432
429 446
429 460
429 461
429 505
429 513
429 534
429 566
430 209
430 278
430 339
430 358
430 370
430 398
430 467
430 479
430 550
430 566
430 592
431 40
431 58
431 208
431 256
431 368
431 426
431 519
431 541
431 569
431 570
431 590
432 152
432 288
432 364
432 389
432 429
432 441
432 457
432 460
432 512
432 591
432 592
433 279
433 284
433 342
433 453
433 463
433 488
433 524
433 532
433 549
433 580
433 595
434 127
434 146
434 487
434 498
434 499
434 508
434 537
434 578
434 579
434 594
434 598
435 108
435 161
435 293
435 305
435 308
435 315
435 348
435 446
435 516
435 547
435 576
436 3
436 185
436 343
436 417
436 418
436 483
436 492
436 545
436 589
436 597
436 599
437 26
437 142
437 201
437 243
437 271
437 368
437 466
437 470
437 518
437 536
437 590
438 0
438 2
438 4
438 102
438 125
438 428
438 473
438 495
438 504
438 526
438 539
438 594
439 2
439 139
439 143
439 262
439 359
439 374
439 426
439 464
439 471
439 548
439 550
439 580
440 158
440 207
440 233
440 285
440 297
440 307
440 352
440 443
440 454
440 505
440 549
440 568
441 123
441 273
441 406
441 432
441 449
441 457
441 460
441 483
441 504
441 537
441 567
441 587
442 142
442 155
442 190
442 208
442 354
442 389
442 518
442 519
442 541
442 548
442 569
442 590
443 43
443 151
443 207
443 245
443 334
443 440
443 445
443 505
443 526
443 531
443 568
443 579
444 4
444 57
444 363
444 445
444 459
444 494
444 536
444 562
444 574
444 579
444 595
444 598
445 86
445 425
445 443
445 444
445 522
445 547
445 548
445 556
445 567
445 572
445 589
445 592
446 34
446 166
446 247
446 393
446 401
446 429
446 435
446 456
446 474
446 489
446 528
446 559
447 38
447 205
447 223
447 302
447 343
447 366
447 372
447 476
447 506
447 552
447 560
447 586
448 8
448 42
448 138
448 164
448 168
448 216
448 258
448 404
448 476
448 481
448 514
448 515
449 7
449 51
449 139
449 189
449 349
449 441
449 483
449 512
449 551
449 557
449 576
449 587
450 18
450 165
450 182
450 403
450 417
450 471
450 477
450 493
450 495
450 545
450 572
450 585
451 61
451 226
451 278
451 324
451 371
451 409
451 455
451 496
451 550
451 570
451 576
451 592
452 55
452 71
452 93
452 135
452 316
452 337
452 357
452 363
452 393
452 405
452 422
452 525
453 6
453 60
453 131
453 214
453 280
453 290
453 303
453 312
453 409
453 433
453 504
453 526
454 39
454 78
454 202
454 207
454 295
454 321
454 351
454 427
454 440
454 505
454 560
454 583
455 109
455 115
455 120
455 153
455 235
455 399
455 451
455 506
455 533
455 553
455 573
455 583
456 249
456 348
456 391
456 414
456 446
456 484
456 486
456 510
456 530
456 543
456 571
456 577
457 118
457 126
457 261
457 349
457 415
457 432
457 441
457 458
457 461
457 466
457 483
457 554
458 136
458 147
458 215
458 291
458 292
458 376
458 408
458 424
458 457
458 514
458 558
458 575
459 20
459 109
459 146
459 175
459 201
459 271
459 444
459 504
459 546
459 553
459 596
459 599
460 41
460 214
460 295
460 329
460 349
460 426
460 429
460 432
460 441
460 512
460 520
460 597
461 82
461 281
461 288
461 333
461 336
461 428
461 429
461 457
461 483
461 559
461 566
461 573
462 11
462 117
462 202
462 231
462 266
462 270
462 274
462 277
462 343
462 361
462 589
462 597
463 2
463 13
463 25
463 102
463 125
463 273
463 376
463 414
463 428
463 433
463 527
463 596
464 137
464 211
464 346
464 360
464 412
464 439
464 524
464 527
464 544
464 581
464 594
464 595
465 44
465 84
465 123
465 165
465 402
465 412
465 472
465 519
465 551
465 562
465 574
465 592
466 275
466 302
466 364
466 366
466 437
466 457
466 487
466 506
466 507
466 534
466 560
466 586
467 88
467 203
467 235
467 260
467 324
467 430
467 481
467 496
467 518
467 530
467 550
467 555
467 576
468 19
468 25
468 107
468 144
468 227
468 287
468 313
468 327
468 387
468 391
468 501
468 506
468 581
469 0
469 72
469 101
469 243
469 253
469 259
469 385
469 519
469 522
469 562
469 563
469 584
469 591
470 40
470 135
470 140
470 283
470 321
470 437
470 485
470 496
470 518
470 519
470 541
470 581
470 590
471 75
471 143
471 156
471 273
471 276
471 355
471 356
471 359
471 417
471 439
471 450
471 561
471 585
472 35
472 226
472 237
472 248
472 308
472 341
472 354
472 403
472 424
472 465
472 527
472 557
472 561
473 21
473 130
473 139
473 225
473 247
473 273
473 386
473 389
473 428
473 438
473 505
473 534
473 536
474 63
474 252
474 306
474 371
474 399
474 401
474 427
474 446
474 477
474 497
474 529
474 559
474 564
475 28
475 37
475 128
475 154
475 327
475 330
475 497
475 501
475 547
475 558
475 589
475 595
475 599
476 122
476 168
476 258
476 388
476 402
476 404
476 447
476 448
476 492
476 494
476 517
476 561
476 580
477 18
477 156
477 253
477 262
477 341
477 359
477 371
477 417
477 426
477 450
477 474
477 572
477 583
478 6
478 50
478 81
478 146
478 150
478 189
478 220
478 306
478 320
478 418
478 521
478 583
478 585
479 9
479 83
479 98
479 220
479 322
479 324
479 430
479 481
479 523
479 547
479 570
479 573
479 592
480 11
480 17
480 33
480 43
480 78
480 129
480 134
480 202
480 321
480 505
480 565
480 568
480 580
481 167
481 260
481 270
481 409
481 420
481 448
481 467
481 479
481 491
481 502
481 523
481 550
481 592
482 122
482 204
482 265
482 324
482 413
482 488
482 493
482 521
482 533
482 535
482 582
482 583
482 593
483 127
483 214
483 288
483 298
483 299
483 436
483 441
483 449
483 457
483 461
483 523
483 559
483 566
484 32
484 129
484 182
484 191
484 237
484 277
484 290
484 315
484 456
484 490
484 503
484 530
484 543
485 100
485 150
485 218
485 232
485 242
485 380
485 397
485 470
485 540
485 542
485 547
485 560
485 595
486 103
486 224
486 267
486 298
486 325
486 456
486 494
486 521
486 524
486 528
486 565
486 583
486 596
487 120
487 193
487 225
487 239
487 310
487 346
487 350
487 394
487 434
487 466
487 492
487 551
487 581
488 50
488 111
488 124
488 188
488 279
488 282
488 392
488 415
488 433
488 482
488 549
488 564
488 580
489 252
489 285
489 308
489 375
489 387
489 392
489 393
489 396
489 401
489 411
489 446
489 585
489 595
490 37
490 89
490 222
490 314
490 334
490 370
490 380
490 383
490 484
490 540
490 555
490 564
490 596
491 98
491 107
491 114
491 270
491 358
491 481
491 495
491 520
491 529
491 550
491 570
491 576
491 592
492 99
492 138
492 157
492 225
492 310
492 350
492 410
492 436
492 476
492 487
492 561
492 578
492 581
493 32
493 91
493 95
493 126
493 219
493 353
493 450
493 482
493 526
493 533
493 548
493 582
493 593
493 597
494 318
494 425
494 444
494 476
494 486
494 509
494 515
494 522
494 543
494 547
494 548
494 567
494 572
494 588
495 139
495 143
495 194
495 338
495 339
495 371
495 374
495 426
495 438
495 450
495 491
495 496
495 535
495 555
496 5
496 134
496 153
496 322
496 368
496 451
496 467
496 470
496 495
496 523
496 537
496 550
496 570
496 576
497 39
497 200
497 238
497 285
497 297
497 352
497 353
497 410
497 474
497 475
497 559
497 564
497 571
497 599
498 45
498 67
498 124
498 271
498 282
498 365
498 369
498 378
498 383
498 434
498 532
498 542
498 568
498 577
499 16
499 36
499 54
499 211
499 236
499 291
499 317
499 328
499 344
499 434
499 502
499 506
499 509
499 584
500 24
500 112
500 352
500 373
500 381
500 416
500 418
500 427
500 511
500 515
500 528
500 554
500 559
500 597
501 107
501 144
501 176
501 313
501 327
501 373
501 387
501 413
501 468
501 475
501 539
501 551
501 582
501 588
502 11
502 16
502 36
502 54
502 316
502 317
502 326
502 328
502 361
502 388
502 481
502 499
502 526
502 599
503 49
503 53
503 121
503 175
503 261
503 300
503 351
503 391
503 402
503 484
503 511
503 530
503 543
503 571
504 83
504 125
504 130
504 273
504 275
504 280
504 335
504 404
504 438
504 441
504 453
504 459
504 534
504 536
505 66
505 151
505 158
505 172
505 297
505 429
505 440
505 443
505 454
505 473
505 480
505 560
505 563
505 568
506 23
506 30
506 58
506 191
506 366
506 377
506 447
506 455
506 466
506 468
506 499
506 558
506 560
506 575
507 58
507 78
507 133
507 163
507 174
507 203
507 216
507 302
507 331
507 423
507 466
507 510
507 560
507 586
508 106
508 146
508 149
508 151
508 169
508 176
508 384
508 407
508 434
508 537
508 578
508 579
508 584
508 587
508 598
509 16
509 36
509 183
509 236
509 291
509 316
509 317
509 328
509 361
509 494
509 499
509 511
509 566
509 588
509 591
510 53
510 186
510 196
510 197
510 234
510 241
510 300
510 303
510 356
510 456
510 507
510 523
510 530
510 543
510 560
511 24
511 223
511 287
511 381
511 416
511 418
511 423
511 500
511 503
511 509
511 515
511 554
511 566
511 569
511 587
512 7
512 123
512 164
512 258
512 259
512 299
512 366
512 395
512 411
512 432
512 449
512 460
512 513
512 557
512 588
513 82
513 154
513 177
513 181
513 212
513 299
513 333
513 384
513 411
513 429
513 512
513 517
513 522
513 566
513 568
514 17
514 77
514 87
514 136
514 200
514 250
514 264
514 268
514 376
514 405
514 448
514 458
514 531
514 558
514 575
515 3
515 29
515 41
515 74
515 102
515 223
515 373
515 381
515 416
515 448
515 494
515 500
515 511
515 518
515 554
516 6
516 67
516 112
516 148
516 198
516 210
516 251
516 254
516 390
516 406
516 419
516 425
516 435
516 555
516 570
517 79
517 138
517 195
517 216
517 276
517 311
517 388
517 404
517 419
517 476
517 513
517 538
517 545
517 573
517 587
518 70
518 77
518 243
518 260
518 319
518 376
518 437
518 442
518 467
518 470
518 515
518 533
518 541
518 569
518 590
519 232
519 243
519 283
519 304
519 319
519 331
519 431
519 442
519 465
519 469
519 470
519 522
519 541
519 569
519 590
520 44
520 145
520 161
520 184
520 274
520 293
520 305
520 307
520 323
520 348
520 390
520 419
520 460
520 491
520 564
521 3
521 10
521 123
521 178
521 212
521 230
521 301
521 334
521 393
521 406
521 421
521 478
521 482
521 486
521 564
521 599
522 48
522 57
522 249
522 264
522 276
522 303
522 318
522 359
522 445
522 469
522 494
522 513
522 519
522 548
522 567
522 588
523 80
523 103
523 303
523 324
523 347
523 420
523 479
523 481
523 483
523 496
523 510
523 529
523 544
523 550
523 570
523 576
524 189
524 192
524 341
524 360
524 400
524 403
524 433
524 464
524 486
524 527
524 528
524 544
524 550
524 561
524 589
524 594
525 42
525 93
525 135
525 148
525 201
525 217
525 337
525 342
525 357
525 358
525 363
525 407
525 422
525 452
525 541
525 590
526 6
526 60
526 131
526 230
526 255
526 280
526 290
526 312
526 409
526 418
526 438
526 443
526 453
526 493
526 502
526 544
527 76
527 79
527 136
527 226
527 239
527 257
527 294
527 307
527 347
527 379
527 463
527 464
527 472
527 524
527 544
527 594
528 103
528 215
528 224
528 248
528 267
528 289
528 342
528 347
528 446
528 486
528 500
528 524
528 531
528 546
528 565
528 596
529 39
529 247
529 356
529 389
529 396
529 401
529 474
529 491
529 523
529 538
529 559
529 563
529 577
529 583
529 589
529 599
530 100
530 108
530 159
530 182
530 196
530 240
530 300
530 322
530 372
530 413
530 456
530 467
530 484
530 503
530 510
530 542
530 543
531 34
531 136
531 183
531 184
531 238
531 259
531 298
531 325
531 347
531 360
531 443
531 514
531 528
531 536
531 546
531 565
531 596
532 111
532 139
532 140
532 226
532 272
532 284
532 354
532 365
532 369
532 391
532 415
532 433
532 498
532 542
532 559
532 577
532 580
533 95
533 104
533 119
533 141
533 219
533 265
533 282
533 296
533 381
533 406
533 455
533 482
533 493
533 518
533 535
533 582
533 593
534 4
534 12
534 83
534 130
534 213
534 229
534 234
534 273
534 335
534 386
534 428
534 429
534 466
534 473
534 504
534 565
534 574
535 28
535 130
535 194
535 204
535 265
535 301
535 329
535 356
535 405
535 482
535 495
535 533
535 538
535 545
535 552
535 568
535 582
536 12
536 21
536 39
536 63
536 102
536 213
536 238
536 378
536 386
536 437
536 444
536 473
536 504
536 531
536 546
536 561
536 587
537 75
537 106
537 132
537 170
537 221
537 304
537 378
537 384
537 400
537 434
537 441
537 496
537 508
537 578
537 579
537 594
537 598
538 160
538 172
538 247
538 311
538 375
538 389
538 393
538 396
538 401
538 427
538 517
538 529
538 535
538 548
538 564
538 581
538 599
539 72
539 155
539 287
539 313
539 375
539 384
539 395
539 410
539 438
539 501
539 549
539 552
539 564
539 572
539 581
539 597
539 599
540 0
540 38
540 119
540 150
540 156
540 218
540 222
540 227
540 309
540 347
540 365
540 380
540 383
540 485
540 490
540 541
540 595
541 50
541 77
541 87
541 110
541 190
541 232
541 283
541 390
541 399
541 431
541 442
541 470
541 518
541 519
541 525
541 540
541 569
542 52
542 85
542 157
542 271
542 279
542 282
542 369
542 394
542 415
542 485
542 498
542 530
542 532
542 543
542 544
542 549
542 577
542 580
543 29
543 90
543 129
543 234
543 241
543 312
543 391
543 456
543 484
543 494
543 503
543 510
543 530
543 542
543 569
543 575
543 589
543 595
544 26
544 35
544 86
544 212
544 257
544 354
544 360
544 395
544 407
544 464
544 523
544 524
544 526
544 527
544 542
544 545
544 561
544 594
545 31
545 82
545 225
545 269
545 380
545 384
545 398
545 436
545 450
545 517
545 535
545 544
545 548
545 553
545 572
545 581
545 584
545 588
546 114
546 183
546 184
546 224
546 238
546 259
546 286
546 289
546 298
546 347
546 388
546 394
546 459
546 528
546 531
546 536
546 570
546 596
547 14
547 86
547 117
547 124
547 133
547 264
547 318
547 435
547 445
547 475
547 479
547 485
547 494
547 548
547 567
547 570
547 572
547 588
548 57
548 129
548 249
548 296
548 318
548 379
548 386
548 439
548 442
548 445
548 493
548 494
548 522
548 538
548 545
548 547
548 572
548 588
549 97
549 108
549 195
549 208
549 272
549 294
549 340
549 378
549 392
549 415
549 422
549 433
549 440
549 488
549 539
549 542
549 577
549 584
550 49
550 56
550 198
550 288
550 337
550 358
550 420
550 430
550 439
550 451
550 467
550 481
550 491
550 496
550 523
550 524
550 576
550 581
550 592
551 9
551 29
551 44
551 73
551 162
551 248
551 296
551 340
551 370
551 396
551 412
551 449
551 465
551 487
551 501
551 552
551 562
551 574
551 584
552 28
552 104
552 185
552 194
552 215
552 219
552 232
552 265
552 336
552 358
552 393
552 413
552 447
552 535
552 539
552 551
552 574
552 582
552 593
553 15
553 46
553 54
553 58
553 89
553 98
553 142
553 171
553 206
553 220
553 235
553 244
553 256
553 320
553 455
553 459
553 545
553 574
553 583
554 41
554 74
554 109
554 112
554 197
554 223
554 325
554 373
554 381
554 416
554 418
554 457
554 500
554 511
554 515
554 569
554 577
554 580
554 587
555 80
555 198
555 251
555 274
555 293
555 305
555 308
555 314
555 317
555 378
555 390
555 404
555 419
555 467
555 490
555 495
555 516
555 578
555 587
556 26
556 34
556 55
556 91
556 99
556 104
556 194
556 204
556 215
556 231
556 329
556 353
556 367
556 371
556 380
556 405
556 413
556 445
556 591
556 593
557 5
557 7
557 76
557 77
557 126
557 152
557 235
557 261
557 281
557 286
557 287
557 299
557 355
557 428
557 449
557 472
557 512
557 564
557 566
557 588
558 87
558 147
558 180
558 188
558 200
558 212
558 231
558 250
558 340
558 353
558 376
558 393
558 408
558 420
558 423
558 458
558 475
558 506
558 514
558 575
559 74
559 96
559 252
559 285
559 345
559 356
559 392
559 393
559 427
559 446
559 461
559 474
559 483
559 497
559 500
559 529
559 532
559 564
559 567
559 574
560 1
560 56
560 96
560 116
560 163
560 175
560 191
560 230
560 302
560 372
560 407
560 447
560 454
560 466
560 485
560 505
560 506
560 507
560 510
560 586
561 9
561 35
561 137
561 237
561 239
561 294
561 323
561 336
561 341
561 353
561 354
561 360
561 420
561 471
561 472
561 476
561 492
561 524
561 536
561 544
561 594
562 43
562 44
562 73
562 84
562 126
562 146
562 248
562 296
562 340
562 377
562 402
562 412
562 414
562 420
562 444
562 465
562 469
562 551
562 574
562 578
562 580
563 62
563 101
563 199
563 202
563 211
563 216
563 259
563 263
563 330
563 349
563 382
563 385
563 395
563 423
563 424
563 469
563 505
563 529
563 584
563 589
563 591
564 96
564 148
564 172
564 199
564 315
564 389
564 392
564 401
564 422
564 427
564 474
564 488
564 490
564 497
564 520
564 521
564 538
564 539
564 557
564 559
564 599
565 184
565 209
565 224
565 238
565 267
565 281
565 289
565 293
565 298
565 306
565 325
565 347
565 480
565 486
565 528
565 531
565 534
565 570
565 577
565 595
565 596
566 102
566 126
566 154
566 182
566 201
566 214
566 219
566 241
566 281
566 295
566 299
566 344
566 349
566 429
566 430
566 461
566 483
566 509
566 511
566 513
566 557
567 48
567 91
567 105
567 110
567 167
567 264
567 289
567 297
567 326
567 379
567 425
567 441
567 445
567 494
567 522
567 547
567 559
567 571
567 572
567 588
567 590
568 3
568 17
568 25
568 59
568 66
568 115
568 158
568 166
568 202
568 297
568 307
568 309
568 328
568 440
568 443
568 480
568 498
568 505
568 513
568 535
568 590
569 93
569 120
569 140
569 142
569 190
569 208
569 232
569 283
569 301
569 367
569 368
569 381
569 431
569 442
569 511
569 518
569 519
569 541
569 543
569 554
569 590
569 596
570 30
570 63
570 166
570 170
570 205
570 260
570 293
570 355
570 414
570 416
570 431
570 451
570 479
570 491
570 496
570 516
570 523
570 546
570 547
570 565
570 576
570 592
571 29
571 53
571 73
571 113
571 121
571 129
571 148
571 159
571 196
571 240
571 244
571 277
571 299
571 329
571 394
571 420
571 456
571 497
571 503
571 567
571 583
571 591
572 30
572 110
572 132
572 157
572 198
572 249
572 326
572 379
572 414
572 425
572 445
572 450
572 477
572 494
572 539
572 545
572 547
572 548
572 567
572 587
572 588
572 591
573 46
573 50
573 92
573 94
573 105
573 171
573 175
573 220
573 221
573 235
573 271
573 382
573 413
573 455
573 461
573 479
573 517
573 583
573 587
573 588
573 590
573 592
574 9
574 44
574 73
574 84
574 189
574 248
574 296
574 305
574 324
574 340
574 382
574 398
574 402
574 412
574 444
574 465
574 534
574 551
574 552
574 553
574 559
574 562
574 578
575 87
575 136
575 147
575 180
575 188
575 200
575 231
575 250
575 263
575 277
575 335
575 376
575 408
575 458
575 506
575 514
575 543
575 558
575 584
575 585
575 586
575 587
575 598
576 64
576 153
576 162
576 210
576 254
576 310
576 322
576 324
576 333
576 340
576 365
576 424
576 435
576 449
576 451
576 467
576 491
576 496
576 523
576 550
576 570
576 592
576 597
577 52
577 108
577 111
577 128
577 137
577 195
577 204
577 272
577 279
577 284
577 342
577 365
577 456
577 498
577 529
577 532
577 542
577 549
577 554
577 565
577 578
577 580
577 587
578 68
578 127
578 132
578 149
578 169
578 188
578 221
578 268
578 304
578 350
578 351
578 384
578 400
578 434
578 492
578 508
578 537
578 555
578 562
578 574
578 577
578 579
578 598
579 28
579 106
579 107
579 132
579 149
579 169
579 173
579 198
579 221
579 304
579 308
579 380
579 384
579 400
579 434
579 443
579 444
579 508
579 537
579 578
579 581
579 585
579 598
580 85
580 108
580 124
580 180
580 263
580 282
580 286
580 342
580 362
580 365
580 369
580 415
580 426
580 433
580 439
580 476
580 480
580 488
580 532
580 542
580 554
580 562
580 577
581 96
581 99
581 168
581 186
581 193
581 225
581 233
581 292
581 310
581 346
581 350
581 399
581 410
581 464
581 468
581 470
581 487
581 492
581 538
581 539
581 545
581 550
581 579
582 5
582 95
582 113
582 141
582 164
582 187
582 204
582 219
582 223
582 286
582 323
582 336
582 353
582 367
582 405
582 408
582 415
582 482
582 493
582 501
582 533
582 535
582 552
583 20
583 81
583 94
583 141
583 146
583 160
583 175
583 217
583 220
583 314
583 345
583 348
583 383
583 454
583 455
583 477
583 478
583 482
583 486
583 529
583 553
583 571
583 573
584 0
584 90
584 101
584 169
584 215
584 228
584 259
584 263
584 288
584 330
584 385
584 395
584 407
584 423
584 424
584 469
584 499
584 508
584 545
584 549
584 551
584 563
584 575
584 591
585 32
585 33
585 47
585 61
585 75
585 143
585 147
585 148
585 156
585 255
585 300
585 328
585 338
585 339
585 359
585 385
585 414
585 426
585 450
585 471
585 478
585 489
585 575
585 579
586 1
586 23
586 56
586 58
586 66
586 118
586 161
586 181
586 191
586 205
586 275
586 293
586 296
586 303
586 306
586 331
586 364
586 425
586 447
586 466
586 507
586 560
586 575
586 593
587 41
587 173
587 201
587 245
587 258
587 271
587 300
587 311
587 333
587 373
587 411
587 441
587 449
587 508
587 511
587 517
587 536
587 554
587 555
587 572
587 573
587 575
587 577
587 590
588 14
588 48
588 134
588 208
588 249
588 264
588 326
588 327
588 346
588 379
588 397
588 425
588 494
588 501
588 509
588 512
588 522
588 545
588 547
588 548
588 557
588 567
588 572
588 573
589 11
589 31
589 72
589 128
589 131
589 154
589 262
589 263
589 266
589 268
589 269
589 301
589 332
589 343
589 398
589 421
589 436
589 445
589 462
589 475
589 524
589 529
589 543
589 563
590 77
590 140
590 168
590 208
590 232
590 243
590 265
590 272
590 283
590 312
590 368
590 396
590 431
590 437
590 442
590 470
590 518
590 519
590 525
590 567
590 568
590 569
590 573
590 587
591 68
591 70
591 109
591 118
591 199
591 228
591 242
591 253
591 259
591 273
591 330
591 365
591 385
591 395
591 423
591 424
591 432
591 469
591 509
591 556
591 563
591 571
591 572
591 584
592 64
592 92
592 137
592 138
592 166
592 260
592 309
592 322
592 346
592 358
592 420
592 428
592 430
592 432
592 445
592 451
592 465
592 479
592 481
592 491
592 550
592 570
592 573
592 576
593 4
593 5
593 54
593 55
593 91
593 152
593 161
593 194
593 200
593 261
593 329
593 336
593 353
593 367
593 405
593 408
593 413
593 423
593 482
593 493
593 533
593 552
593 556
593 586
593 596
594 71
594 122
594 125
594 137
594 164
594 179
594 212
594 237
594 240
594 250
594 257
594 294
594 316
594 354
594 359
594 395
594 403
594 434
594 438
594 464
594 524
594 527
594 537
594 544
594 561
595 13
595 31
595 42
595 53
595 89
595 150
595 167
595 222
595 242
595 246
595 278
595 370
595 380
595 381
595 406
595 413
595 433
595 444
595 464
595 475
595 485
595 489
595 540
595 543
595 565
596 101
596 103
596 132
596 183
596 184
596 224
596 238
596 267
596 289
596 298
596 321
596 324
596 325
596 347
596 362
596 459
596 463
596 486
596 490
596 528
596 531
596 546
596 565
596 569
596 593
597 11
597 37
597 40
597 65
597 128
597 155
597 176
597 181
597 242
597 266
597 268
597 269
597 301
597 332
597 344
597 398
597 407
597 421
597 436
597 460
597 462
597 493
597 500
597 539
597 576
598 15
598 24
598 36
598 64
598 68
598 127
598 132
598 149
598 169
598 179
598 221
598 251
598 302
598 304
598 384
598 398
598 400
598 417
598 434
598 444
598 508
598 537
598 575
598 578
598 579
599 23
599 47
599 69
599 80
599 95
599 96
599 172
599 205
599 252
599 338
599 352
599 370
599 374
599 389
599 405
599 436
599 459
599 475
599 497
599 502
599 521
599 529
599 538
599 539
599 564
