0 32 73 87 135 208 296 333 418 493 523 530
1 2 13 17 38 82 93 101 115 116 142 146 148 149 168 172 179 183 223 232 254 298 304 320 330 339 345 354 368 373 386 387 431 442 452 490 492 495 517 527 530 545 552 555 560 581 582 585 596
3 7 58 66 102 172 190 191 216 350 416 582
4 69 139 169 201 295 347 357 424 437 472 529
5 29 41 54 70 77 81 86 104 117 151 160 166 167 200 249 270 271 286 302 329 351 378 432 445 478 532 534 548
6 266 318 324 328 341 348 376 377 411 459 509 549 572
8 101 109 123 163 184 185 199 203 244 290 292 354 383 428 435 455 456 481 488 511 542 551 586
9 10 20 26 82 134 238 358 363 366 391 422 460 486 487 494 497 518 535 547
11 24 61 72 150 188 194 205 211 229 234 241 265 269 280 289 291 308 337 383 385 397 415 463 472 473 491 504 506 539 544 552 564 575 579
12 43 90 96 136 145 171 192 214 226 231 235 287 332 365 430 443 554 562
14 17 23 28 64 84 119 120 124 138 147 152 172 209 220 224 255 257 276 297 314 315 317 334 339 340 355 388 398 420 425 434 457 475 480 495 499 507 543 581 583 595 597
15 19 55 57 74 83 88 111 126 128 130 207 240 277 300 307 384 390 405 412 413 449 470 501 514 520 540 576 592
16 27 50 78 92 105 118 159 176 180 181 196 197 210 225 230 237 262 264 321 371 381 408 427 450 453 468 530 537 565 568 580 589 594
17 22 31 34 36 39 53 65 100 106 108 114 121 144 162 170 173 189 204 213 218 258 279 281 284 298 310 325 336 339 345 379 393 396 444 457 464 467 472 479 508 515 587 591 598
18 21 30 35 47 52 94 98 113 122 174 177 187 221 260 278 309 322 342 352 375 426 429 448 466 474 495 498 502 503 512 519 524 526 574 581 582 599
22 42 63 80 107 161 228 245 246 251 293 319 338 346 370 383 399 407 439 457 465 471 500 513 552
22 51 60 99 112 129 195 217 219 222 227 236 239 247 274 299 306 335 345 354 356 372 402 414 417 419 436 461 477 484 503 516 538 541 561 566 577 593
25 44 48 79 85 103 127 141 143 155 164 206 252 259 303 343 349 392 394 395 433 454 462 469 503 505 525 528 533 553 556 563 570 588
33 68 82 91 97 115 125 132 158 193 215 233 249 250 253 261 267 273 275 298 305 316 331 353 359 421 423 438 447 483 485 521 522 536 550 557 578 590
37 49 95 101 131 133 156 175 285 311 323 440 451 476 531 569 584
40 59 62 67 89 140 243 248 249 272 283 294 301 313 344 364 374 382 401 409 482 496 546
45 56 71 115 153 165 178 186 198 212 242 288 326 369 389 410 441 510 558 559 571
46 76 110 154 182 202 263 268 282 327 360 367 400 458 489 573
75 137 157 256 312 361 362 380 403 404 406 446 567
