0 70 101 118 199 211 228 253 259 263 330 385 395 407 423 424 469 563 584 591
1 23 30 56 58 163 191 203 205 275 302 303 306 309 331 364 366 372 377 407 447 466 506 507 560 586
2 4 12 21 25 63 83 102 125 130 177 213 273 335 378 386 414 428 438 444 463 473 504 534 536
3 11 45 51 65 72 80 116 117 128 155 164 185 187 266 268 269 270 286 301 332 343 355 398 407 421 436 462 475 521 539 545 589 597
5 28 55 91 95 104 141 194 204 215 219 265 329 336 353 367 405 413 482 493 533 535 552 556 582 593
6 60 131 230 280 290 312 407 409 453 526
7 76 82 123 126 152 154 162 181 214 261 281 286 288 295 299 333 344 349 355 411 429 432 441 449 457 460 461 483 512 513 557 566 587
8 79 114 122 138 164 168 174 216 258 276 311 388 404 448 476 517 587
9 44 73 84 162 189 248 296 340 402 412 444 465 551 562 574
10 15 20 46 50 69 80 81 92 94 105 109 120 146 160 171 175 189 201 206 211 217 220 235 256 271 314 320 345 378 382 399 455 459 478 521 553 573 583 587
13 30 31 37 62 89 100 119 150 167 173 189 211 218 222 227 229 242 246 334 362 370 380 383 397 406 444 475 485 490 521 540 545 595
14 30 48 57 86 110 133 249 264 318 326 379 414 425 445 494 522 545 547 548 567 572 588
16 36 54 236 291 316 317 328 361 499 502 509
17 22 43 59 66 69 78 115 151 158 202 207 245 297 307 309 321 351 440 443 454 480 505 568
18 32 33 47 61 75 139 143 148 156 165 255 262 338 339 359 371 374 417 426 439 450 471 477 495 585
19 107 144 176 287 313 327 387 468 475 501 539
24 41 74 112 223 373 381 416 418 500 511 515 554 587
26 35 71 137 162 164 178 179 189 192 211 212 226 237 239 257 294 341 354 360 403 464 472 524 527 544 561 594
27 30 64 80 88 98 134 153 162 164 166 170 209 260 278 309 322 324 355 358 414 420 430 451 467 479 481 491 496 523 550 570 576 592
29 49 53 90 113 121 129 148 159 182 196 197 234 240 241 244 277 300 391 414 456 484 503 510 530 543 571
34 39 69 80 96 172 247 252 285 309 352 356 375 389 392 393 396 401 427 446 474 475 489 497 521 529 538 539 559 564 599
38 67 145 161 198 210 251 254 274 293 305 308 315 323 348 355 378 390 419 435 516 520 555
40 77 140 142 190 208 232 243 283 319 368 431 437 442 470 518 519 541 569 590
42 93 135 148 337 357 363 422 452 525
52 69 85 97 108 111 124 148 195 272 279 282 284 286 342 365 369 378 415 433 488 498 532 542 549 577 580
68 106 127 132 149 169 221 304 384 400 434 444 508 537 578 579 598
87 136 147 180 188 200 231 250 376 408 458 514 558 575
99 157 186 193 225 233 292 310 346 350 394 410 487 492 539 545 581
103 183 184 224 238 267 286 289 298 325 347 486 528 531 546 565 596
