0 17 19 33 41 55 71 82 85 93 97 104 105 122 126 142 147 206 213 228 263 266 289 292 314 319 339 376 386 423 437 464 518 531 573
1 76 78 91 92 99 107 128 134 149 162 187 193 204 217 221 223 230 243 252 261 297 308 313 350 366 407 409 469 476 479 495 514 525 537 555 561 566
2 49 56 57 124 146 152 155 188 191 205 220 232 242 246 255 259 277 307 321 346 357 364 365 383 404 431 444 458 482 501 506 511 522 533 536 539 546 567 568 576 599
3 46 272 302 311 342 391 420 461 490 519 527
4 12 34 44 45 66 68 90 196 210 227 250 275 294 303 353 388 434 474 508 581
5 13 21 40 100 109 117 125 127 153 160 167 209 260 267 271 276 284 286 290 293 312 324 359 368 375 379 381 387 412 419 441 453 454 467 483 492 517 540 558 559 570 583 586
5 8 11 26 36 59 75 78 87 108 110 131 138 148 175 197 239 241 248 251 265 270 283 317 323 354 384 393 398 410 417 421 424 455 471 494 520 541 543 554 584 593 595
6 25 69 79 180 190 199 282 320 336 367 436 440 451 452 564 582 585
7 18 63 102 137 183 310 341 373 378 401 413 435 438 460 493
8 35 96 141 157 195 291 309 405 425 503 509 549 574
9 10 36 48 83 121 144 151 159 171 179 198 203 214 233 269 287 340 343 369 449 450 478 532 538 548 580
14 16 23 27 54 60 64 81 95 133 154 161 164 166 174 185 211 216 225 229 281 284 288 326 331 380 382 394 414 428 443 445 466 484 489 507 512 515 524 553 580 592 597 598
15 113 168 235 244 279 295 329 396 422 468 470 562 563 575
20 37 50 67 72 140 150 156 163 172 190 192 215 218 242 254 305 318 330 333 349 352 356 358 368 370 372 377 395 406 429 439 442 463 473 477 485 496 499 502 511 516 526 529 547 557 594
22 30 38 47 51 52 58 73 77 98 135 165 170 173 176 194 208 219 236 256 285 322 338 355 390 392 426 430 447 462 486 491 498 550 565 571 572 579 587 588
24 114 115 177 222 231 258 278 298 299 304 337 344 347 402 403 408 418 446 456 475 487 488 521 545 596
28 29 32 88 111 119 130 139 178 202 212 226 234 247 280 296 316 328 334 345 348 351 362 374 427 448 480 497 535 569 578 585 589 590 595
31 43 70 80 93 132 136 200 240 273 315 375 528 551 560 577
39 53 62 101 116 143 184 186 300 389 513
42 61 86 118 182 249 257 306 325 361 400 459 465 534 591
45 158 229 245 253 274 327 335 363 500 530 556
47 81 84 89 94 103 106 112 120 123 129 181 189 201 207 224 238 262 264 268 301 385 397 411 416 432 433 457 472 481 504 505 506 512 542 544 552
65 74 145 169 237 332 360 371 399 415 510 523
