0 12 44 46 54 60 70 81 97 121 153 156 162 173 213 226 227 248 257 272 281 293 326 329 335 346 354 363 365 390 410 427 430 434 452 464 517 569 593
1 5 8 42 58 117 141 182 193 199 211 230 243 274 304 332 336 337 421 462 514 525 530 533 573
2 4 21 28 56 88 107 122 126 148 152 174 191 197 221 222 252 264 275 309 334 341 343 345 379 386 398 404 419 426 445 449 458 463 467 470 487 492 505 547 559 560 562 582 585 586 591
3 11 15 18 83 106 116 215 319 372 380 388 436 486
6 7 26 35 40 53 63 71 94 100 159 192 195 200 301 310 364 447 451 471 472 508 540 594
9 10 22 23 93 115 125 128 130 134 139 142 145 170 171 188 196 216 256 258 266 269 280 286 287 303 306 339 350 352 356 362 383 405 408 414 420 431 465 512 513 518 528 531 555
13 52 61 76 78 79 101 108 118 180 205 207 219 229 250 327 333 361 370 377 425 429 454 466 519 522 567 574 584 587
14 31 39 67 80 119 120 123 140 169 179 185 187 189 194 201 209 236 245 253 254 260 288 295 298 300 344 371 375 381 385 396 441 443 448 476 500 507 515 521 526 527 535 558 565 579
16 135 184 204 244 246 259 312 446 460
17 30 37 59 102 109 136 137 161 167 168 176 190 206 220 233 289 290 292 299 318 366 378 387 394 409 423 444 468 477 488 546 554 566 581 583 595
19 25 32 43 65 82 87 99 103 129 133 149 151 175 177 183 217 267 284 294 307 321 328 330 331 338 351 353 355 357 369 392 407 415 416 418 450 484 489 493 499 520 523 543 563 564 572 577 597 599
20 34 92 110 113 131 138 157 255 311 323 347 403 424 455 496 502 529 542 551 553 580 588
24 33 41 55 62 158 225 241 261 263 276 278 296 314 315 317 349 417 478 479 491 548 557 568 578 589
27 50 95 198 203 210 242 262 399 428 503 524 532 545 549
29 36 47 49 68 72 75 96 112 114 127 147 155 178 208 228 238 239 247 251 271 279 291 302 316 340 342 359 368 382 384 391 395 406 438 456 461 473 483 485 506 510 544 561 575 590 596 598
38 51 89 163 223 231 297 308 325 374 440 475 480 481 490
45 48 73 105 132 214 234 265 273 305 324 360 376 494 538 541 570
57 66 84 86 160 164 186 224 235 240 285 358 389 412 498 509 576
64 74 77 98 144 165 237 268 367 435 482 539
69 85 90 111 150 154 212 401 422 453
91 146 166 202 218 270 277 373 393 400 402 433 437 442 457 474 495 534 536 552 592
104 172 181 282 313 320 348 397 432 439 459 469 497 504 511 556 571
124 143 232 249 283 322 411 413 501 516 537 550
