0 30 119 174 188 231 233 246 284 343 353 362 431
1 10 20 25 71 89 138 175 193 204 216 237 253 371 424 434 450 457 467 499 502 512 514 523 524 542 556 558 559 569 571 594
2 20 35 79 89 108 157 175 201 255 303 309 379 424 450 458 461 474 481 483 512 515 532 556 569
3 14 28 38 92 102 113 137 221 262 280 336 369 492 498 509 519 580
4 20 26 37 49 68 89 106 143 147 175 186 239 285 309 346 363 391 516 538 565 591
5 6 31 58 85 135 142 151 172 199 206 226 230 430 469 525 551 578
7 22 105 235 237 292 311 398 406 412 413 414 442 450 454 466 540 544 561 576 577 588 595
8 33 44 78 228 232 248 300 304 307 310 333 380 444 460 468 534 557 569 573 575 581
9 97 116 130 165 166 215 237 252 305 349 377 443 462 475 489 501 518 587
11 88 115 234 260 287 293 302 322 344 388 473 499 564
11 40 59 95 96 112 146 160 176 207 240 263 283 366 372 440 475 521 527
11 48 94 181 222 256 259 270 361 384 470 477 503 542 552 562 582 584 595
11 24 91 98 103 104 121 175 286 312 347 401 455 485 495 505 513 556 586
11 20 43 76 90 109 122 187 204 216 223 234 237 238 245 254 258 288 342 359 383 418 424 450 459 475 479 494 499 502 508 512 531 542 547 567 569 585 595 596
12 75 202 266 279 282 318 335 375 421 449 486 568
13 36 65 86 93 164 178 242 244 261 264 294 386 448 537 563 598
15 20 23 41 62 66 70 120 126 173 185 397 408 416 499 510 512 549
16 89 128 136 144 153 158 161 163 224 234 275 298 309 328 352 364 368 424 451 475 488 512 539 556 593
17 27 39 133 180 211 220 400 411 429 464 490 548
18 53 77 80 81 141 150 152 170 191 196 216 243 301 365 392 393 415 437 445 494
19 47 61 148 169 183 210 216 271 291 338 340 374 402 405 426 435 472 511 542 566
21 73 84 110 217 334 367 409 480 487 494 496 500
29 45 64 124 197 218 234 281 297 330 357 420 423 427 504 517 579 583
32 99 175 189 212 329 350 381 389 394 403 428 453 493 574
34 67 107 114 139 209 276 277 316 327 331 337 351 390 399 422 424 494 502 543 597
42 179 251 295 299 314 325 387 407 447 556
46 54 55 87 89 129 155 159 167 204 229 234 247 290 321 354 373 475
50 82 132 134 249 250 272 306 308 315 317 410 432 439 446 499 506 599
51 56 101 171 184 204 205 208 267 273 309 332 436 463 482 497 502 507 541 545 555 592
52 60 63 111 117 131 145 237 278 385 419 484 520 554 560 595
57 149 168 198 200 219 227 309 323 324 326 348 417 433 478 536 542 572 590 595
69 100 127 177 182 195 216 241 257 269 319 339 356 360 404 476 494 535 553 569 589
72 214 225 345 358 370 376 382 438 452 465 491 502 528 570
74 83 118 125 156 190 194 320 341 395 425 441 546
123 154 192 203 204 213 268 296 355 378 396 456 526 533 550
140 162 236 265 274 289 313 450 471 522 529 530
