16 400
44 582
193 552
429 578
29 221
394 586
203 214
241 468
114 487
259 584
409 596
340 527
113 182
540 544
320 328
29 400
89 445
77 206
433 440
183 588
493 564
278 288
325 326
254 521
202 531
293 466
201 473
41 410
494 540
188 561
390 584
356 517
281 450
360 468
1 137
223 579
498 523
48 305
571 597
78 493
453 572
239 560
560 593
561 582
284 574
447 466
35 586
252 279
20 413
192 586
264 412
442 571
85 567
527 554
202 475
486 590
20 579
389 595
485 559
158 479
113 557
188 435
137 269
48 336
57 486
300 548
559 584
97 565
22 185
115 146
522 580
12 396
188 475
427 568
338 584
283 572
521 527
549 564
329 593
20 229
59 585
497 542
356 569
177 332
415 564
560 582
543 553
310 494
256 593
366 561
176 482
57 532
223 308
321 340
533 565
165 593
184 203
416 505
35 503
566 588
263 561
321 554
450 564
165 500
186 561
337 429
474 590
241 412
409 524
498 545
403 526
353 549
102 279
323 582
348 504
4 138
501 565
192 431
139 360
256 550
97 486
499 579
302 553
15 273
246 576
504 596
323 591
468 570
532 568
129 282
19 487
423 487
160 234
503 527
420 564
499 584
190 559
337 582
448 591
35 490
261 559
464 591
66 322
285 559
284 444
394 428
450 513
490 594
291 543
240 416
555 596
10 566
126 577
112 580
41 584
97 496
499 593
469 517
548 598
442 499
408 575
419 468
403 549
206 507
557 561
335 584
448 458
115 498
448 558
513 548
165 377
477 567
22 328
336 591
339 586
124 550
401 584
293 586
54 519
203 408
522 540
300 456
176 198
105 516
19 180
480 571
253 596
218 476
194 559
428 586
176 435
328 484
150 598
297 559
63 430
579 586
451 510
41 530
167 380
332 445
338 523
447 586
138 578
306 438
434 579
539 562
499 548
359 549
123 548
193 598
565 582
23 464
190 405
545 592
382 412
442 548
62 569
359 546
277 470
208 397
375 531
526 540
486 562
38 229
425 446
54 409
44 461
543 591
113 569
293 465
477 532
246 339
29 577
563 569
428 558
231 410
487 582
476 579
4 186
219 598
348 447
277 527
264 524
66 542
15 289
234 562
254 561
420 588
539 542
84 539
163 377
328 514
157 438
0 511
326 429
511 596
335 571
49 520
223 570
278 307
152 526
83 345
16 366
179 375
85 566
83 439
15 529
397 555
254 396
490 514
277 529
167 278
99 420
320 439
132 497
405 547
229 340
329 568
322 511
288 307
162 510
310 531
423 453
281 581
378 380
254 554
494 590
3 586
494 569
225 494
231 528
397 488
409 490
105 564
503 554
146 549
129 430
310 495
317 375
65 198
431 580
494 593
219 263
350 575
207 521
282 429
214 597
378 530
218 526
272 592
240 543
192 568
210 513
431 589
272 425
354 586
321 553
7 559
569 595
435 590
111 545
348 584
458 591
476 565
190 453
12 521
36 202
241 403
500 596
283 332
252 529
185 421
94 103
403 459
44 405
261 478
125 137
234 496
389 442
429 478
186 593
16 102
350 500
283 528
117 589
523 592
382 457
498 592
84 595
115 520
259 431
497 562
245 405
291 542
427 431
458 459
132 563
26 320
102 479
0 522
0 271
63 443
377 475
342 555
439 569
285 467
413 595
452 459
540 589
320 552
449 500
15 598
290 540
93 488
269 434
225 308
480 503
467 521
275 475
562 582
155 420
157 472
430 596
234 317
443 475
579 589
526 531
73 586
24 589
118 491
264 529
409 584
85 210
416 534
242 569
444 553
123 496
342 425
102 339
410 536
429 566
182 475
3 308
49 438
135 271
239 508
256 529
156 397
431 517
218 431
221 540
41 430
408 540
396 453
490 559
253 498
308 579
242 302
48 438
538 569
29 583
7 16
231 412
396 521
476 581
198 565
380 447
336 547
178 477
87 544
182 573
207 559
25 540
544 572
245 526
103 416
527 599
403 590
151 521
443 487
521 538
488 598
531 593
442 574
33 542
177 462
401 549
596 597
390 577
184 503
457 575
123 183
450 464
110 382
117 456
320 433
84 118
225 467
139 504
378 400
447 453
106 563
451 459
160 359
146 560
290 589
510 575
111 487
263 439
33 83
106 430
202 448
537 565
310 378
518 542
223 555
428 493
253 256
360 559
487 532
272 459
194 532
231 531
17 568
162 502
87 511
553 559
223 239
520 522
10 504
282 325
139 513
29 290
549 571
566 587
386 561
498 557
118 322
302 389
273 468
150 423
389 571
504 577
124 153
288 322
73 496
366 591
409 521
477 511
137 439
529 598
532 581
221 580
443 566
318 524
356 553
485 496
450 562
472 486
0 467
163 490
476 566
83 195
503 571
134 582
564 578
440 579
95 482
484 542
253 550
567 580
329 475
389 557
326 504
183 513
240 526
300 373
261 366
542 572
195 573
49 263
253 575
350 529
375 571
33 225
450 516
373 503
283 531
175 545
549 590
438 584
239 466
275 342
317 410
545 546
180 345
386 533
591 597
354 596
150 579
318 545
526 575
501 517
337 556
38 563
332 481
320 505
195 468
180 288
306 538
54 514
54 440
230 451
430 447
253 350
517 519
458 499
4 496
152 409
523 577
410 484
44 596
84 504
484 562
490 563
435 517
554 565
259 412
305 590
252 504
415 513
36 135
230 512
523 582
66 592
0 537
93 137
245 553
464 566
529 556
317 562
219 588
475 486
190 400
373 459
157 249
35 571
37 548
77 589
167 463
7 396
36 538
85 504
241 583
323 444
35 595
112 531
337 498
373 558
500 535
269 569
335 477
410 497
156 544
249 591
359 491
571 579
275 565
321 378
252 579
401 450
284 409
345 554
37 155
78 375
221 532
429 551
420 459
25 285
353 501
211 454
433 445
60 591
106 598
10 429
483 490
571 593
156 307
302 470
297 521
528 566
146 575
284 593
146 590
553 579
41 375
317 450
249 500
126 487
328 442
290 337
440 521
22 162
25 382
544 564
160 498
218 552
522 544
284 569
553 571
348 542
590 592
77 78
320 434
386 549
23 530
338 375
321 579
33 534
124 593
207 572
278 580
425 590
252 297
94 476
119 460
126 390
231 249
252 527
36 556
188 359
177 328
511 580
119 596
211 482
48 512
323 390
427 586
65 310
139 222
549 561
65 521
339 503
293 521
103 455
162 586
113 579
511 589
519 522
308 505
553 558
185 516
275 317
434 435
477 591
33 569
415 484
568 593
110 114
26 584
151 302
118 242
428 523
125 544
184 206
520 562
225 284
12 342
289 575
335 405
177 482
412 469
532 582
57 546
208 440
206 520
119 249
123 289
259 459
192 427
269 403
112 594
135 335
157 584
282 593
183 261
530 593
180 573
415 556
269 396
146 473
545 552
195 489
177 598
359 517
434 562
201 261
188 517
423 532
84 598
176 394
484 518
185 428
496 513
526 565
394 416
242 278
281 447
597 598
222 517
542 548
156 428
66 580
548 554
289 440
22 300
249 538
353 564
175 440
62 124
308 529
419 526
157 595
466 527
288 589
77 348
97 520
203 484
49 591
310 475
420 549
477 564
156 587
397 420
225 531
135 394
88 566
382 589
202 223
112 486
3 345
3 19
59 94
339 596
502 575
322 397
3 305
518 591
231 448
214 408
88 423
264 531
380 428
60 95
499 553
117 410
300 590
321 503
155 447
272 523
241 582
297 533
522 525
478 596
323 533
124 194
288 506
195 435
88 151
12 493
206 576
16 178
198 560
551 553
350 448
560 575
62 596
325 345
359 596
350 596
61 373
151 503
281 332
230 594
165 434
348 419
439 532
373 421
254 525
477 529
242 544
153 497
423 591
445 584
440 515
390 401
428 553
394 489
419 483
26 413
521 536
520 528
36 306
484 492
325 566
182 522
328 517
132 413
297 480
466 473
451 567
203 439
208 527
62 510
49 525
451 452
73 474
38 178
520 535
99 416
432 439
393 556
61 554
278 581
307 506
520 542
434 532
431 544
472 559
438 487
408 577
565 568
57 273
211 338
412 448
329 550
350 571
302 499
356 549
394 397
451 554
162 500
211 545
507 544
38 530
405 562
158 282
487 527
318 523
158 421
179 593
277 553
115 386
26 545
393 584
484 529
273 451
425 498
44 522
246 586
282 435
485 591
241 400
458 477
222 536
279 563
17 157
275 443
7 453
175 452
487 573
497 517
421 580
353 451
390 541
325 504
447 597
73 571
282 566
139 566
229 382
440 571
94 194
185 435
150 590
474 486
403 469
78 593
134 423
48 548
160 569
152 578
382 460
277 437
442 500
214 517
180 458
201 560
425 485
264 378
114 453
22 474
545 584
438 577
419 561
60 179
445 529
339 585
118 167
271 591
61 594
354 476
408 434
155 533
246 598
194 584
382 587
471 579
25 431
263 360
503 537
471 560
37 560
132 549
277 598
541 565
306 531
95 448
430 592
256 504
225 530
297 554
389 527
106 375
111 433
240 556
496 497
520 590
337 540
89 326
161 302
269 517
99 486
412 582
491 522
151 491
102 565
183 353
24 545
360 366
175 598
179 531
37 593
475 530
405 477
580 589
416 447
207 283
564 566
201 579
89 438
99 310
550 569
499 503
318 338
373 466
195 434
401 567
78 413
261 520
425 592
378 490
550 560
511 522
416 551
1 178
163 584
437 548
201 589
182 569
401 552
249 345
158 566
490 494
400 591
479 565
450 477
103 565
476 503
442 579
63 342
405 532
300 564
356 435
412 509
61 535
451 561
401 434
62 500
279 427
231 487
210 542
466 586
4 452
423 583
190 285
103 325
275 586
438 490
277 493
390 393
162 575
560 598
230 589
284 571
446 542
279 529
373 438
336 532
125 390
271 534
163 185
24 337
278 492
23 214
544 589
193 527
214 580
305 408
560 589
230 580
211 530
305 489
380 455
179 497
415 496
401 532
544 580
504 566
526 596
305 401
218 568
20 599
444 503
413 529
306 579
442 470
300 536
356 599
430 544
93 207
353 447
63 413
415 563
569 581
110 423
221 273
431 511
496 542
88 504
239 595
366 594
539 582
520 564
523 545
452 468
240 246
354 569
562 575
463 499
12 105
468 561
158 429
125 582
289 322
348 580
261 465
420 515
336 429
155 342
95 581
317 502
430 565
293 546
176 223
105 386
165 329
114 291
548 557
389 531
530 582
373 590
466 530
239 332
400 476
272 545
450 484
105 396
15 588
37 106
281 390
580 593
394 568
416 427
514 566
307 563
548 595
198 509
17 135
271 323
272 393
61 342
176 442
24 393
522 542
448 463
451 503
427 526
175 560
582 591
73 410
59 526
463 579
134 545
279 598
139 429
285 572
234 318
329 500
554 560
307 397
291 560
184 576
20 497
167 322
134 393
338 525
394 554
87 427
321 508
464 553
305 321
201 554
435 527
554 571
448 477
88 425
326 466
475 507
350 468
25 440
1 167
326 566
386 507
125 488
182 556
345 360
219 323
403 575
288 397
210 562
499 560
484 497
7 23
356 541
489 494
487 591
421 530
283 490
283 593
565 586
126 542
419 580
553 598
445 589
329 519
153 415
285 512
490 530
111 359
208 531
561 590
528 562
323 517
198 553
419 589
500 510
338 497
359 389
531 588
474 522
129 509
241 336
293 476
499 574
484 585
535 584
94 264
113 161
494 550
396 572
19 437
259 559
496 587
119 586
63 457
523 527
87 580
239 279
423 582
123 400
328 445
115 599
163 461
354 394
160 356
308 548
511 544
291 510
240 380
117 522
389 480
527 560
110 555
438 482
354 530
544 590
318 425
17 405
186 490
178 599
285 486
183 459
536 559
60 437
468 549
165 451
59 186
192 559
335 354
178 590
553 554
420 535
575 596
117 540
271 393
263 590
305 393
415 562
458 582
356 377
289 571
549 551
556 561
354 588
207 210
190 318
193 529
177 180
585 589
494 498
332 505
229 591
271 366
291 410
310 590
129 245
348 511
458 584
419 540
564 590
340 589
345 400
222 259
242 453
360 520
1 423
496 525
520 596
150 548
354 416
210 499
211 566
322 591
445 541
138 560
253 586
307 548
95 589
318 595
530 564
17 466
19 380
439 458
335 576
93 408
184 230
419 522
336 599
138 571
163 561
562 598
467 486
252 572
54 421
208 570
135 401
153 548
337 544
230 522
377 531
500 575
65 587
445 559
506 559
408 517
458 541
496 562
26 111
24 580
421 435
153 557
377 532
306 446
386 486
459 593
340 436
222 511
23 161
134 511
152 554
156 242
582 583
473 549
420 559
59 428
393 523
275 555
66 425
161 475
218 585
421 468
99 307
526 532
525 564
87 306
188 400
360 511
290 470
138 329
