306 515
54 278
367 414
495 542
371 405
320 571
445 455
49 425
486 573
129 369
395 591
99 579
130 598
534 551
461 595
356 542
487 590
365 472
260 414
142 549
351 571
400 562
213 567
74 239
345 567
362 504
87 590
338 385
385 590
390 579
249 352
378 395
15 452
56 598
163 455
78 540
140 570
19 549
409 559
195 593
142 567
216 320
484 495
220 336
258 565
560 584
369 529
195 598
142 420
5 473
351 534
389 495
16 499
273 484
5 362
249 370
305 414
75 343
94 561
187 548
354 386
209 397
101 252
49 571
265 582
322 529
306 503
8 491
407 509
193 484
428 499
178 551
90 254
559 593
177 499
253 541
277 509
31 377
68 568
478 545
525 579
341 598
105 565
175 515
406 583
523 565
427 472
164 541
296 429
296 567
435 473
58 548
305 562
142 159
397 482
533 565
2 498
244 254
101 595
315 576
440 495
567 589
68 558
446 568
309 527
309 506
257 569
171 546
429 486
397 585
114 471
45 546
377 434
485 588
71 338
290 417
131 434
445 515
279 588
175 336
0 571
365 375
260 562
32 561
253 545
472 526
182 487
460 540
19 487
9 541
541 551
307 551
91 140
137 529
341 391
396 440
256 389
151 588
6 140
49 593
283 534
258 296
28 405
545 549
434 553
484 521
522 533
415 542
369 584
264 460
179 260
531 548
59 523
307 351
168 588
318 407
256 484
540 588
64 471
82 385
338 528
236 503
420 545
516 542
98 573
171 458
105 322
221 523
96 523
26 523
216 576
13 458
57 144
47 565
140 536
424 540
264 528
409 585
217 446
365 526
132 559
220 455
97 193
95 458
331 531
429 567
28 529
232 397
277 318
300 446
378 487
290 529
254 540
570 571
226 584
504 527
14 506
415 440
290 552
137 171
13 584
95 513
405 527
209 585
411 504
47 595
395 499
80 585
208 542
486 565
116 126
499 571
300 568
444 565
213 581
194 252
397 569
254 386
117 351
298 411
320 522
41 526
244 598
362 527
462 546
32 513
328 514
226 597
371 506
522 595
15 455
159 489
60 579
407 576
11 302
131 514
294 553
64 559
462 549
502 534
298 506
28 588
397 502
492 495
196 269
93 590
8 592
444 595
232 569
488 579
534 593
63 588
158 293
58 531
129 545
390 562
194 540
14 473
312 463
261 506
82 252
336 452
50 576
139 503
158 529
250 478
343 442
518 528
354 410
468 504
309 572
57 390
347 531
348 387
370 570
209 534
340 562
55 516
536 568
278 509
316 365
193 542
397 598
424 588
116 386
334 377
427 553
283 525
257 551
239 452
373 536
372 528
308 373
400 525
44 527
253 458
533 573
57 400
99 525
548 570
513 584
191 513
529 584
307 585
201 513
425 502
298 473
405 435
45 545
264 590
265 430
19 590
99 562
189 343
123 514
307 331
202 415
411 527
484 516
430 568
435 559
424 487
142 369
179 562
217 304
35 540
365 553
170 553
66 582
124 478
253 584
182 588
166 565
102 525
208 581
525 526
306 315
348 463
6 568
316 526
50 491
70 549
277 576
117 598
48 354
495 516
95 478
462 541
239 515
375 526
178 220
419 420
347 589
59 522
123 553
567 568
502 593
28 540
305 340
430 589
172 585
362 411
420 546
502 569
358 573
144 548
164 228
455 472
351 598
48 90
429 573
433 570
129 191
461 567
117 378
320 559
192 387
391 569
245 563
176 427
47 573
304 373
525 562
2 443
510 536
93 528
405 473
409 593
341 534
217 536
345 595
531 570
131 553
294 514
361 390
60 414
187 347
343 387
352 580
237 525
551 559
419 576
316 553
177 534
16 378
306 568
201 584
220 515
82 540
83 419
318 432
216 598
396 521
43 452
208 389
82 354
433 446
56 569
406 491
279 518
34 573
202 529
168 385
102 579
328 434
55 492
168 528
428 559
358 359
305 361
34 169
56 593
492 506
400 579
114 593
371 527
345 565
145 590
373 570
361 488
417 462
513 529
385 588
460 461
226 456
309 362
151 518
189 463
444 486
322 541
35 588
58 352
338 487
409 557
196 406
311 312
41 377
59 573
389 484
249 510
536 548
97 562
116 252
66 386
208 516
585 598
168 487
428 502
276 277
78 338
232 585
343 463
182 518
75 594
7 318
248 568
159 478
387 441
406 503
248 423
375 427
31 526
491 576
522 589
216 569
68 570
396 415
21 433
334 375
192 348
145 487
74 455
98 522
261 371
523 567
195 499
387 463
430 548
252 540
257 434
371 473
443 561
298 468
569 585
219 541
239 455
506 527
34 595
71 495
96 595
300 531
245 579
31 472
472 514
257 395
144 446
312 485
427 545
248 589
304 308
70 561
236 406
309 504
257 341
45 462
177 395
228 546
484 542
277 278
116 354
170 176
47 522
311 588
514 553
370 548
279 590
441 503
232 428
294 377
265 536
217 570
159 443
60 525
117 391
523 595
545 546
159 584
6 437
318 491
307 598
201 562
461 523
151 590
513 545
356 495
159 250
15 220
221 567
428 598
567 595
70 137
588 590
256 495
424 528
409 471
488 525
70 541
132 571
139 238
87 518
164 545
492 521
168 590
137 513
502 598
461 573
444 461
328 334
427 514
48 386
216 409
256 516
7 407
541 560
16 421
296 522
80 471
250 420
201 549
54 65
518 590
278 419
429 589
485 518
160 334
417 545
294 434
66 254
358 565
131 294
245 562
429 565
391 585
31 427
341 409
529 549
44 473
320 551
163 445
551 561
269 419
499 559
361 562
195 519
443 513
232 502
249 568
14 504
491 509
261 411
522 567
445 452
322 561
41 514
120 442
142 545
237 488
570 593
32 191
17 429
219 546
551 598
43 455
226 560
300 430
561 585
385 424
523 533
528 590
341 551
202 542
296 461
300 570
363 407
571 593
55 495
331 568
245 525
462 584
486 595
17 595
478 584
119 585
63 460
248 548
503 576
278 318
66 194
356 440
54 576
571 598
273 495
347 352
440 521
455 515
354 540
158 546
565 567
536 589
60 283
446 536
345 573
290 563
367 579
120 463
193 495
178 560
196 407
473 527
18 549
298 504
193 521
486 589
32 196
250 458
14 468
290 586
189 312
373 433
132 499
244 386
253 513
443 546
94 137
258 523
261 504
178 546
430 510
434 526
164 529
55 521
440 484
9 369
122 304
440 542
97 579
96 565
372 373
245 295
468 506
217 331
74 452
166 444
370 568
8 576
336 445
61 315
411 468
415 484
129 561
443 560
158 420
414 562
183 562
424 590
269 491
318 503
176 514
15 445
425 499
279 338
569 593
237 579
120 387
395 571
307 471
420 513
171 551
123 472
395 428
100 591
123 294
15 43
50 503
312 348
389 440
144 570
183 237
462 529
202 492
216 534
533 589
367 525
192 441
433 510
74 559
236 389
95 322
334 526
269 278
452 455
132 453
170 365
201 561
183 283
41 472
389 542
264 456
510 589
369 549
567 573
345 486
367 390
105 486
529 561
253 560
54 515
226 392
244 354
486 533
2 578
236 576
420 549
444 533
122 510
163 336
63 93
254 354
120 311
429 595
485 540
309 435
82 194
513 562
166 461
100 511
130 585
396 542
277 306
26 114
389 521
415 521
471 598
2 446
373 548
338 518
308 433
114 320
428 429
18 433
0 172
315 318
71 590
277 315
260 261
417 584
551 560
300 328
514 540
5 504
6 510
290 325
25 221
137 462
11 485
529 541
26 395
209 428
105 595
414 525
290 551
347 570
191 458
411 509
311 348
534 571
78 487
390 414
49 341
219 549
18 584
21 589
226 561
9 13
172 559
561 584
56 571
71 279
273 356
170 427
28 458
232 598
435 504
58 446
151 182
279 424
48 540
70 375
57 367
348 442
225 254
209 559
373 430
91 527
93 372
59 550
462 545
484 492
425 571
396 492
91 435
478 560
68 308
35 590
407 491
338 485
0 16
441 463
172 425
0 143
220 445
64 593
100 572
312 442
5 527
189 311
372 518
411 473
430 536
102 367
429 522
158 443
187 568
460 588
478 546
248 570
528 540
140 548
179 579
510 548
406 576
336 455
13 45
549 560
340 488
435 468
122 570
378 534
568 570
593 598
80 559
478 549
145 485
331 510
440 492
90 116
71 385
129 560
183 525
7 576
45 322
434 472
97 488
171 545
179 340
269 576
219 480
55 542
228 549
415 492
249 265
34 221
307 425
346 347
50 509
75 463
256 547
369 561
248 446
123 526
340 579
294 579
194 354
175 452
18 513
183 260
87 279
78 590
306 407
98 533
492 542
433 531
61 576
377 462
192 442
95 584
98 338
411 435
124 191
2 584
373 510
35 518
471 571
7 419
429 461
221 565
529 560
473 506
312 387
13 124
307 569
361 400
102 562
213 533
515 576
369 417
425 471
139 315
322 546
93 485
405 468
168 424
304 531
176 472
356 415
391 573
163 239
220 452
11 35
139 419
123 365
252 386
352 510
518 588
278 543
232 281
328 375
471 593
352 568
99 414
320 593
452 515
294 526
406 515
372 588
170 334
83 406
273 516
21 570
258 595
320 569
209 571
264 485
377 553
358 595
219 443
298 371
48 252
139 576
391 409
54 491
484 553
86 365
487 588
298 527
522 565
265 548
130 378
311 441
534 585
351 569
304 568
573 595
396 516
273 396
419 509
189 442
7 162
96 461
9 458
358 589
362 506
87 588
513 541
531 589
117 569
47 345
417 443
509 576
187 362
316 334
378 397
468 527
77 194
208 521
140 568
101 386
114 216
361 555
356 521
250 449
75 348
419 491
258 567
424 425
49 471
236 515
405 506
283 367
75 442
130 502
171 597
122 300
213 595
179 488
472 553
151 285
139 509
396 484
14 527
569 571
331 370
5 435
8 596
202 521
442 463
59 567
390 488
462 560
358 444
208 356
63 485
334 553
387 442
17 358
236 315
296 565
228 560
300 536
391 499
237 340
96 567
341 342
17 573
533 567
331 352
119 559
178 584
306 491
236 419
420 541
63 371
589 593
11 588
196 576
328 472
425 534
173 176
375 553
377 427
446 570
217 548
414 579
102 390
415 495
328 553
26 593
122 589
265 531
526 553
144 433
485 590
471 559
312 343
195 569
6 446
175 455
21 531
213 379
244 540
377 514
444 522
358 533
32 129
58 570
221 595
348 349
264 372
175 445
16 559
213 501
41 316
100 460
541 546
83 509
176 553
249 536
503 509
237 305
367 488
189 387
91 506
80 515
503 515
362 405
256 521
296 486
336 589
387 388
523 589
11 528
546 560
164 549
352 370
428 593
486 523
427 526
309 473
420 551
458 510
504 506
545 561
492 516
369 471
495 521
214 217
201 545
273 521
20 258
540 585
460 518
305 579
179 525
219 584
182 380
80 172
34 533
130 257
502 573
144 536
308 347
316 427
435 527
331 347
26 391
19 518
334 434
221 345
256 542
124 561
43 445
251 296
509 549
44 468
522 523
378 598
499 502
365 514
516 521
331 446
389 396
66 244
103 345
99 100
64 386
419 503
458 560
226 564
298 524
61 491
371 411
486 567
378 593
74 445
43 336
560 561
31 553
417 560
441 442
119 391
499 569
178 478
18 417
534 569
132 425
461 589
351 585
356 516
397 571
491 503
522 573
101 567
565 595
91 468
309 405
130 370
370 536
409 551
283 400
228 541
248 510
484 585
400 414
435 506
311 343
371 504
122 548
163 452
164 478
258 573
61 509
279 426
120 348
177 224
183 579
370 531
521 542
283 361
375 472
90 239
253 369
202 516
166 486
260 340
425 569
488 562
250 561
158 478
585 593
308 548
351 459
193 492
145 385
244 390
559 585
391 534
328 526
565 573
105 444
288 305
94 560
305 488
87 485
347 536
149 343
523 573
124 417
269 509
362 468
56 502
131 526
315 509
64 571
559 598
61 407
187 570
151 528
460 590
119 593
283 562
90 386
94 458
239 445
132 598
101 444
304 589
177 559
306 576
336 515
228 561
396 593
145 185
487 528
400 532
568 589
371 468
372 487
345 533
257 351
192 463
549 551
145 372
260 579
163 175
17 565
192 343
8 415
269 488
548 568
308 370
228 551
341 502
487 518
400 488
44 516
340 367
569 598
0 471
458 584
44 411
264 588
19 588
21 304
409 534
546 548
375 434
340 400
424 485
461 533
9 250
68 531
78 588
261 473
290 443
499 585
406 407
444 523
358 522
182 590
166 567
97 361
83 576
83 503
322 420
237 562
373 589
541 545
356 492
249 433
273 542
390 525
486 529
533 595
94 513
311 463
385 487
546 561
124 549
195 559
219 462
385 528
245 488
245 547
57 579
389 516
485 528
415 516
60 213
316 514
98 589
191 322
514 526
308 430
502 571
546 584
361 579
53 414
131 316
573 589
428 585
397 534
375 514
510 531
50 406
395 593
170 434
177 428
196 515
571 585
166 595
562 579
320 378
187 433
261 405
372 424
119 172
265 568
328 377
352 570
395 598
531 568
417 549
372 590
