122 520
85 388
229 409
391 581
443 471
216 508
231 588
143 512
188 431
444 590
374 454
177 528
362 540
331 433
55 576
354 527
47 143
489 544
73 91
425 598
486 564
145 599
277 519
367 560
66 518
481 594
498 528
469 556
364 540
164 577
509 581
276 493
594 599
540 575
69 588
214 250
43 597
45 361
446 473
493 557
277 512
47 490
326 536
247 345
467 552
428 548
395 494
384 488
457 569
422 517
371 530
344 560
113 564
402 593
45 499
266 480
469 589
368 395
440 467
411 594
395 406
1 51
169 223
532 534
259 490
309 555
471 524
9 506
362 490
491 585
59 560
406 548
137 414
227 540
472 555
515 516
88 485
381 534
113 597
525 586
406 588
45 485
263 434
304 599
254 549
8 549
63 586
274 485
347 483
507 556
373 528
228 309
304 590
269 501
363 486
254 556
220 580
8 556
100 434
282 576
390 481
410 547
411 569
512 519
218 414
238 597
403 512
69 100
88 499
324 585
507 549
402 459
453 487
137 433
155 459
396 585
98 243
408 594
235 381
507 589
19 34
409 501
19 582
406 593
411 567
443 589
46 512
237 575
453 514
258 423
99 454
70 581
454 489
58 590
293 490
219 363
169 594
324 489
212 583
503 527
71 331
471 507
204 278
336 593
564 598
56 410
55 418
367 380
467 480
43 517
530 580
258 441
403 470
151 251
134 410
357 505
470 519
144 250
440 598
442 499
188 536
304 496
342 502
554 588
133 500
172 593
211 598
284 443
350 481
580 595
46 467
125 475
293 586
370 418
247 388
350 488
11 276
582 589
217 527
326 570
546 585
363 425
142 221
72 269
312 380
481 590
99 491
428 434
484 599
546 576
223 511
18 453
200 544
205 486
298 536
540 578
439 517
154 218
409 594
413 575
91 551
347 593
294 439
132 534
481 583
506 569
515 546
277 470
357 536
214 233
489 491
218 593
209 431
289 375
350 477
423 441
91 572
38 229
459 493
411 590
484 499
64 585
51 532
487 585
453 585
554 555
46 391
322 522
560 563
9 556
137 172
266 511
406 528
594 596
374 422
142 296
219 598
358 576
247 344
367 436
223 467
295 443
43 105
164 472
218 554
132 289
501 590
384 408
402 484
176 367
441 458
66 274
368 598
134 315
155 415
122 230
536 594
501 599
66 528
413 540
289 534
517 593
4 548
294 458
556 582
71 406
276 507
425 544
173 322
121 548
396 487
490 525
259 543
363 595
144 487
145 495
217 380
469 493
404 406
266 403
72 350
203 564
314 529
151 422
358 435
512 513
344 435
259 330
435 576
19 458
550 586
58 169
431 580
147 373
94 347
42 357
59 577
494 593
227 525
362 364
200 489
482 581
583 599
251 477
397 598
2 499
148 534
312 583
384 501
211 494
380 527
458 471
336 434
345 388
517 588
224 429
96 594
322 345
567 588
418 581
237 330
448 495
91 403
532 555
150 231
344 532
147 274
132 469
354 581
177 485
487 512
127 391
216 525
530 595
446 495
549 582
256 551
431 595
254 582
472 527
415 465
18 487
34 67
575 586
154 434
282 344
408 569
411 446
576 577
326 501
312 505
169 446
230 529
266 470
215 580
362 575
517 543
365 546
369 474
479 480
134 368
493 597
213 507
582 587
204 404
19 396
5 214
354 472
212 411
555 581
409 583
347 578
448 597
361 577
266 596
304 495
176 436
435 523
519 592
407 550
433 484
215 595
457 494
249 583
467 511
330 579
511 512
384 599
205 555
407 453
448 564
505 581
217 536
143 511
122 269
227 586
102 544
527 577
396 453
490 559
127 568
425 595
229 488
69 489
259 586
314 374
357 436
322 361
115 581
423 549
263 315
284 554
88 528
5 534
444 583
380 581
295 556
423 589
463 544
120 122
390 590
56 593
519 551
51 64
312 532
409 446
358 577
314 517
595 598
213 589
169 212
80 100
277 480
298 496
504 549
486 597
309 362
278 575
469 474
295 589
331 457
367 576
118 462
177 569
143 467
221 442
95 385
188 594
64 544
155 481
5 148
547 593
396 489
533 536
330 543
256 470
384 481
525 591
322 532
19 556
190 441
59 472
96 590
172 422
353 543
113 587
560 577
284 507
365 587
216 336
289 388
164 528
254 555
67 196
418 560
515 527
1 3
181 527
298 583
297 469
118 250
384 536
407 500
118 585
200 411
259 293
494 598
176 522
431 564
536 569
297 478
228 472
397 597
374 410
212 481
250 585
165 544
439 588
228 596
66 177
11 576
177 483
342 488
221 580
440 555
425 538
219 530
67 582
374 582
446 574
434 469
470 511
2 528
8 589
122 477
431 597
70 576
181 357
381 568
42 573
422 593
49 549
203 578
220 595
294 494
441 503
243 498
484 517
181 509
371 598
266 512
486 538
324 491
439 554
375 388
58 599
205 367
295 493
410 517
294 368
211 595
216 540
373 586
580 598
213 497
322 581
73 551
296 483
314 315
336 415
403 551
60 515
505 546
459 554
538 597
395 457
489 585
483 528
230 506
525 575
487 489
493 589
115 509
215 597
224 489
442 528
315 457
63 575
448 598
94 297
205 282
562 583
429 572
263 517
364 586
276 443
408 446
579 588
233 565
219 588
493 582
204 575
200 324
538 564
484 593
361 585
126 459
38 120
155 444
24 597
22 480
151 594
407 574
380 560
134 535
209 598
276 474
13 506
238 538
353 508
284 556
159 508
454 585
95 515
59 98
294 428
483 485
214 375
164 581
350 599
250 433
243 594
354 509
176 228
250 544
508 540
219 595
404 508
120 599
9 594
213 423
362 508
59 436
190 276
121 422
512 551
364 543
278 586
429 544
486 595
444 488
322 515
448 538
488 599
466 588
70 385
362 525
297 336
472 544
220 530
519 543
403 598
408 481
543 575
144 491
147 499
402 588
511 551
590 592
385 555
410 469
358 391
390 569
49 458
209 538
289 532
148 345
499 528
249 390
353 542
251 599
486 580
408 495
363 597
218 368
330 508
258 369
120 477
373 442
441 474
8 552
117 543
535 595
43 395
408 583
569 583
397 486
71 542
330 404
593 599
409 488
508 575
145 553
215 538
331 588
196 582
414 494
415 484
184 293
408 590
237 586
113 580
184 404
374 588
433 459
344 527
539 580
564 580
556 557
173 282
395 439
390 549
583 590
51 585
530 598
458 589
96 269
259 459
374 402
474 589
196 549
70 577
549 556
440 580
220 597
442 485
133 373
436 560
46 519
231 569
235 375
188 506
212 496
315 428
233 235
227 508
326 496
165 585
597 598
12 569
549 589
282 560
357 509
125 439
509 515
60 364
150 576
117 216
228 509
486 530
147 442
184 543
548 593
491 541
588 591
38 423
403 480
314 336
133 183
190 589
145 444
480 551
418 527
515 560
369 582
237 508
94 415
36 540
200 429
221 499
397 530
274 296
133 483
86 599
12 590
490 586
384 594
409 590
46 480
521 589
85 534
121 402
216 586
36 508
24 598
388 532
209 597
214 381
145 304
381 388
391 577
183 485
38 599
274 572
368 410
477 536
63 597
249 599
196 458
181 442
221 531
423 551
105 459
230 594
314 494
467 551
436 576
509 577
55 597
522 599
105 121
345 381
536 583
403 592
446 477
165 443
474 535
238 409
96 434
441 556
431 530
127 576
454 544
536 590
496 576
425 580
105 582
223 551
331 459
444 599
34 589
441 565
578 581
390 496
71 410
238 580
443 556
354 532
396 491
496 583
134 457
49 518
33 375
471 520
22 388
553 588
495 583
443 549
486 581
165 453
363 596
309 560
277 551
385 548
102 407
410 548
238 598
404 525
540 543
435 581
2 503
370 371
172 368
86 501
169 495
357 472
142 442
71 385
397 595
147 523
501 559
211 550
73 521
203 598
429 489
505 515
477 583
83 487
196 590
180 509
415 492
381 588
418 576
435 546
495 594
235 369
373 483
344 365
73 511
471 556
315 406
82 595
467 470
51 544
530 575
435 555
440 564
371 425
371 595
266 519
525 537
142 365
507 582
4 374
354 418
233 345
217 567
73 480
370 546
34 269
414 433
297 422
298 569
414 548
471 589
42 546
439 548
557 588
395 552
235 508
224 454
428 458
470 512
159 586
440 595
95 584
477 594
80 484
414 459
254 369
1 102
496 569
211 597
165 491
384 590
45 528
13 551
296 485
336 588
584 588
548 594
304 500
422 434
278 525
511 534
220 276
98 501
429 454
196 471
459 556
538 595
180 472
580 582
224 491
99 595
176 472
358 560
80 457
229 402
530 538
18 454
554 570
371 564
11 176
67 472
342 568
82 263
409 589
230 569
505 577
434 489
370 577
56 442
229 411
527 581
237 278
347 439
375 534
85 375
33 132
20 540
407 454
365 515
358 546
342 423
414 415
470 551
369 507
223 480
391 576
326 444
476 585
80 598
18 331
403 511
441 443
98 409
483 487
159 540
331 517
18 585
496 595
284 549
219 597
413 525
488 594
380 576
469 582
3 453
385 479
45 66
11 555
411 501
361 546
413 489
436 577
515 532
223 470
370 509
82 530
83 429
490 540
458 549
511 568
8 507
354 357
294 554
361 555
350 583
82 448
258 458
117 159
49 471
33 381
55 217
312 436
183 499
413 543
13 58
56 494
91 519
243 269
431 538
440 530
369 487
495 569
69 116
88 483
569 571
238 564
24 448
549 566
180 370
385 546
231 251
342 474
2 183
277 511
353 540
204 586
190 423
247 249
441 582
72 583
115 555
43 80
402 548
243 569
345 534
365 577
235 534
269 496
20 233
274 531
95 505
155 457
58 545
38 390
403 519
371 580
94 548
213 474
380 523
173 391
368 428
462 517
11 581
33 560
418 577
436 555
404 540
83 544
446 594
525 543
569 599
184 413
212 574
446 488
126 593
72 488
63 353
431 598
453 491
454 491
442 483
477 501
9 251
34 213
324 495
254 471
397 580
407 431
49 493
148 407
3 396
154 439
367 370
5 289
137 422
47 540
94 537
499 591
172 484
190 330
428 459
448 580
177 442
564 595
56 415
254 589
47 227
530 558
22 551
278 413
353 586
9 229
284 441
404 469
125 151
477 569
444 536
546 560
375 414
126 469
362 586
20 148
296 373
538 585
304 501
428 593
105 484
203 486
408 435
67 493
251 536
415 517
344 581
115 505
64 324
433 494
256 512
364 575
326 599
221 504
369 471
249 444
214 532
487 544
164 435
404 575
353 580
474 566
256 519
483 499
361 581
326 590
99 118
435 527
478 595
474 507
20 534
511 519
120 581
173 581
132 532
154 402
85 532
411 481
391 586
12 496
12 583
183 494
312 515
524 528
180 205
289 482
60 555
509 589
425 440
116 593
484 554
42 435
243 590
560 561
228 361
331 439
99 585
117 575
470 575
159 543
164 576
259 364
180 576
543 586
433 434
209 564
211 440
595 597
263 469
155 593
397 564
309 365
443 507
233 534
294 477
423 582
1 585
369 493
354 539
428 546
395 484
490 516
256 467
203 425
374 434
590 599
85 251
431 483
295 478
232 582
413 506
133 528
2 483
113 598
457 548
488 569
485 553
86 505
295 582
232 589
391 527
418 565
293 525
560 581
444 496
232 549
3 544
100 433
495 590
121 560
88 584
458 582
151 553
126 548
474 582
471 493
203 595
365 576
384 540
481 536
480 512
232 556
47 404
217 505
274 528
324 544
583 594
485 499
151 237
408 448
63 490
232 345
363 580
55 60
312 571
480 519
282 546
429 487
454 497
96 599
82 598
415 494
532 577
256 263
60 322
118 200
530 597
330 575
413 586
184 525
98 536
564 590
4 517
263 548
204 508
353 575
371 597
165 487
564 597
505 531
205 370
4 406
538 580
250 396
36 586
181 505
414 554
143 551
116 484
373 499
142 485
385 494
520 554
159 564
440 597
293 413
498 589
83 585
36 475
20 381
258 589
13 298
42 555
474 549
95 546
314 593
224 585
69 297
368 457
538 598
297 406
390 446
232 414
364 490
485 528
33 247
342 556
326 481
24 580
22 467
215 486
256 513
467 519
247 534
448 595
538 593
86 350
490 575
554 561
188 298
429 592
173 587
13 599
395 593
295 519
428 433
86 230
472 577
36 543
173 365
509 555
554 568
258 493
429 585
144 396
481 576
116 548
102 453
