357 537
304 411
311 525
76 201
347 393
243 584
231 506
231 588
234 432
550 575
132 540
389 395
429 554
14 561
522 563
528 572
148 321
96 423
481 594
62 554
232 594
507 511
401 558
186 523
119 588
447 469
158 583
337 480
373 418
52 426
15 157
483 494
381 403
460 467
462 588
451 563
420 510
258 570
384 391
442 584
119 506
120 460
155 165
204 427
222 453
494 558
536 593
281 460
232 382
96 477
331 460
351 458
58 476
242 423
172 420
360 550
325 572
17 507
143 144
271 528
401 529
168 206
559 569
382 566
532 541
24 525
187 491
225 583
528 536
285 485
344 574
471 478
145 563
290 582
510 544
44 327
267 480
549 564
441 469
334 599
181 411
216 567
451 550
281 591
10 55
338 466
492 565
109 577
442 468
351 516
300 538
389 465
371 471
5 348
463 495
504 575
186 509
262 501
507 549
549 550
59 583
477 481
341 492
439 510
87 258
381 545
532 554
478 531
427 559
503 569
491 565
383 468
32 570
141 248
39 594
303 498
533 583
168 313
81 211
248 594
191 297
13 569
166 418
243 323
546 549
174 354
357 503
195 571
455 501
69 206
413 470
14 577
48 544
506 538
179 423
234 525
235 393
200 437
242 509
390 461
462 533
411 447
31 437
216 538
286 584
165 495
2 3
310 338
96 287
82 213
373 588
374 480
325 383
492 528
178 409
253 563
529 572
222 413
43 480
44 498
353 584
468 584
347 477
413 596
1 338
477 567
186 267
190 371
382 506
479 494
467 494
311 545
135 393
194 583
234 324
511 531
231 351
341 517
363 536
331 397
211 262
96 523
271 593
35 255
119 536
538 566
170 435
325 597
290 335
128 414
331 349
79 445
450 463
565 582
471 594
265 501
293 303
84 420
254 257
571 577
537 593
390 416
191 593
108 497
345 366
291 317
458 567
213 303
451 492
510 514
439 514
279 526
229 565
360 487
295 564
393 564
363 412
364 550
495 550
226 313
399 411
525 549
565 584
234 440
110 367
337 516
528 588
267 455
324 329
371 501
100 103
297 523
501 502
141 539
235 448
201 368
351 547
360 569
181 399
164 585
181 304
560 594
278 574
105 577
405 510
254 568
39 291
276 508
61 557
559 563
52 208
126 379
100 561
242 420
351 529
568 577
97 255
155 545
102 360
381 533
94 566
24 526
483 550
13 532
231 278
341 588
441 468
8 123
498 565
360 558
399 599
201 500
537 575
494 569
278 506
175 413
451 553
483 559
178 588
2 513
366 566
3 546
487 530
1 594
332 593
495 584
98 290
353 554
526 546
158 536
378 530
148 389
170 572
373 536
338 458
337 594
52 406
59 492
477 480
209 213
43 529
461 503
526 549
583 588
14 434
558 559
11 242
72 484
145 466
471 531
257 568
20 441
441 495
138 265
174 459
197 415
201 513
301 497
374 553
238 361
278 382
344 539
456 544
120 503
262 525
429 478
545 554
365 374
437 537
295 501
254 331
437 479
144 427
181 367
405 444
558 569
539 553
171 531
344 487
102 439
502 583
525 526
324 465
487 504
290 522
20 487
348 463
439 544
13 554
37 522
539 558
546 564
466 529
126 465
225 427
333 383
48 172
175 470
286 545
179 476
487 559
76 538
533 593
153 554
299 337
300 353
374 504
301 568
31 132
1 337
420 571
100 502
358 570
412 588
108 195
491 528
383 459
25 575
244 504
324 432
226 389
522 541
255 455
147 560
301 561
235 494
325 352
334 541
155 311
174 383
566 571
301 445
285 569
158 503
392 550
430 456
240 293
85 520
391 569
358 564
199 496
254 287
166 593
371 481
423 567
24 549
5 216
460 568
43 359
118 536
241 418
60 559
59 529
8 541
445 568
412 492
147 178
226 585
61 382
11 483
174 504
286 541
461 553
139 301
486 563
225 238
123 580
148 324
477 538
445 561
209 584
87 555
222 470
494 539
495 545
451 583
507 525
32 471
341 536
413 560
293 464
333 388
87 544
213 565
94 578
158 581
240 498
332 418
339 368
286 297
325 333
295 549
9 351
393 549
272 486
536 588
243 545
405 509
72 337
295 546
157 541
430 531
269 345
509 511
303 467
476 594
244 344
213 450
197 558
147 505
347 516
165 565
119 461
9 582
109 589
271 530
208 466
206 566
390 563
249 368
216 562
569 575
81 546
374 392
285 483
5 447
9 481
373 533
155 181
378 381
300 541
360 559
58 539
144 479
255 585
348 412
412 430
463 525
39 480
262 277
463 522
272 569
60 326
371 478
170 258
479 539
92 582
471 530
313 432
389 432
45 462
109 561
245 588
338 341
461 537
374 558
45 544
209 495
434 460
112 584
494 504
124 539
144 569
307 593
163 267
509 523
497 568
79 552
526 564
12 28
323 561
514 544
62 199
265 295
201 271
459 572
390 451
364 503
497 561
79 561
85 341
253 468
190 511
282 305
58 280
171 478
467 491
311 554
366 510
458 529
374 563
476 538
166 378
204 521
62 102
447 582
357 415
287 466
471 566
310 474
243 344
368 519
82 569
285 575
364 485
347 423
44 491
378 569
476 529
186 417
205 568
8 470
45 516
52 458
238 501
539 575
301 577
95 112
95 463
170 345
174 495
483 537
265 564
33 141
94 502
205 561
434 577
60 529
480 564
229 268
194 299
506 572
345 506
276 467
168 572
278 459
291 310
335 545
429 582
158 593
31 312
92 461
112 531
122 411
324 325
498 541
389 399
85 528
17 283
364 553
367 411
245 448
181 585
279 411
135 502
112 522
498 504
118 528
228 366
162 163
226 324
412 593
418 530
166 191
25 364
491 498
24 564
226 560
9 14
178 248
510 523
332 420
9 594
190 531
392 427
200 456
331 568
461 479
282 511
103 560
348 441
437 494
331 561
66 392
504 550
347 401
267 358
290 563
255 546
334 584
174 572
126 494
509 510
364 525
437 503
79 577
138 507
128 584
254 434
168 345
479 550
354 390
153 286
303 565
279 556
391 504
89 544
492 593
494 564
245 536
310 529
228 442
282 456
228 566
6 358
468 545
450 545
382 572
2 502
528 530
234 389
466 560
109 132
61 566
583 593
144 440
460 577
62 405
175 222
307 462
37 532
516 567
135 572
155 351
333 345
176 514
532 582
118 245
451 537
450 563
1 474
272 585
532 565
363 568
166 430
141 559
36 347
59 593
478 511
175 453
164 413
206 531
530 593
373 583
507 564
471 511
168 459
333 506
108 208
453 470
478 486
228 502
191 194
231 566
148 557
423 480
224 453
62 537
123 470
358 526
253 582
455 495
313 562
332 378
459 575
271 583
272 559
155 541
300 469
378 462
69 522
153 154
392 563
92 556
539 544
357 486
506 544
17 318
209 311
567 594
381 593
229 498
37 416
57 244
188 391
501 525
122 399
287 477
325 357
147 304
95 432
265 336
144 559
344 503
367 399
3 526
187 253
563 582
146 228
55 290
364 486
353 582
279 399
287 474
434 497
272 374
477 525
248 480
194 465
113 135
495 532
205 281
465 545
199 394
148 594
192 278
301 460
304 368
35 224
291 567
20 532
373 548
31 569
363 530
383 566
12 502
32 364
323 447
112 532
476 480
334 439
528 593
267 458
145 423
347 594
469 550
390 423
509 544
257 498
460 561
231 502
145 594
76 399
337 512
66 523
200 371
442 554
225 349
307 530
164 582
494 537
286 522
213 554
238 546
354 506
208 529
85 378
525 546
5 532
170 597
66 89
242 544
442 565
463 546
393 546
411 498
197 461
157 442
105 460
238 549
366 421
536 583
423 475
561 577
211 462
285 391
280 313
445 577
229 303
128 381
537 553
371 511
44 559
279 304
245 533
258 566
244 553
522 545
338 594
345 572
240 491
171 392
128 453
368 399
441 565
467 565
12 258
17 262
401 429
226 432
338 589
100 572
451 461
248 418
281 577
373 432
363 492
437 569
405 544
487 537
235 253
348 353
232 474
381 530
81 235
124 335
503 558
145 567
337 463
541 582
357 479
430 511
254 553
293 498
266 353
201 531
61 572
194 530
94 572
94 113
186 510
190 478
126 550
255 390
276 536
481 538
171 511
332 448
480 526
412 533
161 165
76 304
321 447
0 303
332 588
439 509
156 367
340 358
72 401
476 569
99 335
549 593
197 519
458 466
40 265
516 560
243 377
8 413
195 561
366 572
187 276
441 593
321 432
391 486
176 413
200 531
381 588
476 560
20 469
165 582
187 498
405 439
420 514
59 393
141 558
434 568
244 487
353 569
176 222
195 257
323 468
507 582
191 341
13 565
105 556
287 481
276 565
541 554
466 538
297 422
479 511
123 321
554 582
461 528
371 430
209 341
335 582
561 568
211 588
341 363
179 567
291 538
503 523
456 511
11 536
429 468
72 538
401 594
492 533
95 584
477 594
321 561
509 514
588 593
166 246
206 500
138 393
323 568
474 481
338 538
228 333
360 392
179 259
235 501
242 523
60 179
197 486
163 564
291 436
243 450
241 594
257 405
240 565
118 412
503 537
253 348
37 229
242 514
481 560
66 289
138 146
81 484
17 455
153 301
103 529
196 245
35 564
514 523
238 507
516 538
459 506
334 469
391 427
502 572
179 446
1 533
163 546
271 342
333 366
418 492
371 564
483 539
360 366
323 441
108 577
118 494
392 553
357 399
363 533
474 560
291 474
391 416
393 526
286 323
571 588
122 368
530 533
460 571
208 548
300 442
405 514
300 582
102 510
176 470
344 461
401 567
55 582
25 220
216 594
461 550
48 474
304 367
197 567
113 516
511 522
351 477
103 198
368 411
405 523
358 549
509 583
544 568
462 583
529 533
164 470
522 572
486 553
348 522
204 550
560 567
469 582
0 3
280 307
45 66
297 510
163 453
280 465
456 531
258 354
354 357
262 410
528 583
178 567
441 563
338 378
321 584
462 593
334 353
100 566
178 232
553 569
2 560
501 507
437 575
267 525
353 429
280 432
12 69
12 402
451 575
20 584
241 538
238 564
280 479
211 530
119 462
32 511
491 588
295 468
32 531
200 511
134 310
479 553
427 575
48 509
427 486
55 92
60 476
363 373
383 437
369 401
282 430
158 533
450 575
568 571
532 545
501 549
172 523
389 576
105 568
331 497
190 430
429 495
492 577
25 344
280 389
229 467
303 491
468 554
172 514
445 497
503 575
307 464
257 571
232 530
123 453
584 593
52 516
451 539
313 324
335 495
262 526
506 533
287 530
58 509
405 579
138 309
89 514
216 529
72 384
325 487
367 518
334 335
381 492
271 381
187 293
95 468
89 523
554 583
526 571
42 124
120 553
3 501
282 574
279 576
11 539
358 507
287 382
455 564
310 594
82 392
157 378
413 598
165 379
333 490
459 566
423 516
194 332
225 536
279 368
113 543
35 526
313 465
481 567
171 456
281 568
466 516
199 510
364 575
332 528
465 558
122 367
530 544
401 476
204 487
497 544
265 560
69 506
253 483
240 467
311 429
374 503
240 290
96 401
480 560
124 487
412 583
345 502
163 549
164 224
82 559
234 313
76 411
186 439
439 523
208 291
545 594
168 400
300 584
445 571
393 525
483 504
204 390
497 577
82 550
529 538
281 497
135 506
229 491
345 550
228 354
430 471
382 385
37 554
442 545
43 232
411 588
458 560
8 383
44 467
176 224
105 593
147 481
148 465
240 594
348 422
153 522
430 478
293 467
441 442
39 307
295 563
61 258
483 486
126 504
455 526
157 447
55 256
113 572
241 455
285 396
272 340
172 437
176 453
412 510
537 550
276 491
297 509
191 578
69 566
285 537
14 514
205 577
371 531
172 544
450 469
92 469
2 566
85 583
232 560
120 133
321 465
418 547
537 559
276 498
494 553
495 563
164 453
187 467
81 564
483 575
157 290
470 476
153 541
225 245
244 390
450 554
108 466
447 522
211 533
432 465
344 573
456 471
281 583
224 413
441 470
333 427
11 427
235 255
487 539
492 588
370 374
282 471
447 563
106 332
456 478
231 354
412 536
35 463
128 469
418 588
257 445
226 465
390 558
195 300
147 516
278 366
282 478
286 510
507 546
310 480
311 402
331 577
31 479
413 453
418 583
209 352
307 418
5 429
334 493
138 526
141 563
170 383
68 200
307 583
34 360
354 566
279 367
122 586
337 423
373 481
195 485
293 491
437 539
532 584
347 351
497 571
280 404
463 507
175 439
530 588
311 584
48 559
310 501
420 523
43 145
434 561
382 459
58 389
352 357
459 571
297 420
25 559
323 334
109 434
241 567
89 190
222 354
132 561
481 495
541 545
124 558
358 525
205 363
224 545
321 567
285 553
24 387
199 297
243 541
45 420
132 568
22 241
295 486
78 391
463 470
103 538
348 553
205 571
87 102
420 544
224 470
171 516
335 450
248 476
87 514
383 502
455 549
79 260
13 459
199 544
347 443
458 516
225 528
175 587
241 474
120 575
373 462
234 465
474 567
39 248
135 531
391 575
254 281
272 504
293 392
455 546
132 445
335 548
525 564
378 588
54 244
206 382
458 481
204 304
538 560
282 531
