286 321
73 276
20 162
530 531
270 302
199 380
399 403
450 457
255 496
210 563
262 439
289 481
76 482
115 380
155 280
84 532
451 581
259 544
133 588
291 550
110 366
481 594
81 437
65 552
106 439
181 557
127 556
421 538
234 418
240 496
493 557
27 556
374 464
437 555
333 447
383 558
332 556
297 508
465 469
67 297
157 439
259 558
25 490
84 150
233 399
379 504
165 440
10 449
491 592
199 467
537 558
332 555
161 547
218 564
492 494
134 469
154 578
447 524
432 475
303 552
235 302
146 511
293 380
174 319
398 594
494 582
299 564
393 447
436 507
251 594
401 418
81 556
543 544
363 592
135 359
416 581
398 597
274 543
333 426
198 317
53 470
399 596
227 479
281 301
284 321
421 574
460 591
154 155
483 556
293 366
113 437
313 416
392 508
314 539
10 333
84 574
268 563
225 480
357 552
547 578
355 360
73 498
143 388
222 557
229 581
376 594
431 505
454 511
292 494
3 552
243 482
418 442
436 464
162 577
235 381
127 364
218 520
37 399
476 564
572 577
136 198
284 537
285 496
51 501
113 423
453 480
301 353
206 524
449 489
88 599
323 582
450 527
583 586
337 422
135 314
289 564
293 490
104 511
1 422
438 454
115 512
79 558
206 489
251 481
520 597
303 360
89 180
327 587
404 432
505 530
110 152
150 466
281 353
229 379
497 563
147 547
153 546
408 470
501 519
118 575
302 381
289 597
363 554
20 24
76 448
148 408
46 134
141 146
454 475
313 566
128 243
108 599
197 599
374 507
52 449
438 580
517 537
506 556
125 475
459 552
12 453
286 555
379 592
167 246
259 410
384 430
274 325
476 535
520 586
134 404
360 498
327 566
184 554
266 426
126 450
141 591
271 544
104 475
108 566
24 402
103 530
89 474
181 324
240 469
207 366
121 284
37 550
148 437
224 494
174 539
412 577
426 578
301 439
321 537
69 592
460 575
330 578
366 380
205 556
403 498
481 583
272 496
113 188
297 392
483 517
450 454
197 587
127 292
325 459
42 524
207 380
154 360
310 416
412 599
535 564
494 538
205 263
25 366
188 321
281 335
161 468
392 587
586 597
204 554
152 512
577 587
326 550
29 577
431 520
436 581
383 544
115 190
223 490
489 552
36 494
501 581
160 360
402 599
511 572
374 465
272 342
342 436
36 572
401 550
418 550
535 586
274 578
223 467
133 556
246 453
251 583
251 564
113 555
147 497
186 329
335 439
85 566
402 566
310 536
186 538
447 474
268 357
125 535
204 599
339 383
149 599
103 383
270 355
127 483
426 552
251 597
30 355
324 399
20 587
479 557
501 592
355 381
543 547
547 548
577 599
287 401
200 482
207 512
109 467
543 552
200 267
146 494
38 543
475 582
29 291
141 575
238 438
3 111
205 332
542 597
410 544
319 558
342 464
22 519
280 535
533 564
184 402
203 350
374 590
162 297
198 413
418 581
186 591
106 301
303 357
481 535
575 580
27 537
33 580
431 586
382 479
393 474
325 543
437 470
203 511
426 524
65 498
329 421
184 416
475 572
27 503
125 564
255 432
505 520
314 565
174 466
401 501
295 330
62 313
376 469
532 569
422 587
276 578
10 524
210 497
508 577
1 327
222 519
480 482
51 557
125 597
235 355
255 465
326 501
507 595
118 572
539 558
262 353
317 404
222 499
104 580
271 500
207 490
281 282
323 572
323 454
404 464
46 464
266 465
234 493
508 599
456 597
156 416
467 512
212 225
346 574
107 394
111 578
214 498
242 404
481 564
65 578
412 587
215 337
22 581
276 459
451 592
392 599
37 596
203 353
263 349
449 523
160 578
185 574
238 511
110 512
143 359
79 271
198 381
197 577
205 555
497 498
449 524
287 592
456 586
147 325
148 445
167 453
538 574
329 538
230 287
393 489
382 383
37 501
421 475
280 448
284 408
126 538
384 436
479 592
282 287
211 431
500 541
431 456
200 448
92 233
231 583
303 543
235 317
586 594
255 507
211 436
110 223
360 563
72 552
594 597
360 578
450 591
511 575
210 547
263 321
147 344
537 555
133 555
161 552
39 508
423 470
211 469
106 350
456 535
350 439
153 537
363 501
275 404
313 508
22 382
578 583
581 592
274 497
238 582
383 410
438 494
537 556
330 543
476 594
421 511
552 563
266 489
268 501
72 344
494 580
138 274
271 530
275 599
299 583
121 555
303 578
149 227
212 550
86 508
550 592
402 577
40 281
317 381
12 167
112 246
477 493
121 579
319 544
494 574
154 547
323 511
363 587
431 583
141 574
566 587
291 401
431 564
457 586
349 556
504 577
89 489
489 524
572 580
282 477
67 577
359 532
314 544
29 566
319 598
267 564
240 243
39 599
229 479
448 480
231 431
327 599
255 394
550 581
431 597
235 413
73 330
574 575
408 556
282 592
329 475
421 582
25 293
299 476
233 592
382 592
592 596
203 335
475 575
150 544
281 439
517 556
431 594
313 554
212 280
230 326
180 449
421 591
284 423
450 494
323 475
148 556
289 594
92 596
204 272
266 447
268 578
566 599
477 596
432 538
185 438
42 489
153 349
255 464
242 272
379 418
143 410
38 563
72 543
470 517
437 447
77 563
243 448
465 507
323 575
51 418
476 538
314 339
404 465
376 520
153 483
398 520
497 547
295 368
448 451
157 335
241 550
335 350
134 394
10 393
359 558
459 547
156 577
394 500
483 537
326 479
384 423
23 469
262 440
430 457
477 519
459 497
141 582
466 500
214 547
267 583
376 505
184 587
136 302
65 344
359 410
185 582
37 557
538 575
109 512
326 581
382 493
121 517
451 577
238 538
79 530
426 474
282 493
284 556
388 530
62 599
118 528
85 227
157 203
326 557
185 591
39 310
339 466
368 547
169 233
42 447
284 555
111 459
225 448
246 448
12 482
173 539
210 295
547 563
113 560
404 507
215 412
398 583
36 574
206 447
324 592
53 190
493 508
42 596
344 563
288 517
111 147
494 578
155 480
69 229
271 532
329 565
30 165
303 466
490 512
493 501
422 563
479 550
227 291
112 566
118 454
317 355
467 586
274 547
314 532
441 465
388 466
29 554
329 574
346 580
293 512
357 547
511 580
422 554
188 470
335 353
126 574
72 497
238 450
38 368
222 550
229 592
376 583
556 575
321 423
494 575
329 432
240 384
384 496
349 408
374 384
12 200
285 507
339 530
410 558
88 327
532 558
212 482
344 357
508 566
456 564
456 457
376 597
412 422
339 539
127 408
274 357
186 572
297 599
136 286
289 583
380 512
241 401
333 449
333 524
575 582
143 319
155 453
301 350
263 555
339 544
270 381
128 225
292 572
366 490
438 450
379 550
394 441
162 599
324 493
399 477
557 596
500 558
517 555
575 591
190 555
564 586
545 552
188 517
39 580
86 587
402 416
297 577
337 412
337 554
363 566
276 563
466 532
69 291
505 535
383 530
156 451
339 558
36 146
310 337
165 381
457 505
574 582
539 544
106 109
134 374
467 490
214 543
197 392
198 270
323 574
268 344
128 560
268 303
126 591
262 350
104 574
246 482
284 286
156 587
12 448
30 302
410 532
457 535
206 449
88 566
303 403
240 465
210 578
67 554
215 482
382 401
224 580
481 586
359 500
505 554
346 494
321 517
218 586
327 337
346 519
426 489
86 599
493 581
376 535
234 477
288 483
517 520
138 330
156 554
218 597
292 582
205 483
79 532
388 532
190 408
538 572
505 564
222 493
432 574
291 596
454 575
206 474
233 550
115 467
22 363
333 393
342 441
381 413
364 443
165 235
275 496
23 285
426 563
251 586
476 583
152 223
46 394
88 444
314 383
27 555
505 597
289 512
416 451
474 524
229 241
299 594
399 493
199 512
212 448
451 479
146 572
438 561
3 459
399 581
535 583
169 519
281 350
138 497
128 167
476 597
203 439
259 530
23 384
150 520
62 510
450 580
143 539
330 459
223 551
520 535
285 384
416 587
128 453
77 403
149 587
410 466
457 597
3 138
136 355
501 596
263 288
379 501
508 554
167 480
230 234
535 597
238 591
422 508
483 555
135 466
126 575
363 596
507 555
438 538
282 581
287 291
535 594
457 583
532 544
146 346
572 591
81 537
501 550
470 483
553 557
240 272
572 574
263 423
33 591
288 555
287 557
295 459
242 469
153 470
324 550
436 469
572 582
4 128
150 532
161 368
457 476
380 467
416 599
314 558
360 543
324 557
154 563
448 482
125 583
241 519
40 353
25 467
500 544
85 297
360 403
379 401
432 507
235 270
327 412
223 512
342 374
234 519
380 490
227 572
108 412
421 580
69 519
422 599
520 594
337 577
141 551
459 569
538 582
229 463
86 422
81 517
67 566
447 489
76 453
224 454
3 498
349 364
539 554
392 412
564 594
84 500
301 335
554 577
280 480
180 524
125 594
557 581
92 557
332 483
190 332
321 483
51 381
215 566
473 582
38 85
242 496
423 517
479 493
267 594
439 478
326 483
520 583
288 470
457 481
319 410
571 574
383 500
206 454
448 453
165 413
496 497
519 596
580 582
215 599
401 581
227 577
587 599
181 581
349 537
460 572
231 597
384 441
241 477
388 558
333 592
161 295
287 596
204 310
4 480
242 394
564 566
470 556
259 383
295 403
138 474
174 500
286 537
218 594
241 581
62 451
173 558
231 594
476 481
479 596
505 586
52 474
185 580
76 480
149 412
156 392
319 539
234 596
199 490
364 555
464 465
454 572
230 493
543 578
454 591
40 313
285 436
33 475
104 421
133 332
85 392
214 563
181 592
24 566
173 544
454 582
388 539
92 519
481 597
364 537
437 483
299 597
89 393
186 475
23 394
211 465
402 595
590 591
332 477
23 507
374 469
376 564
581 596
299 586
451 566
408 483
173 530
199 247
242 342
469 584
84 558
218 398
272 464
133 423
285 374
379 519
180 393
1 508
240 404
148 517
374 436
103 544
88 204
412 512
398 599
165 317
319 466
160 403
329 572
292 538
20 599
511 582
259 470
161 357
456 520
149 337
207 293
225 482
451 557
450 575
511 591
150 530
204 577
466 558
243 480
498 552
299 537
339 532
33 575
346 596
24 422
107 436
153 188
469 507
520 564
180 335
72 368
453 482
329 582
566 577
498 547
190 288
282 596
263 556
197 402
323 580
398 476
148 537
112 453
282 291
67 587
211 507
276 325
575 576
10 489
466 544
423 537
1 416
346 550
230 477
51 592
69 518
476 520
227 326
210 498
355 413
324 382
344 543
456 505
138 563
357 498
268 403
466 539
295 497
302 413
344 403
297 566
157 353
490 596
327 508
330 544
136 270
215 587
73 547
438 591
205 364
591 598
530 558
342 496
89 524
450 538
169 418
155 243
29 363
452 535
456 594
438 582
574 580
339 584
267 597
403 552
233 418
103 539
450 511
234 326
474 489
40 350
574 591
224 591
135 539
174 530
30 413
127 470
38 77
224 574
188 556
246 480
286 556
267 586
530 544
135 388
108 587
230 519
215 508
110 199
319 532
313 587
451 596
530 539
42 449
289 376
1 310
330 426
222 596
392 554
416 554
456 583
152 490
27 349
359 544
368 552
388 410
212 243
108 554
324 418
76 200
111 337
157 350
449 474
147 578
524 528
500 530
181 447
476 586
292 591
259 500
106 353
231 586
197 566
476 505
404 496
155 212
505 594
293 467
174 558
325 578
364 437
573 594
460 475
231 408
162 554
198 355
207 467
302 317
233 557
344 552
181 346
332 423
479 581
46 507
438 572
275 394
437 556
211 242
431 535
222 477
152 366
464 533
109 490
382 519
4 167
211 464
543 563
223 247
398 586
4 453
498 517
457 594
276 498
231 398
214 578
62 508
402 587
413 542
52 447
154 497
262 301
270 413
152 380
30 381
422 566
230 581
447 449
432 465
325 426
333 474
541 587
267 481
292 511
133 286
393 417
432 580
200 480
368 578
497 543
136 413
532 539
402 554
421 575
107 342
550 596
539 587
376 586
287 550
109 247
272 432
399 557
459 543
186 582
247 467
583 597
160 543
289 586
255 384
169 493
225 280
79 173
246 280
359 539
353 439
583 594
379 557
157 262
288 437
564 583
33 582
368 536
275 436
210 214
36 580
324 481
382 557
92 399
4 280
266 393
52 524
184 327
53 555
292 575
310 577
81 271
134 275
52 184
382 596
332 408
112 135
317 413
564 597
357 497
441 507
538 580
53 121
418 592
22 557
39 577
169 596
299 457
266 524
323 479
115 490
118 574
325 368
247 366
247 512
477 592
538 591
464 496
330 552
285 469
333 489
286 364
470 537
275 464
477 479
563 578
107 507
218 583
241 592
310 554
349 517
112 482
46 469
266 474
481 505
301 580
313 577
77 552
224 575
465 496
107 496
180 474
73 160
401 467
40 439
24 587
531 563
477 522
271 558
398 535
247 490
321 364
394 496
451 599
580 591
500 532
366 512
388 500
262 335
393 524
