249 586
340 631
717 953
777 809
104 702
781 785
487 593
219 552
334 854
101 516
512 783
255 933
863 879
738 864
745 958
797 802
265 946
357 438
15 869
14 840
566 960
458 863
630 921
191 901
412 598
382 651
593 748
26 938
261 955
499 877
777 850
279 749
389 983
816 824
358 947
982 995
414 993
809 916
37 779
475 757
522 998
710 921
311 443
807 971
538 659
525 951
772 932
370 932
656 953
415 592
576 944
525 607
36 746
673 945
215 974
147 781
594 776
60 103
665 840
6 495
375 772
656 944
769 826
740 848
551 587
845 874
282 507
568 912
381 757
365 603
501 901
835 839
752 973
180 366
896 957
576 736
21 821
886 973
105 892
499 695
228 916
564 846
231 739
602 920
458 913
754 879
349 628
520 907
306 508
489 932
877 989
861 931
311 390
184 928
365 927
540 723
830 998
579 879
816 966
905 960
603 987
641 887
345 434
752 964
825 888
225 357
580 876
359 636
784 857
437 942
389 971
324 603
397 496
610 781
334 949
105 903
551 974
844 891
331 776
84 704
231 819
423 631
48 294
804 966
364 973
98 855
557 934
186 559
258 519
135 768
32 846
36 219
93 299
628 928
738 790
705 870
433 667
692 977
442 923
222 864
313 964
479 969
247 872
598 944
636 694
835 971
804 973
586 920
364 964
381 439
626 870
426 960
243 961
423 765
839 896
755 944
6 607
334 903
758 880
120 964
541 790
430 847
380 955
271 772
79 172
785 928
418 926
678 906
723 834
975 989
826 856
64 953
409 754
891 946
358 832
223 759
497 921
228 799
35 984
605 934
14 913
400 869
96 814
23 989
869 888
605 983
913 982
848 856
35 333
364 621
163 746
661 802
442 796
388 781
315 807
391 831
600 738
241 516
497 914
773 841
851 966
512 974
584 715
742 795
658 778
660 663
950 953
554 971
756 888
562 933
284 841
525 645
251 973
586 949
899 966
554 602
439 460
8 795
765 871
415 552
418 713
678 733
477 895
27 48
906 911
671 822
249 827
359 944
673 904
515 775
645 835
738 826
655 953
514 872
306 942
626 827
715 899
59 935
258 781
406 722
225 838
439 718
591 902
641 990
808 943
331 708
557 899
799 814
621 645
548 781
127 854
298 695
8 294
334 340
282 838
35 975
289 920
417 536
736 757
496 995
61 831
25 902
495 510
229 633
853 937
252 718
658 892
453 475
934 977
377 816
156 900
184 890
22 110
781 893
422 580
594 928
645 804
8 301
225 630
546 735
600 870
639 878
786 868
295 965
439 687
557 723
977 983
103 706
674 977
692 955
291 866
73 955
666 929
593 842
645 966
577 944
665 786
299 636
828 829
380 783
862 947
949 981
618 955
605 899
713 965
678 849
534 672
313 906
334 540
633 893
779 945
392 397
102 456
651 964
836 883
820 981
198 801
767 773
588 755
864 913
866 909
501 752
959 985
606 987
625 901
240 720
296 834
867 960
264 982
445 777
636 937
129 668
167 817
186 999
150 705
281 969
576 883
756 820
946 967
31 973
748 900
34 300
159 546
641 905
841 900
959 966
285 563
324 626
110 953
968 982
53 962
833 901
243 953
786 830
489 966
678 752
749 970
880 903
366 380
225 665
905 930
807 933
633 783
802 945
752 817
668 938
794 982
726 974
642 857
668 985
190 667
196 860
267 772
655 717
144 388
289 375
0 974
143 515
588 826
643 832
521 745
790 913
881 938
429 978
853 997
752 985
235 911
509 730
477 539
385 949
421 841
617 718
102 587
527 990
288 621
554 920
350 593
816 825
84 975
769 856
737 931
24 562
408 988
759 785
120 923
906 973
819 888
628 838
22 843
334 969
333 639
578 965
430 913
785 969
422 801
705 817
745 823
779 989
514 857
911 969
515 999
143 814
20 772
60 870
294 965
829 933
926 943
638 739
739 904
406 969
687 999
870 888
673 967
288 413
515 718
536 830
60 241
663 944
738 883
569 844
513 943
306 999
551 947
659 974
497 665
886 971
61 281
389 508
799 960
716 820
843 900
845 920
251 906
434 828
201 708
751 969
38 812
722 906
300 853
870 883
229 991
711 896
217 959
252 989
531 925
937 963
475 908
905 990
263 778
380 602
495 716
266 746
677 786
382 701
54 910
901 911
595 717
196 801
507 928
241 979
332 955
888 913
282 790
288 848
534 742
475 584
902 975
379 826
215 991
36 872
679 710
392 777
730 772
801 860
291 826
901 904
354 999
741 830
826 831
918 937
285 666
412 857
643 677
555 967
117 475
605 971
0 235
661 677
352 799
496 660
684 811
379 672
767 989
92 849
98 299
225 913
460 902
491 792
772 866
371 949
631 953
731 975
660 788
880 968
777 925
263 881
955 961
6 456
975 983
304 905
11 31
397 965
569 985
128 684
271 988
694 869
781 863
839 899
555 932
417 968
200 306
958 967
706 839
878 900
617 669
726 903
56 651
295 777
774 814
189 945
784 990
548 785
904 946
120 972
746 768
285 826
677 989
270 605
324 960
935 974
147 969
882 982
135 333
132 920
229 328
891 989
820 922
806 968
91 661
460 947
319 347
546 832
732 955
400 974
94 985
239 942
592 920
679 968
25 778
156 862
359 954
51 509
288 883
381 383
770 990
22 883
539 592
593 981
814 960
513 577
717 993
872 972
389 902
251 972
473 813
718 730
679 880
207 937
832 937
66 507
319 799
439 555
706 801
908 920
877 946
128 991
594 757
81 913
595 926
911 921
878 921
62 746
46 672
835 934
158 958
453 610
54 416
414 552
458 943
534 873
190 510
600 864
306 983
469 974
807 896
760 870
564 993
104 906
618 985
52 935
15 221
911 998
899 934
422 923
701 953
43 748
374 884
846 903
926 977
229 911
458 982
331 845
562 877
374 941
547 928
483 819
413 964
730 845
821 877
552 921
664 958
495 525
354 617
499 710
776 780
812 928
747 822
877 891
181 639
200 968
347 875
455 959
6 667
762 902
375 519
211 606
659 754
382 591
754 943
663 918
756 959
687 938
923 973
270 975
415 856
487 778
352 872
849 923
222 760
408 671
617 730
913 938
769 987
332 531
96 945
403 888
795 839
617 875
748 797
294 809
315 859
687 962
395 706
692 884
711 934
745 946
836 980
853 978
641 799
588 660
313 479
496 777
665 882
723 903
145 313
625 812
20 872
439 443
408 533
926 955
301 769
835 898
798 908
895 967
968 983
751 948
769 845
951 966
790 927
831 843
260 999
673 940
800 879
223 923
612 890
820 932
416 983
143 987
578 809
794 983
501 705
11 92
102 927
91 785
143 669
760 794
877 904
715 975
313 924
315 896
105 655
539 845
540 546
703 982
557 839
230 973
967 989
287 800
754 832
354 947
939 990
687 985
319 814
563 794
129 819
814 905
375 920
673 958
625 838
864 975
562 923
279 631
853 862
380 692
568 685
734 848
911 968
684 983
408 949
540 569
794 985
31 840
603 660
786 921
381 521
625 928
769 848
383 944
495 927
333 817
279 853
636 974
231 945
252 967
434 661
555 979
392 909
579 694
46 947
51 839
350 778
678 964
220 420
420 988
391 999
433 607
123 944
90 968
184 812
437 971
117 456
144 751
804 835
932 959
437 562
385 927
388 925
174 421
835 982
750 900
342 881
437 931
132 845
633 923
150 967
893 900
607 838
568 921
933 985
420 748
534 808
661 997
724 804
416 576
792 923
429 838
526 795
718 756
244 891
300 949
66 838
247 773
491 802
826 828
848 924
122 932
639 857
584 870
344 512
347 960
679 948
692 980
434 443
414 765
935 947
655 975
35 344
92 850
808 974
684 955
369 807
189 958
668 925
523 796
507 945
673 994
15 66
933 971
863 947
554 845
958 989
136 766
64 843
794 917
580 860
430 548
364 633
580 739
870 909
249 258
819 820
241 965
156 841
347 990
350 862
958 964
82 715
409 982
548 969
150 880
483 894
631 727
67 383
263 563
251 817
817 984
383 446
719 879
746 766
714 967
731 943
813 913
890 926
120 973
123 671
235 953
534 643
673 877
710 895
927 944
324 848
566 910
578 674
67 785
763 899
103 809
514 775
592 778
207 931
423 749
812 844
363 673
62 987
227 792
263 718
639 893
417 985
587 843
752 906
848 849
81 499
317 957
377 804
374 891
820 866
363 777
752 872
201 521
453 947
607 795
595 758
483 765
172 605
184 989
826 987
563 859
267 438
531 536
877 945
34 525
382 938
666 810
258 920
580 801
282 345
446 955
162 902
829 884
795 883
315 966
563 633
430 576
841 895
473 821
509 516
591 762
354 922
158 974
285 734
365 400
365 987
756 938
261 884
406 905
838 908
900 905
317 862
363 445
735 888
666 932
284 857
891 995
456 888
382 762
737 908
554 586
244 767
522 966
406 785
674 781
469 869
809 965
383 894
21 487
745 967
584 738
295 967
816 896
853 944
222 641
799 905
638 706
710 746
179 923
658 900
684 900
758 829
904 967
319 382
375 518
527 666
717 749
831 836
687 949
639 785
985 999
713 971
73 977
745 857
559 666
825 959
538 995
228 973
101 345
672 869
763 932
30 997
358 909
342 971
968 977
247 415
527 739
144 963
661 958
349 908
426 814
745 945
717 812
645 933
226 777
546 917
302 594
655 927
32 999
140 819
231 882
92 866
694 947
837 937
968 984
255 808
400 453
385 656
397 669
786 828
621 941
710 829
363 965
592 701
409 910
157 568
304 527
251 776
397 948
52 900
903 949
794 980
211 826
30 983
879 897
526 994
51 971
217 938
252 946
438 695
610 659
23 918
600 836
931 937
756 772
388 929
98 964
796 856
804 934
658 857
54 955
20 895
75 937
519 920
807 813
43 125
81 895
84 969
446 671
659 672
308 785
349 443
538 879
408 990
903 963
778 900
671 882
158 579
603 856
510 523
455 819
96 880
15 879
749 843
933 958
284 713
847 969
226 901
672 732
766 795
767 904
588 987
642 658
258 501
830 872
8 191
744 745
361 779
568 908
586 602
293 375
816 971
284 593
395 638
838 989
363 936
422 739
884 989
172 433
819 938
734 856
776 983
249 920
395 860
767 945
127 923
328 990
937 944
754 883
67 443
196 843
379 509
765 806
56 968
38 744
93 477
24 102
119 904
979 987
923 934
191 812
105 720
606 734
403 820
795 899
522 713
796 933
302 625
836 839
70 765
897 973
769 816
826 835
150 964
251 901
730 938
489 536
74 950
658 981
767 958
790 960
140 999
14 952
843 854
588 856
606 822
625 671
864 870
758 925
677 904
717 962
684 814
600 975
418 566
626 883
897 966
422 987
226 475
445 965
667 764
361 877
434 812
754 869
760 975
221 943
458 790
295 578
884 955
778 779
677 945
713 899
944 954
342 479
809 877
856 987
767 940
790 978
420 857
664 877
132 707
519 522
760 982
541 794
778 931
415 710
56 989
534 758
261 679
260 945
443 793
815 959
82 794
655 934
456 668
293 929
628 978
789 812
281 765
618 702
158 832
434 847
610 939
296 319
591 737
226 928
705 901
501 703
694 746
127 959
438 830
918 953
668 772
641 814
324 987
469 808
790 836
518 920
579 839
669 985
512 610
416 508
715 913
392 800
374 677
371 587
694 749
734 974
520 938
562 839
526 986
587 853
786 895
877 958
626 949
91 969
745 891
706 860
639 708
983 988
586 806
342 751
239 641
536 921
663 853
955 977
317 931
266 695
377 802
413 879
808 932
113 808
298 906
510 901
805 944
221 947
666 669
423 903
800 934
270 864
93 879
723 853
32 564
664 986
365 848
223 849
741 857
760 899
559 999
196 706
602 845
34 667
433 510
225 746
119 891
667 904
104 901
157 602
748 931
287 971
911 923
145 339
74 75
664 946
789 832
518 715
773 902
792 966
395 791
352 931
557 896
667 726
271 756
880 926
805 977
113 510
61 715
150 563
483 959
82 870
851 985
507 706
536 895
352 860
497 786
919 921
777 928
791 964
695 841
483 669
870 982
515 600
552 803
438 866
588 591
760 913
794 864
377 934
926 983
90 904
20 518
483 932
523 902
778 841
618 959
905 908
533 960
509 819
403 772
354 756
230 852
266 789
270 430
577 949
957 977
46 869
301 728
903 990
136 999
391 796
215 743
469 877
660 848
664 745
592 902
188 971
605 896
24 770
167 906
779 946
302 584
446 941
853 952
971 977
54 983
934 966
829 926
705 987
284 936
240 723
685 928
380 880
863 869
21 931
663 937
64 235
906 942
836 982
110 663
25 926
188 945
227 758
758 983
902 903
36 976
26 932
577 903
265 723
231 706
70 243
291 687
588 628
442 705
926 968
656 886
606 848
75 853
350 473
906 937
104 302
672 918
807 934
132 964
332 684
266 782
671 941
818 902
677 891
911 964
221 453
499 872
119 304
301 429
765 937
949 956
438 846
455 932
830 895
651 725
891 895
163 421
555 999
370 739
339 817
285 437
777 965
446 838
802 967
911 973
117 887
395 801
198 664
839 938
679 829
26 985
426 905
62 769
359 879
857 900
594 890
987 994
52 996
324 769
534 579
849 901
884 983
186 878
633 798
738 998
756 780
779 990
412 937
345 793
602 995
456 820
366 897
661 767
684 977
479 674
776 977
856 960
319 960
730 985
221 669
366 880
702 718
296 801
547 562
119 946
579 869
804 838
342 781
507 757
22 655
829 955
190 800
959 999
945 967
893 905
175 830
179 964
733 864
147 751
612 631
591 701
673 989
328 814
491 967
240 944
136 715
308 969
442 906
27 867
527 566
159 189
513 982
533 864
293 518
773 967
279 756
409 794
125 931
595 776
62 826
569 677
255 400
660 769
421 921
807 835
864 982
417 772
34 778
291 831
612 918
630 872
831 953
174 695
92 964
734 986
661 891
223 339
483 916
559 938
746 786
311 812
23 946
673 856
267 939
198 422
180 181
921 953
538 610
244 989
391 959
263 906
835 966
217 757
551 808
849 882
6 713
406 674
333 834
135 442
299 958
808 863
879 938
113 578
645 730
445 643
64 990
235 973
958 963
227 884
125 663
71 831
106 965
340 940
767 967
271 985
56 369
438 497
79 607
298 921
157 812
377 896
891 945
748 862
895 921
732 928
37 989
363 578
749 911
536 868
132 602
520 563
522 795
172 510
559 754
927 949
987 988
293 937
737 757
403 668
633 964
891 985
514 778
862 976
123 855
52 748
328 994
282 873
587 852
200 753
817 838
106 113
674 969
515 938
539 902
633 973
460 863
562 934
357 757
374 870
641 960
626 715
715 870
664 980
679 884
294 777
189 967
541 883
546 863
669 755
547 628
566 869
163 808
883 975
220 884
284 473
433 817
512 962
477 552
495 642
638 860
824 835
694 978
767 877
296 390
630 988
738 942
848 851
333 917
577 929
685 757
849 973
748 820
638 687
345 849
128 692
127 964
91 751
610 949
734 953
879 974
526 933
538 734
302 564
84 751
564 594
159 255
344 863
658 769
366 977
243 816
945 958
247 695
658 912
860 929
664 802
38 429
421 630
388 674
687 816
947 991
497 896
538 694
227 776
489 895
660 818
239 814
98 551
188 933
745 877
174 959
287 947
287 526
223 817
593 642
618 666
413 889
433 525
895 981
414 903
551 695
660 987
628 685
774 777
866 870
361 374
20 489
541 975
626 982
606 783
423 941
598 883
643 947
899 912
406 736
577 948
228 960
727 947
255 804
901 973
869 943
66 908
38 302
541 968
559 866
56 911
576 880
832 863
605 816
938 945
645 971
226 296
31 849
765 918
345 685
342 969
820 832
53 965
866 888
794 883
122 997
508 955
569 820
499 552
523 625
526 816
802 946
270 836
586 845
24 953
479 781
776 829
300 990
230 982
891 904
359 694
123 937
162 539
43 926
289 370
643 863
880 955
220 737
540 717
595 983
211 990
94 821
849 906
390 960
27 902
928 940
913 921
663 728
831 927
577 927
926 929
491 834
844 966
258 554
244 733
578 855
103 113
106 730
606 856
37 579
717 843
576 982
811 967
265 949
840 843
159 986
625 834
864 971
799 990
174 994
46 791
417 895
128 758
291 719
129 985
186 666
385 631
557 836
926 936
839 933
808 893
520 923
264 975
11 167
807 966
207 778
723 927
598 918
841 931
110 999
642 737
75 928
369 501
684 978
795 804
460 926
30 370
123 265
664 787
845 876
862 922
385 761
591 695
174 786
391 888
395 739
656 663
181 799
937 990
960 990
25 968
551 943
422 860
946 999
48 891
30 959
658 841
31 743
90 983
159 659
255 974
288 750
458 915
790 975
718 982
651 901
344 879
487 658
626 999
317 900
301 383
546 974
215 947
737 857
388 722
391 985
418 684
239 905
184 822
220 922
222 914
385 715
705 766
651 752
48 523
229 964
358 808
933 966
207 737
527 905
415 788
417 938
568 726
692 968
921 951
59 896
538 943
562 899
67 822
328 426
369 803
260 739
409 738
51 628
584 794
531 830
397 491
734 987
371 944
120 518
595 784
836 913
306 829
933 975
642 931
379 823
638 801
843 990
932 936
703 879
263 901
252 512
891 955
106 295
74 371
293 845
311 951
554 754
576 913
496 965
243 371
191 837
417 932
249 969
636 774
584 953
734 826
352 921
705 923
379 999
381 547
827 863
429 908
671 838
94 866
758 996
230 760
764 814
231 860
569 885
122 730
655 990
412 924
605 842
819 913
453 974
557 915
299 943
265 531
38 264
832 974
101 908
135 678
361 983
358 643
692 829
513 723
749 903
612 853
665 904
357 830
639 710
584 600
519 845
665 710
701 938
392 809
587 949
74 832
953 981
737 894
460 943
564 822
217 888
713 835
473 857
720 983
21 900
756 935
390 685
905 927
156 858
751 876
300 621
779 904
551 894
219 497
93 162
59 933
618 866
835 933
143 866
408 421
869 947
799 812
249 845
874 879
898 974
408 799
409 458
359 943
568 838
900 909
706 739
927 931
508 775
713 934
899 933
328 905
0 678
612 953
84 785
74 414
266 921
896 971
533 965
790 870
60 986
856 873
52 931
606 660
592 867
538 924
920 922
479 785
617 893
191 568
548 674
239 527
684 904
25 880
593 931
580 899
266 477
416 540
515 888
816 899
526 807
35 840
219 785
666 938
870 975
642 841
26 963
298 531
175 903
220 857
497 945
661 946
738 849
595 968
685 822
30 718
489 872
772 974
586 835
643 955
594 621
514 737
587 598
53 521
163 895
181 905
383 920
332 926
809 939
860 911
840 975
175 908
240 927
437 795
687 959
279 930
804 812
279 612
230 836
32 53
514 841
418 968
59 966
439 866
264 883
301 434
157 429
659 663
832 896
377 959
491 989
390 822
429 980
158 743
73 960
101 812
339 923
636 643
730 802
420 931
520 774
311 523
455 934
23 802
379 932
782 960
358 781
669 999
281 990
125 180
487 813
293 920
739 895
180 977
344 469
201 588
96 533
267 630
200 595
228 884
531 914
289 984
93 947
371 836
564 669
267 897
289 518
513 937
513 540
566 989
473 514
896 933
884 977
816 934
569 959
487 748
659 829
135 901
172 913
264 872
839 925
881 974
381 944
281 831
140 569
749 944
331 795
745 914
651 911
598 831
607 679
370 985
594 770
496 809
70 761
767 813
845 915
831 949
79 495
512 672
656 965
801 822
555 959
628 671
937 949
793 838
496 578
557 966
413 621
70 923
201 856
308 548
94 903
222 230
902 969
501 911
541 626
508 983
179 817
53 349
456 618
935 953
455 612
445 600
412 953
822 928
767 810
610 925
347 801
101 721
765 843
287 795
188 775
641 643
491 958
37 945
186 918
308 357
145 973
369 849
496 807
779 967
104 973
412 944
843 937
241 641
718 760
920 985
426 533
776 968
541 877
879 943
630 665
446 521
430 760
900 931
672 962
285 987
713 896
201 987
626 790
241 809
938 999
375 674
525 667
391 516
841 862
219 261
610 943
75 591
826 848
157 849
512 832
416 884
555 617
455 888
888 932
196 931
340 712
317 744
600 817
140 871
34 510
631 730
781 969
854 860
656 914
804 971
513 831
54 547
953 970
418 445
555 721
43 389
799 816
672 754
679 977
499 970
81 219
392 965
460 636
580 638
73 527
240 265
628 949
475 594
521 547
477 927
24 656
403 996
739 801
317 737
11 954
46 986
853 927
489 786
129 926
332 758
365 714
651 817
928 981
198 860
414 937
822 908
308 862
437 899
521 842
315 804
73 679
516 999
518 519
547 907
489 906
145 536
516 569
350 752
723 992
651 985
713 955
783 973
695 895
61 927
685 762
559 618
651 822
125 418
94 217
576 584
27 128
48 592
190 607
598 765
711 849
103 636
198 940
60 965
81 102
282 564
389 880
977 998
215 546
630 978
352 357
369 886
656 903
287 860
606 993
71 949
664 989
433 991
694 754
883 982
779 819
136 836
943 955
857 971
162 787
415 872
752 901
491 904
757 759
665 921
374 967
0 520
519 834
829 880
522 645
819 999
71 946
848 987
904 989
857 931
340 817
642 999
117 928
687 931
852 866
51 795
181 228
519 810
294 397
296 625
331 984
385 487
738 975
934 971
756 852
406 751
392 735
66 768
563 911
144 954
414 901
400 921
516 820
754 862
926 986
229 906
709 927
943 984
144 969
808 811
71 749
313 794
361 946
674 888
495 667
96 960
388 969
331 977
779 958
227 717
802 958
240 832
630 807
717 903
98 943
671 757
856 992
708 734
734 769
127 520
370 866
261 977
832 947
67 926
122 617
379 455
380 884
14 975
91 958
757 908
188 966
11 839
746 872
175 568
645 952
973 976
483 831
304 960
304 533
271 997
630 830
421 809
26 533
298 965
540 927
724 982
965 977
656 995
788 830
509 555
136 913
105 953
14 982
8 908
522 839
211 987
267 925
710 830
90 776
769 934
884 965
631 749
211 222
836 864
