0 143
0 151
0 158
0 196
0 197
1 38
1 60
1 168
1 179
1 181
2 137
2 163
2 184
2 190
2 191
3 73
3 77
3 126
3 174
3 191
4 97
4 107
4 119
4 172
4 199
5 142
5 165
5 166
5 185
5 192
6 34
6 58
6 97
6 107
6 192
7 73
7 159
7 175
7 195
7 197
8 94
8 134
8 156
8 168
8 172
9 90
9 165
9 178
9 185
9 190
10 79
10 153
10 173
10 195
10 198
11 26
11 126
11 170
11 180
11 182
12 112
12 118
12 131
12 154
12 182
13 54
13 134
13 184
13 189
13 191
14 78
14 175
14 186
14 196
14 198
15 115
15 134
15 168
15 173
15 176
16 167
16 169
16 175
16 180
16 196
17 124
17 164
17 169
17 178
17 199
18 51
18 88
18 123
18 192
18 193
19 81
19 131
19 170
19 172
19 182
20 30
20 66
20 121
20 143
20 157
21 146
21 175
21 177
21 181
21 183
22 102
22 148
22 163
22 174
22 198
23 109
23 140
23 143
23 159
23 187
24 126
24 161
24 184
24 195
24 199
25 68
25 137
25 159
25 191
25 193
26 11
26 74
26 128
26 131
26 182
27 125
27 138
27 168
27 169
27 172
28 49
28 53
28 164
28 173
28 191
29 125
29 155
29 164
29 170
29 192
30 20
30 107
30 111
30 176
30 193
31 60
31 65
31 143
31 166
31 167
32 111
32 133
32 146
32 162
32 168
33 47
33 52
33 64
33 126
33 133
34 6
34 44
34 84
34 119
34 177
35 50
35 96
35 152
35 180
35 189
36 148
36 160
36 174
36 176
36 183
37 86
37 114
37 156
37 180
37 195
38 1
38 87
38 170
38 177
38 181
39 46
39 107
39 119
39 164
39 184
40 148
40 152
40 193
40 195
40 199
41 109
41 156
41 171
41 173
41 185
42 63
42 126
42 130
42 180
42 189
43 140
43 162
43 182
43 194
43 197
44 34
44 107
44 119
44 155
44 191
45 103
45 111
45 163
45 176
45 184
46 39
46 61
46 97
46 166
46 197
47 33
47 125
47 161
47 177
47 187
48 109
48 175
48 180
48 184
48 196
48 199
49 28
49 64
49 101
49 128
49 155
49 191
50 35
50 132
50 141
50 156
50 174
50 198
51 18
51 106
51 113
51 117
51 152
51 167
52 33
52 94
52 142
52 145
52 192
52 197
53 28
53 136
53 155
53 186
53 197
53 198
54 13
54 120
54 163
54 168
54 184
54 188
55 83
55 112
55 153
55 156
55 165
55 171
56 70
56 106
56 133
56 138
56 187
56 199
57 78
57 153
57 175
57 178
57 185
57 195
58 6
58 87
58 116
58 160
58 177
58 183
59 72
59 110
59 140
59 147
59 158
59 190
60 1
60 31
60 123
60 169
60 181
60 182
61 46
61 97
61 122
61 153
61 180
61 184
62 147
62 158
62 179
62 188
62 193
62 195
63 42
63 78
63 134
63 159
63 170
63 182
64 33
64 49
64 167
64 173
64 181
64 194
65 31
65 80
65 112
65 170
65 182
65 184
66 20
66 120
66 159
66 165
66 173
66 194
67 160
67 170
67 177
67 181
67 183
67 193
68 25
68 73
68 90
68 101
68 130
68 189
69 92
69 142
69 151
69 162
69 194
69 197
70 56
70 125
70 146
70 174
70 191
70 199
71 84
71 140
71 157
71 177
71 185
71 191
72 59
72 90
72 168
72 175
72 196
72 198
73 3
73 7
73 68
73 116
73 121
73 152
74 26
74 91
74 110
74 126
74 161
74 162
74 168
75 92
75 99
75 138
75 150
75 152
75 192
75 195
76 85
76 92
76 100
76 138
76 140
76 176
76 187
77 3
77 130
77 147
77 157
77 159
77 186
77 188
78 14
78 57
78 63
78 104
78 109
78 123
78 198
79 10
79 81
79 92
79 153
79 157
79 169
79 195
80 65
80 112
80 170
80 182
80 186
80 193
80 194
81 19
81 79
81 149
81 153
81 185
81 192
81 197
82 113
82 143
82 145
82 147
82 158
82 187
82 199
83 55
83 88
83 102
83 161
83 186
83 190
83 197
84 34
84 71
84 108
84 115
84 181
84 183
84 184
85 76
85 96
85 104
85 106
85 183
85 186
85 192
86 37
86 140
86 144
86 151
86 179
86 180
86 198
87 38
87 58
87 96
87 129
87 163
87 183
87 185
88 18
88 83
88 113
88 149
88 164
88 177
88 194
89 148
89 149
89 166
89 169
89 179
89 195
89 196
90 9
90 68
90 72
90 117
90 120
90 147
90 178
91 74
91 123
91 131
91 155
91 164
91 168
91 192
92 69
92 75
92 76
92 79
92 118
92 174
92 193
93 94
93 102
93 122
93 127
93 164
93 188
93 192
94 8
94 52
94 93
94 95
94 155
94 192
94 196
95 94
95 136
95 171
95 176
95 179
95 188
95 193
96 35
96 85
96 87
96 113
96 115
96 132
96 149
96 183
97 4
97 6
97 46
97 61
97 105
97 118
97 119
97 146
98 125
98 137
98 152
98 187
98 188
98 191
98 197
98 199
99 75
99 109
99 186
99 187
99 190
99 194
99 197
99 198
100 76
100 144
100 157
100 176
100 194
100 197
100 198
100 199
101 49
101 68
101 146
101 159
101 160
101 181
101 183
101 199
102 22
102 83
102 93
102 121
102 148
102 169
102 179
102 194
103 45
103 141
103 145
103 157
103 190
103 193
103 195
103 196
104 78
104 85
104 117
104 135
104 138
104 177
104 186
104 197
105 97
105 114
105 143
105 147
105 180
105 188
105 189
105 196
106 51
106 56
106 85
106 165
106 179
106 192
106 193
106 199
107 4
107 6
107 30
107 39
107 44
107 121
107 141
107 155
108 84
108 111
108 132
108 161
108 162
108 167
108 173
108 191
109 23
109 41
109 48
109 78
109 99
109 121
109 180
109 198
110 59
110 74
110 111
110 135
110 161
110 175
110 190
110 196
111 30
111 32
111 45
111 108
111 110
111 158
111 186
111 198
112 12
112 55
112 65
112 80
112 118
112 170
112 182
112 188
113 51
113 82
113 88
113 96
113 124
113 159
113 187
113 199
114 37
114 105
114 160
114 169
114 171
114 178
114 187
114 195
115 15
115 84
115 96
115 160
115 176
115 177
115 181
115 192
116 58
116 73
116 135
116 137
116 141
116 150
116 153
116 183
117 51
117 90
117 104
117 124
117 170
117 182
117 190
117 196
118 12
118 92
118 97
118 112
118 135
118 138
118 166
118 187
118 188
119 4
119 34
119 39
119 44
119 97
119 141
119 151
119 174
119 190
120 54
120 66
120 90
120 130
120 141
120 151
120 167
120 189
120 190
121 20
121 73
121 102
121 107
121 109
121 128
121 148
121 181
121 198
122 61
122 93
122 123
122 133
122 155
122 158
122 160
122 164
122 192
123 18
123 60
123 78
123 91
123 122
123 133
123 142
123 159
123 192
124 17
124 113
124 117
124 136
124 149
124 165
124 181
124 185
124 193
125 27
125 29
125 47
125 70
125 98
125 132
125 151
125 168
125 191
126 3
126 11
126 24
126 33
126 42
126 74
126 173
126 174
126 182
127 93
127 131
127 133
127 136
127 165
127 171
127 178
127 191
127 195
128 26
128 49
128 121
128 139
128 153
128 186
128 188
128 193
128 199
129 87
129 134
129 137
129 139
129 146
129 150
129 172
129 173
129 198
130 42
130 68
130 77
130 120
130 136
130 180
130 189
130 196
130 198
131 12
131 19
131 26
131 91
131 127
131 148
131 170
131 182
131 194
132 50
132 96
132 108
132 125
132 158
132 165
132 175
132 184
132 190
133 32
133 33
133 56
133 122
133 123
133 127
133 142
133 155
133 166
133 192
134 8
134 13
134 15
134 63
134 129
134 161
134 167
134 178
134 186
134 191
135 104
135 110
135 116
135 118
135 137
135 150
135 173
135 188
135 196
135 199
136 53
136 95
136 124
136 127
136 130
136 150
136 156
136 169
136 185
136 195
137 2
137 25
137 98
137 116
137 129
137 135
137 147
137 176
137 194
137 198
138 27
138 56
138 75
138 76
138 104
138 118
138 187
138 188
138 195
138 197
139 128
139 129
139 142
139 158
139 173
139 174
139 179
139 184
139 196
139 199
140 23
140 43
140 59
140 71
140 76
140 86
140 143
140 161
140 194
140 198
141 50
141 103
141 107
141 116
141 119
141 120
141 158
141 163
141 187
141 189
142 5
142 52
142 69
142 123
142 133
142 139
142 145
142 164
142 189
142 192
143 0
143 20
143 23
143 31
143 82
143 105
143 140
143 144
143 194
143 197
144 86
144 100
144 143
144 145
144 157
144 164
144 181
144 194
144 197
144 198
145 52
145 82
145 103
145 142
145 144
145 163
145 175
145 189
145 190
145 196
146 21
146 32
146 70
146 97
146 101
146 129
146 149
146 162
146 172
146 174
146 193
147 59
147 62
147 77
147 82
147 90
147 105
147 137
147 159
147 169
147 187
147 194
148 22
148 36
148 40
148 89
148 102
148 121
148 131
148 151
148 182
148 186
148 194
149 81
149 88
149 89
149 96
149 124
149 146
149 169
149 178
149 188
149 192
149 195
150 75
150 116
150 129
150 135
150 136
150 175
150 182
150 187
150 188
150 193
150 199
151 0
151 69
151 86
151 119
151 120
151 125
151 148
151 171
151 183
151 194
151 197
152 35
152 40
152 51
152 73
152 75
152 98
152 153
152 163
152 176
152 187
152 189
153 10
153 55
153 57
153 61
153 79
153 81
153 116
153 128
153 152
153 173
153 178
154 12
154 171
154 172
154 173
154 182
154 187
154 190
154 191
154 192
154 193
154 199
155 29
155 44
155 49
155 53
155 91
155 94
155 107
155 122
155 133
155 159
155 164
155 192
156 8
156 37
156 41
156 50
156 55
156 136
156 175
156 179
156 185
156 191
156 194
156 195
157 20
157 71
157 77
157 79
157 100
157 103
157 144
157 166
157 167
157 172
157 189
157 191
157 193
158 0
158 59
158 62
158 82
158 111
158 122
158 132
158 139
158 141
158 175
158 189
158 190
158 198
159 7
159 23
159 25
159 63
159 66
159 77
159 101
159 113
159 123
159 147
159 155
159 187
159 199
160 36
160 58
160 67
160 101
160 114
160 115
160 122
160 165
160 177
160 178
160 181
160 183
160 186
161 24
161 47
161 74
161 83
161 108
161 110
161 134
161 140
161 163
161 172
161 174
161 182
161 191
161 196
162 32
162 43
162 69
162 74
162 108
162 146
162 168
162 173
162 174
162 178
162 187
162 190
162 191
162 197
163 2
163 22
163 45
163 54
163 87
163 141
163 145
163 152
163 161
163 175
163 179
163 190
163 193
163 196
164 17
164 28
164 29
164 39
164 88
164 91
164 93
164 122
164 142
164 144
164 155
164 166
164 170
164 192
165 5
165 9
165 55
165 66
165 106
165 124
165 127
165 132
165 160
165 166
165 169
165 171
165 195
165 198
166 5
166 31
166 46
166 89
166 118
166 133
166 157
166 164
166 165
166 169
166 176
166 177
166 192
166 194
167 16
167 31
167 51
167 64
167 108
167 120
167 134
167 157
167 179
167 185
167 189
167 193
167 195
167 199
168 1
168 8
168 15
168 27
168 32
168 54
168 72
168 74
168 91
168 125
168 162
168 172
168 173
168 187
168 194
169 16
169 17
169 27
169 60
169 79
169 89
169 102
169 114
169 136
169 147
169 149
169 165
169 166
169 171
169 185
170 11
170 19
170 29
170 38
170 63
170 65
170 67
170 80
170 112
170 117
170 131
170 164
170 176
170 182
170 183
171 41
171 55
171 95
171 114
171 127
171 151
171 154
171 165
171 169
171 178
171 183
171 185
171 187
171 195
171 197
172 4
172 8
172 19
172 27
172 129
172 146
172 154
172 157
172 161
172 168
172 174
172 180
172 181
172 188
172 199
173 10
173 15
173 28
173 41
173 64
173 66
173 108
173 126
173 129
173 135
173 139
173 153
173 154
173 162
173 168
173 193
174 3
174 22
174 36
174 50
174 70
174 92
174 119
174 126
174 139
174 146
174 161
174 162
174 172
174 184
174 188
174 198
175 7
175 14
175 16
175 21
175 48
175 57
175 72
175 110
175 132
175 145
175 150
175 156
175 158
175 163
175 184
175 196
176 15
176 30
176 36
176 45
176 76
176 95
176 100
176 115
176 137
176 152
176 166
176 170
176 183
176 187
176 188
176 199
177 21
177 34
177 38
177 47
177 58
177 67
177 71
177 88
177 104
177 115
177 160
177 166
177 179
177 181
177 183
177 197
178 9
178 17
178 57
178 90
178 114
178 127
178 134
178 149
178 153
178 160
178 162
178 171
178 183
178 185
178 190
178 195
179 1
179 62
179 86
179 89
179 95
179 102
179 106
179 139
179 156
179 163
179 167
179 177
179 185
179 188
179 193
179 195
179 196
180 11
180 16
180 35
180 37
180 42
180 48
180 61
180 86
180 105
180 109
180 130
180 172
180 184
180 189
180 190
180 193
180 196
181 1
181 21
181 38
181 60
181 64
181 67
181 84
181 101
181 115
181 121
181 124
181 144
181 160
181 172
181 177
181 183
181 184
182 11
182 12
182 19
182 26
182 43
182 60
182 63
182 65
182 80
182 112
182 117
182 126
182 131
182 148
182 150
182 154
182 161
182 170
183 21
183 36
183 58
183 67
183 84
183 85
183 87
183 96
183 101
183 116
183 151
183 160
183 170
183 171
183 176
183 177
183 178
183 181
183 188
184 2
184 13
184 24
184 39
184 45
184 48
184 54
184 61
184 65
184 84
184 132
184 139
184 174
184 175
184 180
184 181
184 185
184 189
184 190
185 5
185 9
185 41
185 57
185 71
185 81
185 87
185 124
185 136
185 156
185 167
185 169
185 171
185 178
185 179
185 184
185 186
185 189
185 195
185 196
186 14
186 53
186 77
186 80
186 83
186 85
186 99
186 104
186 111
186 128
186 134
186 148
186 160
186 185
186 189
186 191
186 192
186 194
186 197
186 198
187 23
187 47
187 56
187 76
187 82
187 98
187 99
187 113
187 114
187 118
187 138
187 141
187 147
187 150
187 152
187 154
187 159
187 162
187 168
187 171
187 176
188 54
188 62
188 77
188 93
188 95
188 98
188 105
188 112
188 118
188 128
188 135
188 138
188 149
188 150
188 172
188 174
188 176
188 179
188 183
188 189
188 199
189 13
189 35
189 42
189 68
189 105
189 120
189 130
189 141
189 142
189 145
189 152
189 157
189 158
189 167
189 180
189 184
189 185
189 186
189 188
189 196
189 197
190 2
190 9
190 59
190 83
190 99
190 103
190 110
190 117
190 119
190 120
190 132
190 145
190 154
190 158
190 162
190 163
190 178
190 180
190 184
190 191
190 196
191 2
191 3
191 13
191 25
191 28
191 44
191 49
191 70
191 71
191 98
191 108
191 125
191 127
191 134
191 154
191 156
191 157
191 161
191 162
191 186
191 190
192 5
192 6
192 18
192 29
192 52
192 75
192 81
192 85
192 91
192 93
192 94
192 106
192 115
192 122
192 123
192 133
192 142
192 149
192 154
192 155
192 164
192 166
192 186
193 18
193 25
193 30
193 40
193 62
193 67
193 80
193 92
193 95
193 103
193 106
193 124
193 128
193 146
193 150
193 154
193 157
193 163
193 167
193 173
193 179
193 180
193 194
193 199
194 43
194 64
194 66
194 69
194 80
194 88
194 99
194 100
194 102
194 131
194 137
194 140
194 143
194 144
194 147
194 148
194 151
194 156
194 166
194 168
194 186
194 193
194 197
194 198
195 7
195 10
195 24
195 37
195 40
195 57
195 62
195 75
195 79
195 89
195 103
195 114
195 127
195 136
195 138
195 149
195 156
195 165
195 167
195 171
195 178
195 179
195 185
195 199
196 0
196 14
196 16
196 48
196 72
196 89
196 94
196 103
196 105
196 110
196 117
196 130
196 135
196 139
196 145
196 161
196 163
196 175
196 179
196 180
196 185
196 189
196 190
196 197
196 198
197 0
197 7
197 43
197 46
197 52
197 53
197 69
197 81
197 83
197 98
197 99
197 100
197 104
197 138
197 143
197 144
197 151
197 162
197 171
197 177
197 186
197 189
197 194
197 196
197 198
198 10
198 14
198 22
198 50
198 53
198 72
198 78
198 86
198 99
198 100
198 109
198 111
198 121
198 129
198 130
198 137
198 140
198 144
198 158
198 165
198 174
198 186
198 194
198 196
198 197
199 4
199 17
199 24
199 40
199 48
199 56
199 70
199 82
199 98
199 100
199 101
199 106
199 113
199 128
199 135
199 139
199 150
199 154
199 159
199 167
199 172
199 176
199 188
199 193
199 195
