115 177
89 166
52 94
57 185
8 168
79 169
129 139
129 173
67 181
37 180
60 123
139 184
170 182
81 197
17 124
85 192
106 199
128 153
139 158
27 172
40 148
75 152
160 181
118 187
38 170
10 153
133 142
33 126
176 199
96 149
168 173
8 94
87 96
179 195
29 155
85 186
153 178
186 192
172 199
19 131
40 199
93 164
157 166
122 155
17 169
150 187
79 195
135 173
11 26
122 133
101 181
146 149
55 153
101 159
75 150
167 179
181 184
185 189
36 174
11 180
94 196
95 179
180 193
177 181
24 184
171 178
27 169
88 149
172 181
173 193
31 167
128 186
171 195
41 156
118 166
38 177
136 185
67 183
150 175
124 181
156 194
166 194
37 156
114 171
176 183
5 185
9 190
118 135
160 183
139 199
161 182
149 169
122 158
101 160
123 159
139 179
12 131
80 170
26 182
135 199
1 168
166 177
178 190
62 195
79 92
185 186
149 178
164 170
114 195
165 171
65 112
19 81
92 193
139 142
62 158
89 149
122 123
178 185
64 167
60 181
176 187
9 178
150 193
185 195
91 131
165 195
179 188
131 182
122 160
67 170
154 182
151 171
87 183
11 182
29 192
163 193
33 133
88 194
85 96
81 192
21 183
15 168
193 199
115 181
128 188
185 196
8 172
171 197
160 178
126 173
164 166
26 131
166 192
27 138
1 179
114 169
40 152
64 181
172 174
89 179
152 176
167 185
153 173
65 170
115 160
155 159
79 81
41 173
87 163
92 174
76 176
62 179
127 191
114 160
55 156
49 128
127 133
101 146
80 194
79 157
9 165
62 193
116 150
88 177
136 169
24 195
179 185
154 173
165 169
17 199
162 178
129 198
138 187
178 183
75 138
15 173
10 173
129 146
150 199
58 177
29 164
150 182
36 176
123 133
135 188
136 156
21 181
154 193
146 162
37 114
112 182
57 195
9 185
37 195
49 64
181 183
38 181
154 191
156 175
89 195
18 193
76 187
168 172
170 176
67 193
92 118
106 193
65 182
5 165
64 173
52 192
28 173
128 193
116 183
138 197
89 196
161 172
67 160
157 193
81 185
91 123
146 174
56 138
146 193
94 155
28 164
165 198
142 164
57 153
75 195
112 118
91 164
154 171
133 155
12 182
131 194
55 112
123 142
95 176
49 191
163 179
1 60
93 122
95 193
193 194
136 195
172 180
115 176
55 171
85 183
38 87
15 115
17 164
11 170
178 195
129 172
126 174
170 183
10 195
91 192
124 136
156 179
139 196
149 192
40 193
58 160
101 199
75 92
157 172
8 156
91 168
169 185
127 178
96 115
135 196
19 182
166 176
49 101
56 133
12 112
177 183
135 150
138 195
96 183
31 65
36 160
167 199
76 138
36 148
138 188
21 175
177 179
146 172
79 153
93 127
112 188
118 138
24 126
93 188
156 191
160 186
24 199
65 80
149 188
184 185
169 171
124 193
155 164
139 174
67 177
76 92
93 94
188 189
10 198
10 79
124 149
27 168
19 170
21 146
33 52
31 166
55 165
65 184
80 112
116 153
129 150
148 182
122 192
60 169
160 177
116 135
5 192
64 194
106 179
93 192
126 182
156 195
85 106
94 95
87 129
21 177
195 199
112 170
11 126
159 199
52 197
31 60
40 195
154 187
142 192
1 181
58 87
12 154
56 187
179 196
80 193
1 38
133 192
49 155
171 185
123 192
57 178
131 170
151 183
160 165
41 185
154 172
87 185
177 197
106 165
58 116
94 192
167 193
127 165
89 148
127 131
33 64
12 118
166 169
28 49
18 123
60 182
176 188
156 185
95 136
62 188
36 183
124 185
52 142
95 188
127 136
18 88
154 192
171 183
19 172
24 161
89 169
28 191
91 155
88 164
149 195
81 149
41 171
154 190
115 192
188 199
56 106
17 178
18 192
76 85
127 171
56 199
165 166
26 128
80 182
106 192
179 193
15 176
5 166
57 175
118 188
127 195
164 192
174 188
101 183
124 165
155 192
114 187
128 139
171 187
172 188
142 189
58 183
29 170
128 199
75 192
81 153
122 164
150 188
139 173
95 171
167 195
133 166
136 150
183 188
5 142
152 153
162 173
80 186
114 178
154 199
