149 379
263 268
241 317
301 314
318 395
230 281
1 201
37 320
84 147
68 309
155 351
88 395
2 78
28 396
85 146
156 187
193 380
249 318
109 280
370 386
19 391
220 362
62 162
10 371
78 120
235 322
252 266
279 372
283 367
172 305
183 268
231 331
339 352
301 383
283 284
6 336
103 322
272 359
2 295
148 195
89 376
272 381
129 388
165 376
193 339
10 385
287 352
201 314
111 214
296 376
95 243
103 391
205 380
89 302
35 147
23 364
70 395
138 390
160 300
92 200
213 388
138 379
188 353
67 230
88 353
150 252
321 349
28 275
111 241
296 345
50 108
78 190
193 247
215 232
127 346
205 283
227 393
120 205
49 247
30 275
73 370
311 365
126 219
284 305
162 220
245 352
88 348
34 383
284 394
100 271
19 379
214 275
48 150
131 220
192 266
245 394
272 341
7 380
263 349
362 386
48 305
193 386
90 148
305 394
174 249
119 392
223 347
19 162
130 310
129 392
121 224
37 379
104 209
31 190
309 364
75 236
263 392
283 348
353 395
215 324
321 354
377 381
149 346
168 373
108 280
364 383
318 325
41 379
87 298
79 377
256 271
152 336
365 399
200 330
88 367
284 341
340 359
73 100
75 376
15 174
62 274
4 129
98 100
11 70
127 149
192 221
133 223
204 385
296 365
129 300
346 379
380 381
192 243
6 191
58 188
27 70
99 235
87 340
264 308
27 362
255 365
97 358
347 395
277 326
89 213
142 386
103 392
10 156
186 339
32 353
41 346
106 357
343 348
295 336
168 273
149 273
200 369
362 381
109 330
30 344
347 381
79 364
25 190
202 331
144 222
295 388
199 208
354 386
374 394
62 216
205 352
46 299
186 346
252 394
199 397
213 311
200 233
321 392
38 343
132 195
354 367
135 381
85 237
249 394
301 374
373 378
208 298
111 130
135 283
263 358
348 380
190 279
98 118
321 339
359 381
320 321
358 359
271 343
20 152
220 348
177 385
321 367
343 372
185 365
377 378
377 385
155 325
27 96
279 388
299 304
40 88
314 385
243 285
348 349
6 255
28 245
138 399
30 241
232 318
235 247
231 337
132 373
84 315
287 330
351 394
41 237
183 208
168 331
193 206
32 204
236 376
208 214
133 347
331 376
18 20
204 354
146 269
262 388
223 240
15 394
32 364
100 304
142 205
160 326
178 272
283 362
96 318
177 356
118 377
60 324
190 257
313 351
30 130
195 276
347 358
298 370
228 340
34 391
48 358
318 399
215 351
352 395
213 300
268 380
149 174
118 215
200 365
79 249
152 345
104 178
304 346
150 284
113 336
12 156
52 178
234 352
243 311
322 359
2 349
150 249
269 300
245 309
285 370
241 298
199 347
311 348
48 285
104 330
331 374
132 272
156 309
284 354
119 128
241 268
224 324
345 372
2 69
102 113
202 317
343 377
160 340
125 222
119 349
125 298
195 373
106 399
314 383
318 351
231 380
245 397
216 255
322 324
373 376
300 340
18 377
130 245
358 394
351 399
178 336
168 326
37 247
116 388
222 376
4 256
60 388
46 304
59 149
227 397
255 388
186 355
372 385
165 216
367 380
178 317
330 347
27 235
62 336
185 341
177 272
308 367
317 336
230 349
162 178
264 374
236 326
324 345
313 340
3 133
74 383
119 388
279 304
208 351
299 383
324 388
268 275
263 388
331 378
38 365
100 248
120 353
186 362
199 381
205 362
88 394
96 321
308 374
192 367
84 376
148 373
156 336
155 370
128 312
204 378
295 377
260 301
221 236
339 386
326 374
25 348
201 320
341 347
75 380
41 119
2 320
178 348
220 231
301 308
324 372
96 354
185 381
28 305
230 392
224 335
317 392
367 386
46 248
287 399
185 359
192 358
222 287
116 168
275 276
60 113
228 361
364 385
231 321
301 377
8 224
18 219
234 249
212 384
18 80
192 395
237 348
142 367
74 353
75 373
188 352
325 353
97 395
213 344
222 365
219 288
252 331
388 392
12 365
109 378
195 331
173 208
243 325
271 330
228 300
132 312
277 331
376 385
227 305
228 253
187 215
247 254
79 301
104 376
146 396
172 385
6 230
130 370
320 385
339 367
260 313
266 353
272 340
156 378
133 188
114 222
32 253
91 220
299 332
339 341
150 246
276 354
349 372
341 343
104 202
232 330
146 346
116 317
252 322
311 343
127 237
325 372
78 128
15 370
165 373
32 201
195 304
374 385
111 364
99 120
183 324
165 351
190 204
318 385
143 222
296 395
97 366
332 377
125 289
108 287
161 165
31 227
85 242
201 204
23 345
66 378
322 349
215 272
42 199
235 354
216 357
250 351
191 214
212 380
299 347
97 284
20 325
89 374
15 379
109 364
305 358
262 358
309 374
34 392
260 370
70 330
12 377
255 399
130 298
212 320
91 135
194 234
87 341
224 330
352 383
142 308
250 269
106 118
227 249
135 367
224 313
212 276
103 359
269 379
79 252
326 372
155 362
31 333
128 336
263 336
132 376
260 309
250 358
234 252
15 346
362 380
106 296
207 237
127 147
299 374
237 379
73 112
309 383
111 370
68 152
132 277
331 373
6 177
110 168
264 314
190 347
235 292
266 395
216 295
38 380
56 228
313 386
148 356
241 379
249 395
201 335
271 313
212 386
227 353
237 346
243 315
174 269
202 373
120 395
150 266
61 250
205 212
224 354
231 311
234 374
85 185
256 296
392 399
159 232
73 212
204 283
378 385
28 266
134 234
146 379
332 358
346 374
60 258
230 354
133 381
142 296
26 236
321 386
27 97
284 395
20 372
68 337
113 363
23 322
219 394
326 376
227 358
236 331
243 256
235 367
68 383
152 330
351 395
275 370
7 277
12 385
202 326
374 378
100 346
41 240
237 391
37 378
256 325
84 389
87 199
208 370
108 200
186 367
232 399
241 275
213 314
7 350
60 230
219 387
264 378
172 309
224 385
19 361
19 61
66 223
117 193
269 346
347 359
262 322
160 229
138 372
195 315
311 324
74 325
129 291
197 202
183 351
219 250
234 395
264 309
345 364
296 372
116 135
331 340
119 303
287 386
352 394
138 223
183 275
62 302
341 381
125 268
125 183
138 174
220 276
34 322
287 313
285 345
362 378
341 359
20 334
7 386
61 261
155 285
172 352
340 341
165 236
133 199
324 399
392 394
174 379
186 369
272 399
84 165
309 359
160 381
46 296
78 392
272 300
106 127
352 385
348 388
85 379
148 376
262 395
146 229
57 147
220 380
172 390
264 395
318 372
326 331
201 363
304 378
7 362
339 362
118 330
285 399
66 356
188 262
260 318
348 381
268 295
325 365
279 322
313 332
147 195
268 317
359 380
30 268
232 365
204 398
113 317
4 164
38 160
186 354
243 367
256 358
155 324
31 279
89 308
188 219
10 352
66 325
135 386
147 373
78 214
219 353
332 340
18 345
158 174
177 223
340 381
37 308
340 347
61 241
216 392
255 317
38 285
61 392
172 364
74 108
271 351
305 353
68 301
216 311
320 383
372 399
202 387
85 269
25 253
168 376
216 349
364 378
260 399
128 295
146 241
332 339
66 374
12 299
201 383
25 386
313 372
222 313
4 116
247 339
260 330
177 381
128 371
300 359
185 390
89 378
324 365
214 370
276 339
96 388
228 341
300 381
199 349
23 263
234 393
142 278
103 308
320 374
353 385
235 388
256 372
148 277
231 283
116 129
74 311
190 295
10 380
156 324
317 349
152 229
185 300
213 383
276 380
192 394
348 352
268 298
75 370
247 326
277 376
109 172
106 318
308 311
183 223
296 343
311 351
247 380
336 394
215 343
48 372
192 227
108 214
73 332
200 399
46 395
193 354
213 308
160 341
138 196
70 381
200 236
162 277
279 392
271 287
247 386
113 255
1 104
103 255
162 388
109 320
31 348
228 381
79 374
358 395
314 320
87 246
193 208
118 399
349 373
228 347
127 379
4 23
295 305
177 347
87 359
215 231
205 278
223 359
377 383
212 245
322 392
84 148
232 373
332 376
125 214
345 385
162 217
250 394
149 326
188 287
260 295
96 314
279 383
53 97
245 284
150 303
111 287
94 232
152 334
243 399
120 269
230 301
245 262
147 202
142 354
155 259
25 380
34 90
