42 389
136 194
210 258
5 390
303 350
297 393
265 388
207 297
13 372
101 124
161 363
198 239
282 333
197 259
180 333
291 314
293 382
52 281
44 334
56 273
13 58
189 384
253 267
175 316
167 371
368 384
259 307
217 258
278 394
5 322
43 76
159 384
95 289
323 357
36 393
396 398
238 356
179 250
123 396
278 357
151 233
254 267
282 293
176 181
198 343
239 360
344 364
170 311
92 396
358 366
115 392
242 375
217 240
13 365
107 350
166 267
14 153
198 394
151 360
54 293
171 384
352 363
43 52
371 384
384 393
107 394
194 390
50 387
248 274
328 333
382 393
163 363
114 369
300 344
161 297
368 371
102 229
17 399
67 389
91 384
289 310
105 117
154 288
218 233
90 389
375 398
261 384
121 328
163 292
253 390
229 383
371 393
221 393
0 307
314 387
182 371
277 286
9 254
64 233
360 369
26 179
217 310
22 181
11 391
24 40
290 338
161 397
166 170
179 386
49 323
50 339
180 316
261 342
302 355
303 339
76 246
375 391
278 323
99 303
342 387
184 338
173 398
107 354
293 371
207 328
39 191
145 153
187 286
81 397
0 387
203 211
209 335
86 291
159 171
270 369
117 123
163 384
107 265
218 389
24 184
93 226
305 387
42 387
361 390
117 312
21 334
114 343
5 388
302 362
267 388
350 396
355 367
51 378
43 297
117 290
101 332
36 368
302 332
346 357
246 274
54 391
124 225
83 351
282 373
197 299
167 365
154 361
65 239
92 360
115 229
291 360
341 382
159 386
206 361
29 239
126 274
217 298
315 340
81 297
375 383
158 206
368 382
328 395
288 306
387 395
91 397
392 393
310 356
295 319
251 290
55 397
303 335
3 290
260 265
261 389
93 169
233 387
56 282
63 335
187 211
371 386
171 244
251 382
189 302
267 335
251 393
131 366
22 94
286 294
16 198
312 393
210 355
242 259
157 360
134 395
291 375
17 107
256 396
123 391
95 310
181 389
64 383
350 382
112 345
175 369
194 253
110 176
187 335
13 356
90 387
122 360
211 343
189 196
281 355
139 390
254 335
310 314
293 338
35 107
69 211
86 302
288 362
8 71
306 316
182 363
47 357
53 370
194 270
203 377
363 397
39 259
98 390
122 123
24 327
259 342
47 323
244 290
248 368
171 355
143 170
145 319
42 315
57 257
333 360
77 254
184 203
72 357
39 375
53 397
257 350
94 315
273 292
83 370
290 393
221 384
33 338
0 389
77 306
40 252
167 374
21 376
158 390
72 398
176 326
281 319
323 352
159 179
334 345
131 385
218 387
92 246
258 267
238 353
58 203
221 334
65 363
93 154
297 397
388 391
312 338
65 397
355 375
270 306
196 270
286 392
5 207
22 390
187 297
169 358
110 363
226 390
105 270
45 269
95 398
158 393
59 339
217 397
44 382
126 153
315 342
244 304
101 361
312 371
207 397
221 327
328 397
124 139
140 378
265 342
40 394
218 329
110 294
229 398
145 248
3 393
16 26
293 384
265 312
375 397
166 271
261 387
29 390
36 327
171 388
35 151
328 363
307 366
143 289
210 327
344 398
327 368
307 397
21 102
56 86
77 318
67 369
266 355
175 303
323 366
105 384
206 255
391 396
244 319
321 337
267 317
131 284
137 369
182 392
288 289
157 305
270 316
333 365
51 368
261 396
144 328
298 390
164 206
65 197
211 345
176 277
196 288
251 384
1 310
137 398
286 303
83 238
14 390
115 334
71 179
181 396
114 382
51 52
16 294
80 102
327 399
221 371
244 248
334 382
95 334
242 357
49 117
226 288
248 344
307 342
159 355
239 334
265 389
327 328
211 350
217 375
3 312
244 377
225 398
0 391
197 302
229 334
26 101
292 333
254 350
263 342
337 366
86 281
36 392
333 398
59 306
93 394
356 398
3 373
43 279
239 361
179 225
29 282
35 164
143 399
102 334
184 384
72 366
189 250
194 336
306 323
139 194
95 240
153 263
136 329
258 375
50 307
248 299
180 369
71 258
271 273
102 307
141 246
285 316
126 181
17 203
90 342
209 350
210 356
157 363
261 307
114 368
65 328
297 363
337 386
338 393
14 206
170 218
72 262
175 270
330 384
180 270
71 98
141 289
134 210
154 398
196 361
93 139
302 347
175 203
140 203
13 83
86 198
248 332
35 58
94 333
157 167
280 360
182 344
196 390
17 359
257 378
145 381
83 122
240 360
259 387
92 355
8 338
90 337
206 253
92 274
391 398
141 163
242 398
282 310
33 303
8 211
306 373
126 370
33 257
332 355
345 357
137 291
63 368
274 292
101 302
47 285
39 336
143 296
225 395
144 397
226 379
16 364
282 398
49 393
176 323
323 383
319 342
264 350
154 196
290 364
98 386
181 273
83 298
166 293
335 374
121 369
76 379
139 382
274 396
304 319
333 356
209 286
342 389
357 366
273 280
170 343
134 369
1 363
226 253
164 306
16 355
167 251
238 281
140 166
246 396
289 398
292 335
327 382
115 345
141 370
307 387
21 80
47 366
258 398
316 359
67 270
99 366
114 170
254 294
44 244
144 297
159 332
33 275
226 313
136 357
265 315
189 210
333 375
22 238
161 325
288 390
59 369
131 329
250 391
314 368
259 315
337 357
69 356
140 187
240 329
21 375
290 382
299 329
294 350
69 398
137 362
274 349
169 312
350 377
9 313
197 355
184 393
240 396
45 334
251 312
254 386
379 396
51 91
169 329
278 329
315 389
53 81
233 389
320 387
47 399
259 389
72 323
144 363
153 304
136 140
297 328
289 379
137 393
264 371
64 351
82 265
143 338
288 361
69 375
338 382
5 349
180 251
134 302
54 355
151 254
141 344
55 182
151 264
173 336
278 366
312 356
9 179
240 274
246 280
101 112
291 310
17 350
26 387
45 379
273 319
44 338
176 367
328 380
239 273
45 396
112 368
94 239
124 191
253 361
238 391
11 99
293 301
82 282
36 397
161 389
242 391
33 294
98 281
390 396
276 337
258 292
387 389
24 371
76 238
167 312
53 163
137 298
373 393
105 382
340 393
307 320
140 303
164 316
171 299
81 380
105 271
122 321
134 262
49 384
145 391
207 382
368 387
225 356
307 389
338 368
64 158
267 303
337 397
122 396
389 392
93 390
11 394
151 286
335 377
349 382
139 361
233 342
238 333
58 63
354 387
123 382
173 211
209 396
251 293
274 276
184 327
285 286
1 397
140 294
24 399
323 329
344 397
40 82
91 382
225 381
297 325
45 289
289 346
55 328
123 390
290 342
59 293
294 310
266 342
371 382
163 344
136 366
225 291
218 244
379 398
282 346
197 198
280 326
166 257
158 226
144 343
377 384
276 316
63 184
157 163
329 357
151 173
67 164
81 366
308 366
143 251
191 360
0 399
329 335
257 397
337 348
77 175
82 398
44 371
145 191
207 362
270 365
225 360
306 317
360 372
124 398
329 337
266 375
9 197
175 275
290 337
63 257
242 394
325 368
242 356
121 364
306 369
262 355
309 361
301 316
171 376
280 371
266 389
196 393
329 366
293 368
153 319
136 321
86 332
189 319
54 112
22 261
124 278
81 182
257 361
344 385
291 356
131 357
110 331
43 391
344 350
218 315
382 384
154 279
82 280
52 180
383 389
206 390
194 288
157 397
80 334
76 375
139 370
154 390
191 291
64 385
281 330
292 391
8 173
203 292
76 333
169 323
14 327
57 166
29 396
122 357
273 310
364 369
51 384
169 357
14 361
239 280
121 306
11 319
50 389
110 338
112 361
191 356
217 396
71 281
226 360
80 182
240 342
363 378
9 126
281 398
141 328
249 375
164 369
173 209
55 398
333 371
375 396
286 377
261 265
246 258
115 316
55 319
94 181
141 397
167 384
169 366
170 356
252 286
327 371
176 373
335 391
57 335
77 180
323 337
198 304
267 294
80 294
233 315
391 399
393 399
39 396
242 280
99 353
77 369
42 277
283 292
153 353
29 57
350 391
282 344
209 294
158 361
265 387
327 338
56 292
157 161
105 368
54 210
198 244
221 269
210 319
267 377
327 360
121 316
337 338
316 369
82 396
209 329
368 393
145 189
341 375
283 396
144 207
363 398
218 391
115 375
256 291
360 389
344 383
