548 585
435 486
370 462
396 528
399 403
274 286
205 597
320 571
394 586
70 257
293 344
524 529
413 569
52 590
541 542
175 256
339 446
17 424
421 529
483 523
282 489
113 570
310 442
351 571
322 354
436 580
1 33
436 494
594 599
491 502
381 523
25 481
263 310
543 565
233 556
242 290
316 573
413 523
444 563
325 586
368 483
305 534
257 449
258 570
553 566
350 433
189 290
357 417
380 435
242 598
442 571
314 500
502 529
515 543
54 498
230 261
100 560
105 587
485 559
511 547
313 406
241 321
315 487
299 564
16 499
568 576
6 360
61 413
486 577
305 414
420 492
67 593
257 332
264 544
231 356
53 421
167 523
61 544
88 492
94 568
112 466
261 484
265 591
303 340
286 500
292 400
357 476
52 560
368 432
95 498
97 332
25 594
542 596
257 444
68 551
347 504
258 542
325 411
171 557
304 581
70 587
217 594
288 558
289 400
441 487
243 482
276 407
261 581
504 582
162 577
274 520
441 598
112 360
45 295
234 352
281 433
446 494
488 534
175 542
107 316
263 406
546 549
189 542
297 418
263 551
198 281
292 568
403 535
562 564
230 467
165 588
349 511
45 433
296 506
65 163
282 347
340 597
339 407
530 565
432 536
16 545
276 584
123 125
315 441
152 581
340 423
146 293
381 596
116 381
261 441
351 364
32 324
305 599
316 516
73 554
292 442
241 440
481 487
97 524
77 558
364 593
555 565
292 597
420 469
461 575
426 483
485 543
111 579
347 466
376 525
35 560
296 495
258 314
109 378
77 551
151 495
214 554
413 442
432 525
38 466
449 462
175 586
289 357
219 586
25 437
35 569
239 500
499 548
463 586
281 519
28 482
84 519
33 422
164 597
388 413
285 563
200 544
519 569
525 563
164 267
360 480
268 473
481 583
351 564
121 406
123 573
260 516
100 113
230 286
18 316
518 570
460 566
429 577
551 556
260 400
333 582
154 360
500 540
498 534
368 502
169 528
178 436
489 492
17 431
37 511
239 557
586 597
290 489
32 522
200 454
181 556
276 494
332 566
31 388
163 449
238 550
171 212
226 419
159 480
473 476
500 504
513 530
226 344
28 454
526 582
231 403
378 392
13 487
454 557
419 487
420 511
458 544
208 370
486 551
234 426
145 576
239 416
169 503
216 321
41 205
441 560
275 591
360 591
458 555
75 555
426 432
52 441
441 569
32 543
178 457
274 491
429 525
162 510
37 403
476 552
25 507
174 212
265 581
285 484
198 528
1 354
8 492
165 314
111 167
203 564
61 292
410 473
290 380
260 324
396 555
460 584
524 597
158 462
181 188
388 454
462 574
263 571
1 594
424 498
303 495
94 544
159 461
74 564
38 534
516 565
258 325
157 188
289 569
291 407
203 546
296 405
261 563
352 449
134 295
448 495
569 595
160 552
105 550
145 466
420 519
96 506
65 208
546 555
564 577
43 50
464 594
31 454
178 493
203 511
276 415
44 518
158 400
16 564
407 517
31 594
452 549
166 419
97 485
500 595
107 121
487 569
292 569
226 504
154 518
297 579
157 278
288 453
83 264
287 370
162 255
219 498
204 358
449 506
378 566
214 480
480 558
339 580
548 599
241 279
50 534
413 423
376 483
143 558
493 597
332 392
43 368
407 446
67 547
357 400
380 412
92 406
275 357
119 442
287 352
491 528
455 483
479 489
299 424
321 526
530 548
489 586
418 470
167 241
444 460
376 490
199 288
73 577
143 567
289 476
91 552
480 572
154 399
174 529
495 522
77 550
391 593
530 543
181 466
418 465
344 591
255 460
116 499
13 597
16 268
132 552
243 468
160 469
237 281
424 516
372 473
193 268
33 461
287 462
344 347
417 571
473 556
159 554
426 586
544 558
51 526
214 238
422 534
133 577
68 477
197 586
519 582
560 573
320 428
164 580
388 396
465 534
378 391
291 293
419 504
226 425
483 525
550 564
316 544
231 322
108 143
92 516
313 498
297 360
444 566
512 550
54 486
146 178
97 544
299 592
108 480
112 424
518 565
61 481
88 535
451 477
145 507
83 339
193 279
263 321
58 456
441 448
304 563
182 564
113 166
134 321
462 594
70 217
161 552
75 565
77 254
255 594
432 437
366 546
296 580
351 555
502 535
364 524
278 583
320 351
85 422
425 591
88 399
158 477
471 526
354 376
442 448
463 575
46 198
391 505
325 570
28 580
17 394
460 594
50 466
456 474
552 570
347 541
481 515
407 593
142 519
288 530
289 388
132 505
494 591
333 424
17 498
492 591
133 518
425 552
237 594
525 577
13 524
105 571
516 591
356 460
548 565
381 452
219 489
431 564
414 489
297 478
381 550
148 535
550 578
315 415
288 544
166 513
568 599
18 498
282 437
231 513
237 580
13 574
485 577
456 463
193 461
250 278
198 405
291 415
437 543
296 551
340 507
366 485
426 525
83 548
276 580
279 473
500 557
434 460
90 410
470 502
419 513
491 556
295 500
442 495
467 477
175 451
530 568
421 591
67 506
332 411
214 494
350 388
85 174
548 553
38 92
304 507
322 419
54 523
297 570
486 491
487 507
476 515
349 502
480 506
170 529
546 565
169 561
495 519
207 580
426 486
268 351
450 534
256 414
456 491
171 471
480 550
523 577
445 556
123 485
286 339
358 502
506 554
91 297
274 417
368 460
102 572
226 556
208 564
267 332
31 255
241 550
350 494
500 513
430 454
269 433
514 525
310 477
39 252
44 265
412 580
145 252
1 535
96 525
388 400
107 501
415 436
461 566
250 535
148 448
347 557
291 472
458 485
8 535
85 535
158 364
529 549
487 597
366 403
320 551
289 380
550 571
203 281
121 299
406 516
182 544
320 372
193 557
396 454
114 403
422 535
208 537
392 582
214 405
216 511
233 551
378 594
18 333
145 595
113 518
448 524
158 188
324 332
269 562
513 518
333 394
406 543
546 592
175 269
123 564
72 546
364 442
437 599
321 371
91 418
371 521
445 477
303 542
511 561
560 565
577 585
523 533
441 446
315 469
163 370
540 570
297 504
321 372
466 481
433 549
1 492
200 599
354 500
46 396
282 366
413 520
366 536
6 482
368 486
466 472
565 567
25 495
212 529
322 538
315 569
524 569
428 504
108 254
491 597
494 578
228 512
163 352
54 497
376 429
504 557
483 547
543 548
285 489
68 580
73 535
290 586
73 429
242 588
313 516
260 594
339 494
432 577
429 523
493 494
422 511
100 570
154 584
197 219
344 513
100 295
50 418
53 418
275 421
400 529
129 568
322 500
454 532
381 556
148 521
256 421
212 558
125 551
550 584
58 378
162 217
556 566
212 268
536 570
518 521
264 578
370 563
494 495
28 396
452 576
203 548
23 566
339 539
415 493
414 565
238 356
96 269
478 534
212 572
456 571
282 558
174 350
429 483
288 568
219 486
293 494
204 370
295 510
260 566
463 530
378 444
216 527
109 444
254 465
439 556
151 571
44 407
83 203
446 493
549 580
72 493
146 524
199 207
499 580
282 351
261 547
228 554
354 461
265 543
207 407
446 553
434 452
72 276
380 392
456 510
295 543
281 552
204 352
151 477
281 358
432 539
487 560
350 537
114 574
143 485
459 564
503 504
364 495
555 561
51 421
511 535
142 586
90 372
35 413
473 584
169 569
243 456
188 530
159 371
487 550
371 556
392 594
325 477
113 530
519 597
167 320
372 469
230 513
217 524
166 461
481 509
286 347
18 438
133 483
526 529
70 267
551 571
310 314
8 478
152 558
35 570
483 502
426 577
400 454
565 579
510 542
165 534
41 536
152 565
340 524
41 214
275 491
23 260
230 285
349 417
178 267
208 287
171 421
73 432
473 571
254 522
255 566
405 524
372 593
304 519
564 571
506 591
43 425
189 586
239 558
228 391
325 433
208 278
52 593
92 518
477 529
463 546
571 592
189 579
288 289
237 258
344 557
423 424
523 525
407 580
146 591
254 564
290 511
473 517
96 434
132 526
463 555
340 467
436 591
8 216
544 565
238 556
151 512
560 597
65 394
233 371
146 567
148 492
260 392
357 429
255 557
109 594
293 518
371 452
233 491
485 555
290 414
295 580
100 313
376 577
314 507
340 481
161 591
238 591
366 463
299 498
565 568
433 591
519 524
212 477
152 543
193 504
160 425
381 442
303 597
421 570
51 491
107 333
125 550
197 542
264 555
366 565
263 564
90 571
568 594
436 547
181 534
495 597
6 350
154 552
356 556
396 400
114 417
518 526
84 182
552 554
39 371
84 577
267 566
285 576
436 554
437 458
226 485
526 552
530 599
148 399
242 542
142 542
77 432
228 556
542 586
261 586
426 523
154 570
164 493
165 591
558 565
290 445
257 566
566 594
163 243
296 528
142 197
226 513
426 498
526 570
216 535
486 502
254 473
54 234
95 316
230 541
303 372
114 349
406 424
542 549
546 568
414 440
293 415
188 208
529 575
557 564
522 534
65 449
394 424
143 546
37 422
67 114
448 555
477 570
282 568
358 518
6 418
267 594
108 572
396 476
458 543
463 468
376 486
72 436
182 356
449 574
275 358
481 507
344 504
492 523
473 591
370 478
95 448
207 591
23 594
199 550
486 525
113 529
171 433
448 569
231 347
380 572
102 460
239 344
464 552
394 498
237 285
555 558
403 567
43 466
486 516
233 571
493 580
448 560
161 252
539 566
199 493
188 545
310 569
461 557
231 504
74 437
560 569
513 515
419 557
95 516
204 250
410 511
546 599
33 435
18 425
53 491
97 555
85 399
193 547
415 420
200 555
419 500
39 466
421 531
586 598
403 511
349 465
264 514
463 548
426 560
214 228
111 356
75 568
39 534
466 595
274 564
167 500
481 597
351 550
321 473
46 357
85 544
344 475
295 446
394 406
399 492
37 484
282 509
485 568
590 591
256 586
313 399
264 560
121 316
287 422
116 574
65 548
498 516
234 577
129 555
495 560
494 552
544 566
250 449
324 594
483 572
547 570
255 490
442 597
405 506
392 460
58 478
534 594
492 596
243 442
123 263
489 542
453 544
305 489
167 274
315 560
304 597
466 572
254 551
242 586
315 506
388 476
250 352
415 496
256 305
368 577
535 596
151 529
216 420
125 556
553 555
166 443
207 293
279 551
70 594
492 571
406 560
23 546
116 523
228 560
542 598
568 571
53 578
593 597
452 564
112 145
520 525
159 593
31 476
487 526
199 591
356 557
322 461
324 505
219 542
58 205
279 452
105 238
394 516
125 243
178 494
199 580
205 536
483 577
174 237
394 527
414 586
313 437
99 452
546 551
90 522
364 508
415 558
347 461
313 333
314 325
67 391
394 566
217 566
152 391
429 474
360 526
529 581
420 421
297 566
579 597
322 470
6 142
449 547
160 570
513 557
313 455
28 46
502 552
470 513
198 506
219 502
275 533
530 558
400 476
207 489
265 518
378 460
422 582
189 500
289 454
39 278
99 507
454 476
44 165
503 506
310 597
461 513
305 586
476 533
152 546
45 520
376 523
32 456
368 570
296 380
84 507
432 523
324 444
529 552
366 388
250 523
303 519
159 258
414 542
41 556
119 542
68 371
90 381
391 572
75 532
366 399
134 497
94 501
519 588
169 405
171 425
580 590
340 519
256 542
356 391
197 464
91 239
109 516
182 556
23 265
278 462
544 555
121 513
175 489
108 503
292 576
349 422
392 578
476 482
51 299
95 519
234 597
291 339
278 449
544 546
286 513
433 552
518 575
133 589
425 599
505 594
287 581
416 568
166 500
483 486
304 569
436 493
132 425
116 310
45 217
157 447
492 511
418 502
88 532
165 518
285 396
268 452
413 524
269 552
314 518
170 425
406 533
595 597
304 560
94 264
291 580
418 497
119 586
134 477
446 532
74 530
340 539
366 543
437 565
102 480
102 371
250 462
291 589
403 420
119 142
543 568
553 568
169 506
444 593
146 580
112 252
129 463
148 349
368 587
296 333
354 530
483 548
444 505
230 581
528 551
158 449
268 571
267 517
527 569
364 519
495 577
354 557
322 504
453 552
258 477
543 558
488 544
35 181
420 535
96 490
481 519
33 511
462 568
72 584
38 396
332 599
157 412
68 550
114 420
507 546
279 575
357 454
257 594
204 462
133 523
422 492
151 237
198 200
310 507
429 487
217 596
288 548
548 568
381 473
119 325
415 494
292 560
111 556
256 438
475 570
121 376
157 287
267 444
452 571
507 560
456 574
315 424
170 358
463 543
420 447
316 376
448 507
162 594
381 564
422 597
134 418
133 234
506 541
286 354
548 558
502 577
99 279
487 510
324 358
481 495
380 506
368 525
275 459
299 516
239 513
496 571
462 469
446 580
16 551
45 526
392 566
413 597
432 482
52 448
164 364
182 274
471 565
444 537
541 570
356 491
129 160
132 350
61 592
84 364
446 591
157 370
265 526
291 522
350 491
241 434
275 360
132 551
119 433
216 261
242 489
286 557
324 460
314 358
332 444
517 524
441 524
265 350
304 533
571 585
161 526
349 535
403 569
92 498
580 591
242 562
170 445
445 570
