0 235
0 327
0 520
0 678
0 974
1 425
1 681
1 742
1 762
1 784
2 806
2 942
2 950
2 954
2 995
3 58
3 680
3 874
3 957
3 984
4 59
4 646
4 724
4 789
4 948
5 581
5 662
5 956
5 976
5 994
6 456
6 495
6 607
6 667
6 713
7 72
7 708
7 863
7 916
7 978
8 191
8 294
8 301
8 795
8 908
9 731
9 744
9 924
9 961
9 970
10 474
10 842
10 858
10 944
10 970
11 31
11 92
11 167
11 839
11 954
12 387
12 416
12 844
12 929
12 980
13 226
13 338
13 712
13 775
13 940
14 840
14 913
14 952
14 975
14 982
15 66
15 221
15 573
15 869
15 879
16 121
16 254
16 402
16 499
16 993
17 689
17 724
17 800
17 933
17 954
18 112
18 332
18 747
18 861
18 970
19 625
19 725
19 755
19 980
19 996
20 489
20 518
20 772
20 872
20 895
21 141
21 487
21 821
21 900
21 931
22 110
22 590
22 655
22 843
22 883
23 276
23 802
23 918
23 946
23 989
24 102
24 562
24 656
24 770
24 953
25 778
25 880
25 902
25 926
25 968
26 533
26 932
26 938
26 963
26 985
27 48
27 128
27 376
27 867
27 902
28 309
28 394
28 868
28 874
28 998
29 470
29 723
29 885
29 957
29 992
30 370
30 718
30 959
30 983
30 997
31 11
31 743
31 840
31 849
31 973
32 53
32 500
32 564
32 846
32 999
33 308
33 445
33 854
33 897
33 961
34 300
34 510
34 525
34 667
34 778
35 333
35 344
35 840
35 975
35 984
36 219
36 653
36 746
36 872
36 976
37 579
37 596
37 779
37 945
37 989
38 264
38 302
38 429
38 744
38 812
39 440
39 696
39 698
39 798
39 889
40 517
40 652
40 716
40 864
40 922
41 384
41 479
41 639
41 859
41 976
42 797
42 862
42 867
42 948
42 991
43 125
43 389
43 623
43 748
43 926
44 190
44 851
44 876
44 991
44 998
45 680
45 874
45 970
45 980
45 984
46 672
46 791
46 869
46 947
46 986
47 118
47 133
47 589
47 922
47 988
48 27
48 294
48 523
48 592
48 891
49 371
49 833
49 858
49 978
49 979
50 86
50 134
50 530
50 890
50 987
51 509
51 628
51 795
51 839
51 971
52 748
52 900
52 931
52 935
52 996
53 32
53 349
53 521
53 962
53 965
54 416
54 547
54 910
54 955
54 983
55 166
55 692
55 700
55 951
55 992
56 369
56 651
56 911
56 968
56 989
57 400
57 596
57 676
57 941
57 954
58 3
58 502
58 556
58 688
58 868
59 4
59 896
59 933
59 935
59 966
60 103
60 241
60 870
60 965
60 986
61 281
61 670
61 715
61 831
61 927
62 484
62 746
62 769
62 826
62 987
63 147
63 275
63 459
63 537
63 957
64 235
64 696
64 843
64 953
64 990
65 567
65 772
65 805
65 917
65 981
66 15
66 507
66 768
66 838
66 908
67 383
67 443
67 785
67 822
67 926
68 403
68 545
68 688
68 784
68 818
69 315
69 691
69 782
69 813
69 837
70 243
70 511
70 761
70 765
70 923
71 76
71 749
71 831
71 946
71 949
72 7
72 205
72 337
72 952
72 964
73 527
73 679
73 955
73 960
73 977
74 75
74 371
74 414
74 832
74 950
75 74
75 591
75 853
75 928
75 937
76 71
76 850
76 855
76 956
76 996
77 216
77 362
77 762
77 818
77 956
78 427
78 485
78 675
78 863
78 974
79 172
79 208
79 495
79 582
79 607
80 206
80 755
80 806
80 846
80 929
81 102
81 219
81 499
81 895
81 913
82 355
82 599
82 715
82 794
82 870
83 140
83 200
83 337
83 444
83 803
84 704
84 751
84 785
84 969
84 975
85 90
85 711
85 865
85 952
85 988
86 50
86 502
86 544
86 957
86 992
87 145
87 502
87 613
87 631
87 744
88 178
88 338
88 436
88 685
88 940
89 570
89 792
89 804
89 978
89 979
90 85
90 776
90 904
90 968
90 983
91 661
91 751
91 785
91 958
91 969
92 11
92 849
92 850
92 866
92 964
93 162
93 299
93 477
93 879
93 947
94 217
94 821
94 866
94 903
94 985
95 131
95 431
95 467
95 707
95 763
96 533
96 814
96 880
96 945
96 960
97 164
97 829
97 867
97 922
97 997
98 299
98 551
98 855
98 943
98 964
99 780
99 789
99 887
99 954
99 976
100 462
100 885
100 898
100 905
100 972
101 345
101 516
101 721
101 812
101 908
102 24
102 81
102 456
102 587
102 927
103 60
103 113
103 636
103 706
103 809
104 302
104 702
104 901
104 906
104 973
105 655
105 720
105 892
105 903
105 953
106 108
106 113
106 295
106 730
106 965
107 436
107 526
107 638
107 951
107 992
108 106
108 116
108 256
108 550
108 998
109 233
109 343
109 590
109 934
109 941
110 22
110 596
110 663
110 953
110 999
111 195
111 547
111 714
111 976
111 988
112 18
112 729
112 771
112 873
112 991
113 103
113 106
113 510
113 578
113 808
114 411
114 550
114 766
114 894
114 942
115 454
115 675
115 709
115 807
115 902
116 108
116 244
116 257
116 803
116 957
117 456
117 475
117 699
117 887
117 928
118 47
118 622
118 634
118 647
118 963
119 253
119 304
119 891
119 904
119 946
120 518
120 923
120 964
120 972
120 973
121 16
121 748
121 861
121 981
121 993
122 425
122 617
122 730
122 932
122 997
123 265
123 671
123 855
123 937
123 944
124 224
124 721
124 844
124 874
124 919
125 43
125 180
125 418
125 663
125 931
126 503
126 613
126 847
126 950
126 978
127 520
127 854
127 923
127 959
127 964
128 27
128 684
128 692
128 758
128 991
129 627
129 668
129 819
129 926
129 985
130 395
130 771
130 815
130 873
130 910
131 95
131 572
131 697
131 874
131 990
132 602
132 707
132 845
132 920
132 964
133 47
133 402
133 721
133 762
133 862
134 50
134 166
134 629
134 740
134 890
135 333
135 442
135 678
135 768
135 901
136 715
136 766
136 836
136 913
136 999
137 259
137 268
137 541
137 607
137 940
138 577
138 793
138 840
138 878
138 987
139 185
139 916
139 919
139 920
139 994
140 83
140 569
140 819
140 871
140 999
141 21
141 759
141 834
141 893
141 984
142 825
142 827
142 909
142 935
142 946
143 515
143 669
143 814
143 866
143 987
144 388
144 751
144 954
144 963
144 969
145 87
145 313
145 339
145 536
145 973
146 648
146 827
146 909
146 935
146 961
147 63
147 634
147 751
147 781
147 969
148 205
148 675
148 696
148 759
148 978
149 217
149 244
149 886
149 986
149 991
150 563
150 705
150 880
150 964
150 967
151 623
151 637
151 677
151 735
151 975
152 320
152 571
152 922
152 952
152 958
153 178
153 340
153 824
153 911
153 940
154 847
154 871
154 880
154 981
154 995
155 622
155 735
155 760
155 933
155 961
156 431
156 841
156 858
156 862
156 900
157 429
157 568
157 602
157 812
157 849
158 579
158 743
158 832
158 958
158 974
159 189
159 255
159 546
159 659
159 986
160 368
160 556
160 907
160 950
160 982
161 707
161 708
161 786
161 834
161 917
162 93
162 539
162 614
162 787
162 902
163 421
163 697
163 746
163 808
163 895
164 97
164 273
164 355
164 448
164 952
165 567
165 574
165 703
165 747
165 997
166 55
166 134
166 183
166 926
166 968
167 11
167 683
167 691
167 817
167 906
168 349
168 701
168 744
168 898
168 972
169 237
169 470
169 676
169 889
169 941
170 696
170 889
170 918
170 941
170 994
171 232
171 376
171 657
171 952
171 967
172 79
172 433
172 510
172 605
172 913
173 232
173 248
173 412
173 611
173 914
174 421
174 695
174 786
174 959
174 994
175 568
175 699
175 830
175 903
175 908
176 468
176 502
176 869
176 939
176 979
177 394
177 612
177 782
177 867
177 893
178 88
178 153
178 782
178 825
178 940
179 565
179 689
179 817
179 923
179 964
180 125
180 181
180 366
180 407
180 977
181 180
181 228
181 639
181 799
181 905
182 367
182 719
182 851
182 909
182 935
183 166
183 854
183 909
183 935
183 950
184 812
184 822
184 890
184 928
184 989
185 139
185 736
185 792
185 890
185 978
186 559
186 666
186 878
186 918
186 999
187 693
187 869
187 948
187 989
187 997
188 775
188 933
188 945
188 966
188 971
189 159
189 624
189 945
189 958
189 967
190 44
190 510
190 607
190 667
190 800
191 8
191 568
191 812
191 837
191 901
192 572
192 644
192 810
192 861
192 924
193 708
193 793
193 874
193 952
193 997
194 402
194 711
194 721
194 965
194 988
195 111
195 449
195 753
195 882
195 919
196 706
196 801
196 843
196 860
196 931
197 598
197 716
197 954
197 976
197 997
198 422
198 664
198 801
198 860
198 940
199 678
199 731
199 968
199 970
199 993
200 83
200 306
200 595
200 753
200 968
201 521
201 588
201 708
201 856
201 987
202 459
202 710
202 885
202 958
202 972
203 611
203 830
203 910
203 994
203 996
204 833
204 918
204 978
204 979
204 993
205 72
205 148
205 974
205 979
205 991
206 80
206 761
206 780
206 788
206 828
207 432
207 737
207 778
207 931
207 937
208 79
208 640
208 932
208 988
208 997
209 442
209 494
209 528
209 775
209 914
210 599
210 704
210 827
210 933
210 935
211 222
211 606
211 826
211 987
211 990
212 770
212 797
212 852
212 892
212 996
213 273
213 393
213 869
213 925
213 979
214 269
214 493
214 616
214 792
214 911
215 546
215 743
215 947
215 974
215 991
216 77
216 355
216 424
216 742
216 799
216 855
217 94
217 149
217 757
217 888
217 938
217 959
218 517
218 686
218 775
218 875
218 914
218 949
219 36
219 81
219 261
219 497
219 552
219 785
220 327
220 420
220 737
220 857
220 884
220 922
221 15
221 453
221 582
221 669
221 943
221 947
222 211
222 230
222 641
222 760
222 864
222 914
223 339
223 419
223 759
223 817
223 849
223 923
224 124
224 410
224 432
224 721
224 929
224 985
225 357
225 630
225 665
225 746
225 838
225 913
226 13
226 296
226 475
226 777
226 901
226 928
227 535
227 717
227 758
227 776
227 792
227 884
228 181
228 799
228 884
228 916
228 960
228 973
229 328
229 633
229 906
229 911
229 964
229 991
230 222
230 760
230 836
230 852
230 973
230 982
231 706
231 739
231 819
231 860
231 882
231 945
232 171
232 173
232 484
232 704
232 908
232 970
233 109
233 676
233 833
233 868
233 889
233 941
234 423
234 480
234 492
234 621
234 640
234 941
235 0
235 64
235 461
235 911
235 953
235 973
236 390
236 741
236 813
236 824
236 907
236 957
237 169
237 387
237 709
237 773
237 784
237 867
238 524
238 581
238 709
238 711
238 743
238 997
239 527
239 622
239 641
239 814
239 905
239 942
240 265
240 720
240 723
240 832
240 927
240 944
241 60
241 516
241 641
241 809
241 965
241 979
242 567
242 851
242 900
242 962
242 991
242 998
243 70
243 283
243 371
243 816
243 953
243 961
244 116
244 149
244 733
244 767
244 891
244 989
245 425
245 821
245 865
245 905
245 962
245 995
246 355
246 539
246 622
246 701
246 773
246 939
247 320
247 415
247 652
247 695
247 773
247 872
248 173
248 407
248 585
248 787
248 825
248 914
249 258
249 586
249 827
249 845
249 920
249 969
250 441
250 647
250 850
250 941
250 946
250 961
251 776
251 817
251 901
251 906
251 972
251 973
252 512
252 682
252 718
252 946
252 967
252 989
253 119
253 353
253 639
253 732
253 834
253 885
254 16
254 303
254 465
254 513
254 819
254 861
255 159
255 400
255 804
255 808
255 933
255 974
256 108
256 257
256 346
256 725
256 833
256 865
257 116
257 256
257 295
257 662
257 744
257 898
258 249
258 501
258 519
258 554
258 781
258 920
259 137
259 396
259 480
259 712
259 875
259 940
260 480
260 635
260 696
260 739
260 945
260 999
261 219
261 399
261 679
261 884
261 955
261 977
262 478
262 681
262 764
262 917
262 923
262 947
263 563
263 718
263 778
263 881
263 901
263 906
264 38
264 697
264 872
264 883
264 975
264 982
265 123
265 240
265 531
265 723
265 946
265 949
266 477
266 695
266 746
266 782
266 789
266 921
267 438
267 630
267 772
267 897
267 925
267 939
268 137
268 424
268 447
268 712
268 883
268 940
269 214
269 393
269 644
269 912
269 925
269 960
270 367
270 430
270 605
270 836
270 864
270 975
271 386
271 756
271 772
271 985
271 988
271 997
272 842
272 910
272 920
272 930
272 986
272 998
273 164
273 213
273 467
273 517
273 640
273 962
274 396
274 573
274 646
274 833
274 882
274 939
275 63
275 386
275 612
275 787
275 910
275 962
276 23
276 452
276 558
276 561
276 566
276 998
277 310
277 549
277 661
277 700
277 805
277 897
278 354
278 564
278 676
278 770
278 855
278 892
279 612
279 631
279 749
279 756
279 853
279 930
280 339
280 498
280 721
280 722
280 898
280 929
281 61
281 386
281 765
281 831
281 969
281 990
282 345
282 507
282 564
282 790
282 838
282 873
283 243
283 449
283 608
283 780
283 878
283 954
284 473
284 593
284 713
284 841
284 857
284 936
285 437
285 563
285 666
285 734
285 826
285 987
286 353
286 401
286 780
286 834
286 859
286 983
287 526
287 795
287 800
287 860
287 947
287 971
288 413
288 452
288 621
288 750
288 848
288 883
289 370
289 375
289 518
289 545
289 920
289 984
290 435
290 490
290 552
290 624
290 878
290 993
291 613
291 687
291 719
291 826
291 831
291 866
292 565
292 682
292 741
292 813
292 991
292 992
293 375
293 518
293 845
293 920
293 929
293 937
294 8
294 48
294 397
294 777
294 809
294 965
295 106
295 257
295 578
295 777
295 965
295 967
296 226
296 319
296 390
296 625
296 801
296 834
297 690
297 691
297 741
297 790
297 983
297 992
298 531
298 680
298 695
298 906
298 921
298 965
299 93
299 98
299 636
299 675
299 943
299 958
300 34
300 621
300 682
300 853
300 949
300 990
301 8
301 383
301 429
301 434
301 728
301 769
302 38
302 104
302 564
302 584
302 594
302 625
303 254
303 503
303 776
303 823
303 842
303 924
304 119
304 404
304 527
304 533
304 905
304 960
305 461
305 655
305 753
305 792
305 796
305 963
306 200
306 508
306 829
306 942
306 983
306 999
307 603
307 686
307 733
307 775
307 783
307 908
308 33
308 357
308 548
308 785
308 862
308 969
309 28
309 341
309 394
309 401
309 407
309 763
310 277
310 525
310 690
310 951
310 972
310 992
311 390
311 405
311 443
311 523
311 812
311 951
312 855
312 880
312 899
312 915
312 956
312 996
313 145
313 479
313 794
313 906
313 924
313 964
314 377
314 450
314 691
314 805
314 992
314 996
315 69
315 804
315 807
315 859
315 896
315 966
316 321
316 440
316 476
316 488
316 593
316 963
317 737
317 744
317 862
317 900
317 931
317 957
318 399
318 535
318 543
318 649
318 825
318 910
319 296
319 347
319 382
319 799
319 814
319 960
320 152
320 247
320 413
320 561
320 798
320 992
321 316
321 843
321 909
321 935
321 938
321 980
322 327
322 428
322 595
322 765
322 797
322 995
323 653
323 846
323 872
323 915
323 956
323 996
324 603
324 626
324 769
324 848
324 960
324 987
325 329
325 448
325 490
325 889
325 910
325 962
326 539
326 737
326 858
326 924
326 970
326 993
327 0
327 220
327 322
327 648
327 898
327 954
328 229
328 426
328 814
328 905
328 990
328 994
329 325
329 589
329 611
329 736
329 779
329 998
330 729
330 779
330 852
330 854
330 946
330 963
331 708
331 776
331 795
331 845
331 977
331 984
332 18
332 531
332 684
332 758
332 926
332 955
333 35
333 135
333 639
333 817
333 834
333 917
334 340
334 540
334 854
334 903
334 949
334 969
335 444
335 617
335 892
335 912
335 919
335 979
336 488
336 570
336 716
336 876
336 984
336 995
337 72
337 83
337 618
337 919
337 960
337 978
338 13
338 88
338 396
338 860
338 896
338 940
339 145
339 223
339 280
339 378
339 817
339 923
340 153
340 334
340 631
340 712
340 817
340 940
341 309
341 819
341 836
341 850
341 875
341 963
342 479
342 751
342 781
342 881
342 969
342 971
343 109
343 691
343 741
343 803
343 955
343 992
344 35
344 441
344 469
344 512
344 863
344 879
345 101
345 282
345 434
345 685
345 793
345 849
346 256
346 776
346 823
346 886
346 948
346 991
347 319
347 449
347 801
347 875
347 960
347 990
348 508
348 571
348 711
348 922
348 976
348 977
349 53
349 168
349 419
349 443
349 628
349 908
350 387
350 473
350 593
350 752
350 778
350 862
351 366
351 419
351 453
351 681
351 907
351 936
352 357
352 799
352 860
352 872
352 921
352 931
353 253
353 286
353 859
353 874
353 915
353 935
354 278
354 617
354 756
354 922
354 947
354 999
355 82
355 164
355 216
355 246
355 539
355 867
356 493
356 571
356 755
356 912
356 976
356 988
357 225
357 308
357 352
357 438
357 757
357 830
358 643
358 781
358 808
358 832
358 909
358 947
359 636
359 694
359 879
359 943
359 944
359 954
360 545
360 802
360 928
360 950
360 976
360 988
361 374
361 700
361 779
361 877
361 946
361 983
362 77
362 668
362 789
362 878
362 961
362 970
363 445
363 578
363 673
363 777
363 936
363 965
364 485
364 621
364 633
364 686
364 964
364 973
365 400
365 603
365 714
365 848
365 927
365 987
366 180
366 351
366 380
366 880
366 897
366 977
367 182
367 270
367 582
367 897
367 951
367 992
368 160
368 511
368 830
368 915
368 994
368 996
369 56
369 501
369 803
369 807
369 849
369 886
370 30
370 289
370 739
370 866
370 932
370 985
371 49
371 74
371 243
371 587
371 836
371 944
371 949
372 477
372 553
372 719
372 827
372 909
372 935
372 936
373 461
373 473
373 611
373 855
373 892
373 893
373 956
374 361
374 677
374 870
374 884
374 891
374 941
374 967
375 289
375 293
375 518
375 519
375 674
375 772
375 920
376 27
376 171
376 403
376 530
376 890
376 914
376 976
377 314
377 802
377 804
377 816
377 896
377 934
377 959
378 339
378 580
378 860
378 952
378 976
378 995
378 997
379 455
379 509
379 672
379 823
379 826
379 932
379 999
380 366
380 602
380 692
380 783
380 880
380 884
380 955
381 383
381 439
381 521
381 547
381 698
381 757
381 944
382 319
382 591
382 627
382 651
382 701
382 762
382 938
383 67
383 301
383 381
383 446
383 894
383 920
383 944
384 41
384 399
384 614
384 793
384 840
384 893
384 896
385 487
385 631
385 656
385 715
385 761
385 927
385 949
386 271
386 275
386 281
386 398
386 962
386 986
386 988
387 12
387 237
387 350
387 591
387 662
387 867
387 929
388 144
388 674
388 722
388 781
388 925
388 929
388 969
389 43
389 401
389 508
389 880
389 902
389 971
389 983
390 236
390 296
390 311
390 394
390 685
390 822
390 960
391 516
391 796
391 831
391 888
391 959
391 985
391 999
392 397
392 735
392 777
392 800
392 809
392 909
392 965
393 213
393 269
393 426
393 818
393 882
393 912
393 978
394 28
394 177
394 309
394 390
394 579
394 650
394 878
395 130
395 638
395 706
395 739
395 791
395 801
395 860
396 259
396 274
396 338
396 424
396 712
396 940
396 963
397 294
397 392
397 491
397 496
397 669
397 948
397 965
398 386
398 738
398 763
398 851
398 930
398 964
398 986
399 261
399 318
399 384
399 494
399 619
399 787
399 825
400 57
400 255
400 365
400 453
400 869
400 921
400 974
401 286
401 309
401 389
401 506
401 650
401 774
401 972
402 16
402 133
402 194
402 486
402 952
402 976
402 997
403 68
403 376
403 668
403 772
403 820
403 888
403 996
404 304
404 482
404 665
404 810
404 814
404 970
404 993
405 311
405 653
405 688
405 887
405 936
405 972
405 981
406 674
406 722
406 736
406 751
406 785
406 905
406 969
407 180
407 248
407 309
407 494
407 702
407 775
407 809
408 421
408 533
408 671
408 799
408 949
408 988
408 990
409 458
409 581
409 738
409 754
409 794
409 910
409 982
410 224
410 627
410 701
410 762
410 773
410 818
410 968
411 114
411 789
411 800
411 823
411 875
411 876
411 945
412 173
412 598
412 857
412 924
412 937
412 944
412 953
413 288
413 320
413 480
413 621
413 879
413 889
413 964
414 74
414 552
414 765
414 901
414 903
414 937
414 993
415 247
415 552
415 592
415 710
415 788
415 856
415 872
416 12
416 54
416 508
416 540
416 576
416 884
416 983
417 536
417 772
417 895
417 932
417 938
417 968
417 985
418 125
418 445
418 566
418 684
418 713
418 926
418 968
419 223
419 349
419 351
419 431
419 632
419 828
419 917
420 220
420 424
420 609
420 748
420 857
420 931
420 988
421 163
421 174
421 408
421 630
421 809
421 841
421 921
422 198
422 580
422 739
422 801
422 860
422 923
422 987
423 234
423 506
423 631
423 749
423 765
423 903
423 941
424 216
424 268
424 396
424 420
424 707
424 712
424 940
425 1
425 122
425 245
425 907
425 930
425 991
425 998
426 328
426 393
426 486
426 533
426 814
426 905
426 960
427 78
427 571
427 640
427 709
427 747
427 922
427 932
428 322
428 780
428 789
428 841
428 876
428 954
428 963
429 38
429 157
429 301
429 838
429 908
429 978
429 980
430 270
430 548
430 572
430 576
430 760
430 847
430 913
431 95
431 156
431 419
431 847
431 917
431 950
431 959
432 207
432 224
432 604
432 683
432 806
432 929
432 971
433 172
433 510
433 525
433 607
433 667
433 817
433 991
434 301
434 345
434 443
434 661
434 812
434 828
434 847
435 290
435 616
435 714
435 728
435 910
435 942
435 986
436 88
436 107
436 682
436 741
436 803
436 861
436 967
437 285
437 562
437 795
437 899
437 931
437 942
437 971
438 267
438 357
438 497
438 695
438 830
438 846
438 866
439 381
439 443
439 460
439 555
439 687
439 718
439 866
440 39
440 316
440 441
440 623
440 823
440 912
440 989
441 250
441 344
441 440
441 494
441 724
441 800
441 881
442 135
442 209
442 597
442 705
442 796
442 906
442 923
443 67
443 311
443 349
443 434
443 439
443 549
443 793
444 83
444 335
444 748
444 768
444 824
444 844
444 939
445 33
445 363
445 418
445 600
445 643
445 777
445 965
446 383
446 521
446 558
446 671
446 838
446 941
446 955
447 268
447 502
447 801
447 885
447 951
447 957
447 972
448 164
448 325
448 736
448 811
448 821
448 888
448 986
449 195
449 283
449 347
449 585
449 743
449 833
449 908
450 314
450 698
450 729
450 768
450 815
450 873
450 994
451 480
451 566
451 601
451 676
451 885
451 896
451 942
452 276
452 288
452 676
452 696
452 887
452 909
452 941
453 221
453 351
453 400
453 475
453 610
453 947
453 974
454 115
454 522
454 675
454 922
454 946
454 952
454 976
455 379
455 612
455 819
455 888
455 932
455 934
455 959
456 6
456 102
456 117
456 618
456 668
456 820
456 888
457 530
457 644
457 654
457 683
457 844
457 929
457 952
458 409
458 790
458 863
458 913
458 915
458 943
458 982
459 63
459 202
459 831
459 898
459 956
459 968
459 972
460 439
460 636
460 863
460 902
460 926
460 943
460 947
461 235
461 305
461 373
461 463
461 670
461 735
461 850
462 100
462 474
462 530
462 572
462 644
462 654
462 871
463 461
463 465
463 505
463 766
463 861
463 866
463 958
464 532
464 543
464 545
464 592
464 662
464 859
464 990
465 254
465 463
465 482
465 574
465 681
465 747
465 810
466 583
466 698
466 729
466 815
466 872
466 873
466 907
467 95
467 273
467 640
467 697
467 699
467 709
467 784
468 176
468 759
468 887
468 912
468 919
468 943
468 979
469 344
469 485
469 550
469 808
469 869
469 877
469 974
470 29
470 169
470 502
470 898
470 970
470 972
470 999
471 573
471 604
471 634
471 654
471 740
471 749
471 980
472 886
472 939
472 948
472 986
472 990
472 991
472 998
473 284
473 350
473 373
473 514
473 813
473 821
473 857
474 10
474 462
474 572
474 725
474 763
474 872
474 929
475 117
475 226
475 453
475 584
475 594
475 757
475 908
476 316
476 485
476 514
476 637
476 647
476 678
476 963
477 93
477 266
477 372
477 539
477 552
477 895
477 927
478 262
478 529
478 764
478 780
478 859
478 895
478 909
479 41
479 313
479 342
479 674
479 781
479 785
479 969
480 234
480 259
480 260
480 413
480 451
480 590
480 768
480 935
481 506
481 531
481 585
481 712
481 743
481 792
481 957
481 979
482 404
482 465
482 752
482 802
482 858
482 984
482 990
482 993
483 669
483 765
483 819
483 831
483 894
483 916
483 932
483 959
484 62
484 232
484 542
484 543
484 657
484 783
484 822
484 969
485 78
485 364
485 469
485 476
485 675
485 709
485 952
485 988
486 402
486 426
486 544
486 775
486 825
486 890
486 914
486 943
487 21
487 385
487 488
487 593
487 658
487 748
487 778
487 813
488 316
488 336
488 487
488 876
488 887
488 917
488 956
488 981
489 20
489 536
489 786
489 872
489 895
489 906
489 932
489 966
490 290
490 325
490 637
490 789
490 878
490 897
490 983
490 984
491 397
491 792
491 802
491 834
491 904
491 958
491 967
491 989
492 234
492 517
492 604
492 696
492 798
492 863
492 889
492 916
493 214
493 356
493 640
493 655
493 899
493 922
493 988
493 997
494 209
494 399
494 407
494 441
494 560
494 783
494 848
494 991
495 6
495 79
495 510
495 525
495 642
495 667
495 716
495 927
496 397
496 578
496 660
496 777
496 807
496 809
496 965
496 995
497 219
497 438
497 665
497 786
497 896
497 914
497 921
497 945
498 280
498 557
498 560
498 649
498 702
498 775
498 783
498 957
499 16
499 81
499 552
499 695
499 710
499 872
499 877
499 970
500 32
500 507
500 571
500 788
500 876
500 917
500 954
500 986
501 258
501 369
501 604
501 703
501 705
501 752
501 901
501 911
502 58
502 86
502 87
502 176
502 447
502 470
502 841
502 957
503 126
503 303
503 638
503 688
503 720
503 917
503 923
503 981
504 580
504 797
504 813
504 851
504 904
504 910
504 942
504 948
505 463
505 508
505 766
505 822
505 861
505 924
505 954
505 993
506 401
506 423
506 481
506 602
506 732
506 840
506 874
506 893
507 66
507 282
507 500
507 632
507 706
507 757
507 928
507 945
508 306
508 348
508 389
508 416
508 505
508 775
508 955
508 983
509 51
509 379
509 516
509 555
509 561
509 690
509 730
509 819
510 34
510 113
510 172
510 190
510 433
510 495
510 523
510 901
511 70
511 368
511 652
511 694
511 915
511 956
511 969
511 994
512 252
512 344
512 610
512 672
512 783
512 832
512 962
512 974
513 254
513 540
513 577
513 723
513 831
513 937
513 943
513 982
514 473
514 476
514 737
514 775
514 778
514 841
514 857
514 872
515 143
515 600
515 619
515 718
515 775
515 888
515 938
515 999
516 101
516 241
516 391
516 509
516 569
516 624
516 820
516 999
517 40
517 218
517 273
517 492
517 574
517 693
517 758
517 997
518 20
518 120
518 289
518 293
518 375
518 519
518 715
518 920
519 258
519 375
519 518
519 522
519 810
519 834
519 845
519 920
520 0
520 127
520 563
520 662
520 774
520 907
520 923
520 938
521 53
521 201
521 381
521 446
521 547
521 699
521 745
521 842
522 454
522 519
522 645
522 713
522 795
522 839
522 966
522 998
523 48
523 311
523 510
523 545
523 614
523 625
523 796
523 902
524 238
524 574
524 709
524 862
524 873
524 884
524 915
524 997
525 34
525 310
525 433
525 495
525 607
525 645
525 667
525 951
526 107
526 287
526 795
526 807
526 816
526 933
526 986
526 994
527 73
527 239
527 304
527 566
527 666
527 739
527 905
527 990
528 209
528 573
528 611
528 726
528 770
528 780
528 948
528 994
529 478
529 603
529 714
529 722
529 764
529 788
529 981
529 995
530 50
530 376
530 457
530 462
530 774
530 825
530 864
530 867
531 265
531 298
531 332
531 481
531 536
531 830
531 914
531 925
532 464
532 697
532 742
532 784
532 818
532 865
532 887
532 916
533 26
533 96
533 304
533 408
533 426
533 864
533 960
533 965
534 579
534 629
534 643
534 672
534 742
534 758
534 808
534 873
535 227
535 318
535 537
535 690
535 744
535 927
535 957
535 972
536 145
536 417
536 489
536 531
536 830
536 868
536 895
536 921
537 63
537 535
537 771
537 828
537 885
537 898
537 934
537 957
538 610
538 659
538 694
538 734
538 879
538 924
538 943
538 995
539 162
539 246
539 326
539 355
539 477
539 592
539 845
539 902
540 334
540 416
540 513
540 546
540 569
540 717
540 723
540 927
541 137
541 626
541 790
541 794
541 877
541 883
541 968
541 975
542 484
542 543
542 704
542 725
542 786
542 858
542 914
542 964
543 318
543 464
543 484
543 542
543 762
543 765
543 825
543 914
544 86
544 486
544 613
544 659
544 885
544 928
544 957
544 972
545 68
545 289
545 360
545 464
545 523
545 773
545 867
545 992
546 159
546 215
546 540
546 735
546 832
546 863
546 917
546 974
547 54
547 111
547 381
547 521
547 562
547 628
547 907
547 928
548 308
548 430
548 550
548 652
548 674
548 781
548 785
548 969
549 277
549 443
549 691
549 692
549 805
549 813
549 951
549 985
550 108
550 114
550 469
550 548
550 682
550 787
550 874
550 942
551 98
551 587
551 695
551 808
551 894
551 943
551 947
551 974
552 219
552 290
552 414
552 415
552 477
552 499
552 803
552 921
553 372
553 615
553 689
553 719
553 725
553 821
553 827
553 935
554 258
554 586
554 602
554 634
554 754
554 845
554 920
554 971
555 439
555 509
555 617
555 721
555 932
555 959
555 967
555 979
555 999
556 58
556 160
556 688
556 861
556 868
556 876
556 947
556 950
556 996
557 498
557 723
557 836
557 839
557 896
557 899
557 915
557 934
557 966
558 276
558 446
558 561
558 596
558 621
558 676
558 760
558 798
558 995
559 186
559 583
559 618
559 666
559 670
559 754
559 866
559 938
559 999
560 494
560 498
560 686
560 690
560 702
560 705
560 775
560 890
560 993
561 276
561 320
561 509
561 558
561 856
561 889
561 940
561 941
561 989
562 24
562 437
562 547
562 839
562 877
562 899
562 923
562 933
562 934
563 150
563 263
563 285
563 520
563 633
563 698
563 794
563 859
563 911
564 32
564 278
564 282
564 302
564 594
564 669
564 822
564 846
564 993
565 179
565 292
565 582
565 709
565 823
565 852
565 854
565 881
565 923
566 276
566 418
566 451
566 527
566 696
566 869
566 910
566 960
566 989
567 65
567 165
567 242
567 685
567 729
567 936
567 950
567 954
567 995
568 157
568 175
568 191
568 685
568 726
568 838
568 908
568 912
568 921
569 140
569 516
569 540
569 677
569 820
569 844
569 885
569 959
569 985
570 89
570 336
570 648
570 732
570 837
570 868
570 907
570 950
570 981
571 152
571 348
571 356
571 427
571 500
571 802
571 820
571 862
571 881
572 131
572 192
572 430
572 462
572 474
572 654
572 722
572 806
572 906
573 15
573 274
573 471
573 528
573 726
573 727
573 892
573 961
573 994
574 165
574 465
574 517
574 524
574 578
574 693
574 714
574 873
574 976
575 585
575 701
575 740
575 792
575 853
575 912
575 916
575 939
575 964
576 416
576 430
576 584
576 736
576 880
576 883
576 913
576 944
576 982
577 138
577 513
577 654
577 903
577 927
577 929
577 944
577 948
577 949
578 113
578 295
578 363
578 496
578 574
578 674
578 809
578 855
578 965
579 37
579 158
579 394
579 534
579 694
579 700
579 839
579 869
579 879
580 378
580 422
580 504
580 638
580 739
580 801
580 860
580 876
580 899
581 5
581 238
581 409
581 726
581 799
581 892
581 956
581 994
581 996
582 79
582 221
582 367
582 565
582 622
582 810
582 818
582 854
582 875
583 466
583 559
583 729
583 771
583 805
583 807
583 815
583 873
583 932
584 302
584 475
584 576
584 600
584 715
584 738
584 794
584 870
584 953
585 248
585 449
585 481
585 575
585 603
585 908
585 916
585 925
585 939
586 249
586 554
586 590
586 602
586 806
586 835
586 845
586 920
586 949
587 102
587 371
587 551
587 598
587 691
587 843
587 852
587 853
587 949
588 201
588 591
588 623
588 628
588 660
588 755
588 826
588 856
588 987
589 47
589 329
589 731
589 736
589 884
589 888
589 910
589 986
589 991
590 22
590 109
590 480
590 586
590 601
590 635
590 880
590 941
590 965
591 75
591 382
591 387
591 588
591 695
591 701
591 737
591 762
591 902
592 48
592 415
592 464
592 539
592 701
592 778
592 867
592 902
592 920
593 284
593 316
593 350
593 487
593 642
593 748
593 842
593 931
593 981
594 302
594 475
594 564
594 621
594 757
594 770
594 776
594 890
594 928
595 200
595 322
595 717
595 758
595 776
595 784
595 926
595 968
595 983
596 37
596 57
596 110
596 558
596 601
596 635
596 667
596 798
596 889
597 442
597 759
597 787
597 788
597 811
597 846
597 942
597 948
597 998
598 197
598 412
598 587
598 682
598 765
598 831
598 883
598 918
598 944
599 82
599 210
599 719
599 827
599 862
599 874
599 881
599 909
599 935
600 445
600 515
600 584
600 738
600 817
600 836
600 864
600 870
600 975
601 451
601 590
601 596
601 798
601 869
601 889
601 924
601 941
601 943
602 132
602 157
602 380
602 506
602 554
602 586
602 845
602 920
602 995
603 307
603 324
603 365
603 529
603 585
603 660
603 693
603 856
603 987
604 432
604 471
604 492
604 501
604 647
604 755
604 844
604 973
604 980
605 172
605 270
605 816
605 842
605 896
605 899
605 934
605 971
605 983
606 211
606 660
606 734
606 783
606 822
606 848
606 856
606 987
606 993
607 6
607 79
607 137
607 190
607 433
607 525
607 679
607 795
607 838
608 283
608 688
608 706
608 828
608 847
608 861
608 878
608 917
608 981
609 420
609 683
609 725
609 747
609 761
609 790
609 809
609 871
609 929
610 453
610 512
610 538
610 659
610 781
610 925
610 939
610 943
610 949
611 173
611 203
611 329
611 373
611 528
611 770
611 892
611 915
611 996
612 177
612 275
612 279
612 455
612 631
612 853
612 890
612 918
612 953
613 87
613 126
613 291
613 544
613 843
613 885
613 898
613 959
613 972
614 162
614 384
614 523
614 662
614 742
614 762
614 885
614 902
614 987
615 553
615 686
615 719
615 767
615 827
615 890
615 909
615 924
615 935
616 214
616 435
616 632
616 740
616 768
616 925
616 945
616 961
616 978
617 122
617 335
617 354
617 555
617 669
617 718
617 730
617 875
617 893
618 337
618 456
618 559
618 666
618 702
618 866
618 955
618 959
618 985
619 399
619 515
619 629
619 774
619 775
619 825
619 890
619 920
619 982
620 633
620 728
620 751
620 846
620 910
620 930
620 942
620 969
620 991
621 234
621 288
621 300
621 364
621 413
621 558
621 594
621 645
621 941
622 118
622 155
622 239
622 246
622 582
622 707
622 796
622 852
622 883
622 961
623 43
623 151
623 440
623 588
623 712
623 724
623 753
623 852
623 875
623 932
624 189
624 290
624 516
624 646
624 689
624 731
624 789
624 801
624 875
624 918
625 19
625 296
625 302
625 523
625 671
625 812
625 834
625 838
625 901
625 928
626 324
626 541
626 715
626 790
626 827
626 870
626 883
626 949
626 982
626 999
627 129
627 382
627 410
627 647
627 662
627 742
627 784
627 867
627 887
627 940
628 51
628 349
628 547
628 588
628 671
628 685
628 838
628 928
628 949
628 978
629 134
629 534
629 619
629 657
629 679
629 686
629 719
629 733
629 774
629 875
630 225
630 267
630 421
630 665
630 807
630 830
630 872
630 921
630 978
630 988
631 87
631 279
631 340
631 385
631 423
631 612
631 727
631 730
631 749
631 953
632 419
632 507
632 616
632 743
632 768
632 793
632 833
632 882
632 939
632 980
633 229
633 364
633 563
633 620
633 783
633 798
633 893
633 923
633 964
633 973
634 118
634 147
634 471
634 554
634 747
634 750
634 810
634 842
634 970
634 993
635 260
635 590
635 596
635 637
635 638
635 668
635 798
635 889
635 941
635 971
636 103
636 299
636 359
636 460
636 643
636 648
636 694
636 774
636 937
636 974
637 151
637 476
637 490
637 635
637 642
637 735
637 753
637 800
637 858
637 997
638 107
638 395
638 503
638 580
638 635
638 687
638 706
638 739
638 801
638 860
639 41
639 181
639 253
639 333
639 708
639 710
639 785
639 857
639 878
639 893
640 208
640 234
640 273
640 427
640 467
640 493
640 642
640 751
640 956
640 976
641 222
641 239
641 241
641 643
641 799
641 814
641 887
641 905
641 960
641 990
642 495
642 593
642 637
642 640
642 658
642 737
642 841
642 857
642 931
642 999
643 358
643 445
643 534
643 636
643 641
643 677
643 832
643 863
643 947
643 955
644 192
644 269
644 457
644 462
644 722
644 755
644 760
644 871
644 973
644 980
645 522
645 525
645 621
645 730
645 804
645 835
645 933
645 952
645 966
645 971
646 4
646 274
646 624
646 698
646 700
646 815
646 823
646 853
646 873
646 975
647 118
647 250
647 476
647 604
647 627
647 670
647 833
647 850
647 881
647 949
648 146
648 327
648 570
648 636
648 868
648 887
648 936
648 946
648 962
648 995
649 318
649 498
649 657
649 688
649 704
649 783
649 806
649 827
649 914
649 919
650 394
650 401
650 695
650 751
650 763
650 791
650 840
650 878
650 944
650 961
651 56
651 382
651 725
651 752
651 817
651 822
651 901
651 911
651 964
651 985
652 40
652 247
652 511
652 548
652 892
652 909
652 915
652 956
652 994
652 996
653 36
653 323
653 405
653 764
653 907
653 914
653 917
653 950
653 981
653 990
654 457
654 462
654 471
654 572
654 577
654 678
654 722
654 808
654 961
654 980
655 22
655 105
655 305
655 493
655 717
655 927
655 934
655 953
655 975
655 990
656 24
656 385
656 663
656 886
656 903
656 914
656 944
656 953
656 965
656 995
657 171
657 484
657 629
657 649
657 659
657 723
657 890
657 906
657 914
657 997
658 487
658 642
658 769
658 778
658 841
658 857
658 892
658 900
658 912
658 981
659 159
659 538
659 544
659 610
659 657
659 663
659 672
659 754
659 829
659 974
660 496
660 588
660 603
660 606
660 663
660 769
660 788
660 818
660 848
660 987
661 91
661 277
661 434
661 677
661 767
661 802
661 891
661 946
661 958
661 997
662 5
662 257
662 387
662 464
662 520
662 614
662 627
662 867
662 902
662 915
663 110
663 125
663 656
663 659
663 660
663 728
663 853
663 918
663 937
663 944
664 198
664 745
664 787
664 802
664 877
664 946
664 958
664 980
664 986
664 989
665 225
665 404
665 497
665 630
665 710
665 786
665 840
665 882
665 904
665 921
666 186
666 285
666 527
666 559
666 618
666 669
666 810
666 929
666 932
666 938
667 6
667 34
667 190
667 433
667 495
667 525
667 596
667 726
667 764
667 904
668 129
668 362
668 403
668 456
668 635
668 681
668 772
668 925
668 938
668 985
669 143
669 221
669 397
669 483
669 564
669 617
669 666
669 755
669 985
669 999
670 61
670 461
670 559
670 647
670 701
670 789
670 852
670 855
670 897
670 963
671 123
671 408
671 446
671 625
671 628
671 757
671 822
671 838
671 882
671 941
672 46
672 379
672 512
672 534
672 659
672 732
672 754
672 869
672 918
672 962
673 363
673 856
673 877
673 904
673 940
673 945
673 958
673 967
673 989
673 994
674 375
674 388
674 406
674 479
674 548
674 578
674 781
674 888
674 969
674 977
675 78
675 115
675 148
675 299
675 454
675 485
675 733
675 928
675 976
675 997
676 57
676 169
676 233
676 278
676 451
676 452
676 558
676 700
676 994
676 996
677 151
677 374
677 569
677 643
677 661
677 786
677 891
677 904
677 945
677 989
678 0
678 135
678 199
678 476
678 654
678 680
678 733
678 752
678 849
678 906
678 964
679 73
679 261
679 607
679 629
679 710
679 829
679 880
679 884
679 948
679 968
679 977
680 3
680 45
680 298
680 678
680 753
680 763
680 782
680 867
680 874
680 893
680 957
681 1
681 262
681 351
681 465
681 668
681 711
681 746
681 788
681 828
681 907
681 995
682 252
682 292
682 300
682 436
682 550
682 598
682 690
682 803
682 805
682 882
682 951
683 167
683 432
683 457
683 609
683 722
683 806
683 871
683 889
683 966
683 980
683 989
684 128
684 332
684 418
684 811
684 814
684 900
684 904
684 955
684 977
684 978
684 983
685 88
685 345
685 390
685 567
685 568
685 628
685 686
685 757
685 762
685 822
685 928
686 218
686 307
686 364
686 560
686 615
686 629
686 685
686 702
686 733
686 864
686 919
687 291
687 439
687 638
687 816
687 931
687 938
687 949
687 959
687 962
687 985
687 999
688 58
688 68
688 405
688 503
688 556
688 608
688 649
688 847
688 936
688 977
688 999
689 17
689 179
689 553
689 624
689 796
689 835
689 850
689 875
689 881
689 907
689 961
690 297
690 310
690 509
690 535
690 560
690 682
690 705
690 813
690 824
690 951
690 992
691 69
691 167
691 297
691 314
691 343
691 549
691 587
691 758
691 805
691 824
691 865
692 55
692 128
692 380
692 549
692 693
692 829
692 884
692 955
692 968
692 977
692 980
693 187
693 517
693 574
693 603
693 692
693 709
693 714
693 716
693 891
693 922
693 972
694 359
694 511
694 538
694 579
694 636
694 746
694 749
694 754
694 869
694 947
694 978
695 174
695 247
695 266
695 298
695 438
695 499
695 551
695 591
695 650
695 841
695 895
696 39
696 64
696 148
696 170
696 260
696 452
696 492
696 566
696 798
696 878
696 942
697 131
697 163
697 264
697 467
697 532
697 707
697 708
697 732
697 782
697 791
697 829
698 39
698 381
698 450
698 466
698 563
698 646
698 771
698 815
698 863
698 873
698 886
699 117
699 175
699 467
699 521
699 729
699 762
699 952
699 959
699 966
699 976
699 988
700 55
700 277
700 361
700 579
700 646
700 676
700 803
700 810
700 837
700 951
700 992
701 168
701 246
701 382
701 410
701 575
701 591
701 592
701 670
701 784
701 938
701 953
702 104
702 407
702 498
702 560
702 618
702 686
702 718
702 774
702 825
702 847
702 890
703 165
703 501
703 716
703 855
703 879
703 922
703 952
703 982
703 988
703 991
703 997
704 84
704 210
704 232
704 542
704 649
704 733
704 774
704 825
704 827
704 859
704 914
705 150
705 442
705 501
705 560
705 690
705 766
705 817
705 870
705 901
705 923
705 987
706 103
706 196
706 231
706 395
706 507
706 608
706 638
706 739
706 801
706 839
706 860
707 95
707 132
707 161
707 424
707 622
707 697
707 834
707 837
707 840
707 859
707 878
708 7
708 161
708 193
708 201
708 331
708 639
708 697
708 734
708 815
708 918
708 984
709 115
709 237
709 238
709 427
709 467
709 485
709 524
709 565
709 693
709 927
709 941
710 202
710 415
710 499
710 639
710 665
710 679
710 746
710 829
710 830
710 895
710 921
711 85
711 194
711 238
711 348
711 681
711 849
711 896
711 934
711 952
711 988
711 997
712 13
712 259
712 268
712 340
712 396
712 424
712 481
712 623
712 753
712 919
712 940
713 6
713 284
713 418
713 522
713 835
713 896
713 899
713 934
713 955
713 965
713 971
714 111
714 365
714 435
714 529
714 574
714 693
714 821
714 922
714 952
714 967
714 988
715 61
715 82
715 136
715 385
715 518
715 584
715 626
715 870
715 899
715 913
715 975
716 40
716 197
716 336
716 495
716 693
716 703
716 806
716 820
716 890
716 988
716 997
717 227
717 540
717 595
717 655
717 749
717 812
717 843
717 903
717 953
717 962
717 993
718 30
718 252
718 263
718 439
718 515
718 617
718 702
718 730
718 756
718 760
718 982
719 182
719 291
719 372
719 553
719 599
719 615
719 629
719 879
719 909
719 935
719 996
720 105
720 240
720 503
720 788
720 828
720 844
720 847
720 876
720 887
720 907
720 981
720 983
721 101
721 124
721 133
721 194
721 224
721 280
721 555
721 740
721 761
721 871
721 951
721 980
722 280
722 388
722 406
722 529
722 572
722 644
722 654
722 683
722 871
722 906
722 950
722 980
723 29
723 240
723 265
723 513
723 540
723 557
723 657
723 834
723 853
723 903
723 927
723 992
724 4
724 17
724 441
724 623
724 727
724 796
724 804
724 854
724 881
724 907
724 912
724 982
725 19
725 256
725 474
725 542
725 553
725 609
725 651
725 740
725 761
725 929
725 948
725 980
726 528
726 568
726 573
726 581
726 667
726 855
726 892
726 903
726 915
726 916
726 974
726 994
727 573
727 631
727 724
727 827
727 855
727 892
727 893
727 915
727 947
727 956
727 994
727 996
728 301
728 435
728 620
728 663
728 851
728 886
728 894
728 962
728 972
728 976
728 986
728 992
729 112
729 330
729 450
729 466
729 567
729 583
729 699
729 764
729 771
729 815
729 873
729 970
730 106
730 122
730 509
730 617
730 631
730 645
730 718
730 772
730 802
730 845
730 938
730 985
731 9
731 199
731 589
731 624
731 750
731 858
731 876
731 924
731 943
731 970
731 975
731 993
732 253
732 506
732 570
732 672
732 697
732 791
732 793
732 833
732 859
732 928
732 955
732 984
733 244
733 307
733 629
733 675
733 678
733 686
733 704
733 774
733 783
733 864
733 890
733 993
734 285
734 538
734 606
734 708
734 769
734 826
734 848
734 856
734 953
734 974
734 986
734 987
735 151
735 155
735 392
735 461
735 546
735 637
735 753
735 789
735 847
735 850
735 888
735 897
736 185
736 329
736 406
736 448
736 576
736 589
736 757
736 846
736 865
736 917
736 948
736 962
737 207
737 220
737 317
737 326
737 514
737 591
737 642
737 757
737 857
737 894
737 908
737 931
738 398
738 409
738 584
738 600
738 790
738 826
738 849
738 864
738 883
738 942
738 975
738 998
739 231
739 260
739 370
739 395
739 422
739 527
739 580
739 638
739 706
739 801
739 895
739 904
740 134
740 471
740 575
740 616
740 721
740 725
740 761
740 806
740 818
740 844
740 848
740 980
741 236
741 292
741 297
741 343
741 436
741 803
741 805
741 824
741 830
741 857
741 874
741 981
742 1
742 216
742 532
742 534
742 614
742 627
742 773
742 795
742 815
742 818
742 867
742 970
743 31
743 158
743 215
743 238
743 449
743 481
743 632
743 747
743 792
743 833
743 925
743 978
744 9
744 38
744 87
744 168
744 257
744 317
744 535
744 745
744 887
744 898
744 957
744 972
745 521
745 664
745 744
745 823
745 857
745 877
745 891
745 914
745 945
745 946
745 958
745 967
746 36
746 62
746 163
746 225
746 266
746 681
746 694
746 710
746 766
746 768
746 786
746 872
747 18
747 165
747 427
747 465
747 609
747 634
747 743
747 766
747 822
747 861
747 924
747 970
748 43
748 52
748 121
748 420
748 444
748 487
748 593
748 797
748 820
748 862
748 900
748 931
749 71
749 279
749 423
749 471
749 631
749 694
749 717
749 843
749 903
749 911
749 944
749 970
750 288
750 634
750 731
750 761
750 766
750 858
750 876
750 900
750 924
750 956
750 970
750 993
751 84
751 91
751 144
751 147
751 342
751 406
751 620
751 640
751 650
751 876
751 948
751 969
752 350
752 482
752 501
752 651
752 678
752 817
752 872
752 901
752 906
752 964
752 973
752 985
753 195
753 200
753 305
753 623
753 637
753 680
753 712
753 735
753 881
753 890
753 897
753 961
754 409
754 554
754 559
754 659
754 672
754 694
754 832
754 862
754 869
754 879
754 883
754 943
755 19
755 80
755 356
755 588
755 604
755 644
755 669
755 761
755 844
755 941
755 944
755 980
756 271
756 279
756 354
756 718
756 772
756 780
756 820
756 852
756 888
756 935
756 938
756 959
757 217
757 357
757 381
757 475
757 507
757 594
757 671
757 685
757 736
757 737
757 759
757 908
758 128
758 227
758 332
758 517
758 534
758 595
758 691
758 829
758 880
758 925
758 983
758 996
759 141
759 148
759 223
759 468
759 597
759 757
759 785
759 882
759 919
759 939
759 978
759 979
760 155
760 222
760 230
760 430
760 558
760 644
760 718
760 794
760 870
760 899
760 913
760 975
760 982
761 70
761 206
761 385
761 609
761 721
761 725
761 740
761 750
761 755
761 844
761 871
761 922
761 929
762 1
762 77
762 133
762 382
762 410
762 543
762 591
762 614
762 685
762 699
762 811
762 867
762 902
763 95
763 309
763 398
763 474
763 650
763 680
763 782
763 791
763 793
763 828
763 899
763 922
763 932
764 262
764 478
764 529
764 653
764 667
764 729
764 773
764 811
764 814
764 847
764 868
764 887
764 954
765 70
765 281
765 322
765 414
765 423
765 483
765 543
765 598
765 806
765 843
765 871
765 918
765 937
766 114
766 136
766 463
766 505
766 705
766 746
766 747
766 750
766 795
766 810
766 919
766 924
766 993
767 244
767 615
767 661
767 773
767 810
767 813
767 877
767 904
767 940
767 945
767 958
767 967
767 989
768 66
768 135
768 444
768 450
768 480
768 616
768 632
768 746
768 882
768 916
768 919
768 925
768 979
769 62
769 301
769 324
769 658
769 660
769 734
769 816
769 826
769 845
769 848
769 856
769 934
769 987
770 24
770 212
770 278
770 528
770 594
770 611
770 855
770 897
770 915
770 940
770 990
770 994
770 996
771 112
771 130
771 537
771 583
771 698
771 729
771 815
771 840
771 842
771 873
771 889
771 915
771 954
772 20
772 65
772 267
772 271
772 375
772 403
772 417
772 668
772 730
772 756
772 866
772 932
772 974
773 237
773 246
773 247
773 410
773 545
773 742
773 764
773 767
773 784
773 818
773 841
773 902
773 967
774 401
774 520
774 530
774 619
774 629
774 636
774 702
774 704
774 733
774 777
774 783
774 814
774 914
775 13
775 188
775 209
775 218
775 307
775 407
775 486
775 498
775 508
775 514
775 515
775 560
775 619
776 90
776 227
776 251
776 303
776 331
776 346
776 594
776 595
776 780
776 829
776 968
776 977
776 983
777 226
777 294
777 295
777 363
777 392
777 445
777 496
777 774
777 809
777 850
777 925
777 928
777 965
778 25
778 34
778 207
778 263
778 350
778 487
778 514
778 592
778 658
778 779
778 841
778 900
778 931
779 37
779 329
779 330
779 361
779 778
779 819
779 904
779 945
779 946
779 958
779 967
779 989
779 990
780 99
780 206
780 283
780 286
780 428
780 478
780 528
780 756
780 776
780 788
780 936
780 951
780 954
781 147
781 258
781 342
781 358
781 388
781 479
781 548
781 610
781 674
781 785
781 863
781 893
781 969
782 69
782 177
782 178
782 266
782 680
782 697
782 763
782 791
782 793
782 798
782 874
782 960
782 984
783 307
783 380
783 484
783 494
783 498
783 512
783 606
783 633
783 649
783 733
783 774
783 890
783 973
784 1
784 68
784 237
784 467
784 532
784 595
784 627
784 701
784 773
784 818
784 857
784 868
784 990
785 67
785 84
785 91
785 219
785 308
785 406
785 479
785 548
785 639
785 759
785 781
785 928
785 969
786 161
786 174
786 489
786 497
786 542
786 665
786 677
786 746
786 828
786 830
786 868
786 895
786 921
787 162
787 248
787 275
787 399
787 550
787 597
787 664
787 811
787 837
787 852
787 886
787 942
787 998
788 206
788 415
788 500
788 529
788 597
788 660
788 681
788 720
788 780
788 823
788 830
788 907
788 995
789 4
789 99
789 266
789 362
789 411
789 428
789 490
789 624
789 670
789 735
789 812
789 832
789 918
790 282
790 297
790 458
790 541
790 609
790 626
790 738
790 836
790 870
790 913
790 927
790 960
790 975
790 978
791 46
791 395
791 650
791 697
791 732
791 763
791 782
791 846
791 847
791 859
791 893
791 964
791 972
791 984
792 89
792 185
792 214
792 227
792 305
792 481
792 491
792 575
792 743
792 916
792 919
792 923
792 939
792 966
793 138
793 193
793 345
793 384
793 443
793 632
793 732
793 763
793 782
793 838
793 840
793 859
793 865
793 930
794 82
794 313
794 409
794 541
794 563
794 584
794 760
794 864
794 883
794 917
794 980
794 982
794 983
794 985
795 8
795 51
795 287
795 331
795 437
795 522
795 526
795 607
795 742
795 766
795 804
795 839
795 883
795 899
796 305
796 391
796 442
796 523
796 622
796 689
796 724
796 850
796 852
796 856
796 875
796 878
796 933
796 951
797 42
797 212
797 322
797 504
797 748
797 802
797 865
797 868
797 886
797 894
797 907
797 930
797 942
797 998
798 39
798 320
798 492
798 558
798 596
798 601
798 633
798 635
798 696
798 782
798 874
798 908
798 962
798 976
799 181
799 216
799 228
799 319
799 352
799 408
799 581
799 641
799 812
799 814
799 816
799 905
799 960
799 990
800 17
800 190
800 287
800 392
800 411
800 441
800 637
800 850
800 852
800 871
800 879
800 897
800 934
800 961
801 196
801 198
801 296
801 347
801 395
801 422
801 447
801 580
801 624
801 638
801 706
801 739
801 822
801 860
802 23
802 360
802 377
802 482
802 491
802 571
802 661
802 664
802 730
802 797
802 945
802 946
802 958
802 967
803 83
803 116
803 343
803 369
803 436
803 552
803 682
803 700
803 741
803 824
803 887
803 898
803 916
803 992
804 89
804 255
804 315
804 377
804 645
804 724
804 795
804 812
804 835
804 838
804 934
804 966
804 971
804 973
805 65
805 277
805 314
805 549
805 583
805 682
805 691
805 741
805 824
805 837
805 944
805 951
805 977
805 996
806 2
806 80
806 432
806 572
806 586
806 649
806 683
806 716
806 740
806 765
806 844
806 929
806 968
806 980
807 115
807 315
807 369
807 496
807 526
807 583
807 630
807 813
807 835
807 896
807 933
807 934
807 966
807 971
808 113
808 163
808 255
808 358
808 469
808 534
808 551
808 654
808 811
808 863
808 893
808 932
808 943
808 974
809 103
809 241
809 294
809 392
809 407
809 421
809 496
809 578
809 609
809 777
809 877
809 916
809 939
809 965
810 192
810 404
810 465
810 519
810 582
810 634
810 666
810 700
810 766
810 767
810 842
810 858
810 950
810 970
811 448
811 597
811 684
811 762
811 764
811 787
811 808
811 886
811 894
811 925
811 930
811 948
811 962
811 967
812 38
812 101
812 157
812 184
812 191
812 311
812 434
812 625
812 717
812 789
812 799
812 804
812 844
812 928
813 69
813 236
813 292
813 473
813 487
813 504
813 549
813 690
813 767
813 807
813 824
813 913
813 951
813 992
814 96
814 143
814 239
814 319
814 328
814 404
814 426
814 641
814 684
814 764
814 774
814 799
814 905
814 960
815 130
815 450
815 466
815 583
815 646
815 698
815 708
815 729
815 742
815 771
815 824
815 873
815 959
815 988
816 243
816 377
816 526
816 605
816 687
816 769
816 799
816 824
816 825
816 896
816 899
816 934
816 966
816 971
817 167
817 179
817 223
817 251
817 333
817 339
817 340
817 433
817 600
817 651
817 705
817 752
817 838
817 984
818 68
818 77
818 393
818 410
818 532
818 582
818 660
818 740
818 742
818 773
818 784
818 825
818 851
818 902
819 129
819 140
819 231
819 254
819 341
819 455
819 483
819 509
819 779
819 820
819 888
819 913
819 938
819 999
820 403
820 456
820 516
820 569
820 571
820 716
820 748
820 756
820 819
820 832
820 866
820 922
820 932
820 981
821 21
821 94
821 245
821 448
821 473
821 553
821 714
821 846
821 877
821 910
821 948
821 986
821 991
821 998
822 67
822 184
822 390
822 484
822 505
822 564
822 606
822 651
822 671
822 685
822 747
822 801
822 908
822 928
823 303
823 346
823 379
823 411
823 440
823 565
823 646
823 745
823 788
823 852
823 854
823 878
823 918
823 961
824 153
824 236
824 444
824 690
824 691
824 741
824 803
824 805
824 813
824 815
824 816
824 835
824 951
824 992
825 142
825 178
825 248
825 318
825 399
825 486
825 530
825 543
825 619
825 702
825 704
825 816
825 818
825 888
825 959
826 62
826 211
826 285
826 291
826 379
826 588
826 734
826 738
826 769
826 828
826 831
826 835
826 848
826 856
826 987
827 142
827 146
827 210
827 249
827 372
827 553
827 599
827 615
827 626
827 649
827 704
827 727
827 863
827 909
827 935
828 206
828 419
828 434
828 537
828 608
828 681
828 720
828 763
828 786
828 826
828 829
828 868
828 876
828 887
828 995
829 97
829 306
829 659
829 679
829 692
829 697
829 710
829 758
829 776
829 828
829 880
829 884
829 926
829 933
829 955
830 175
830 203
830 357
830 368
830 438
830 531
830 536
830 630
830 710
830 741
830 786
830 788
830 872
830 895
830 998
831 61
831 71
831 281
831 291
831 391
831 459
831 483
831 513
831 598
831 826
831 836
831 843
831 927
831 949
831 953
832 74
832 158
832 240
832 358
832 512
832 546
832 643
832 754
832 789
832 820
832 863
832 896
832 937
832 947
832 974
833 49
833 204
833 233
833 256
833 274
833 449
833 632
833 647
833 732
833 743
833 882
833 901
833 912
833 930
833 978
834 141
834 161
834 253
834 286
834 296
834 333
834 491
834 519
834 625
834 707
834 723
834 859
834 885
834 893
834 984
835 586
835 645
835 689
835 713
835 804
835 807
835 824
835 826
835 839
835 898
835 933
835 934
835 966
835 971
835 982
836 136
836 230
836 270
836 341
836 371
836 557
836 600
836 790
836 831
836 839
836 864
836 883
836 913
836 980
836 982
837 69
837 191
837 570
837 700
837 707
837 787
837 805
837 886
837 910
837 937
837 951
837 972
837 979
837 991
837 992
838 66
838 225
838 282
838 429
838 446
838 568
838 607
838 625
838 628
838 671
838 793
838 804
838 817
838 908
838 989
839 11
839 51
839 522
839 557
839 562
839 579
839 706
839 795
839 835
839 836
839 896
839 899
839 925
839 933
839 938
840 14
840 31
840 35
840 138
840 384
840 506
840 650
840 665
840 707
840 771
840 793
840 843
840 893
840 975
840 984
841 156
841 284
841 421
841 428
841 502
841 514
841 642
841 658
841 695
841 773
841 778
841 862
841 895
841 900
841 931
842 10
842 272
842 303
842 521
842 593
842 605
842 634
842 771
842 810
842 858
842 861
842 871
842 924
842 970
842 993
843 22
843 64
843 196
843 321
843 587
843 613
843 717
843 749
843 765
843 831
843 840
843 854
843 900
843 937
843 990
844 12
844 124
844 444
844 457
844 569
844 604
844 720
844 740
844 755
844 761
844 806
844 812
844 871
844 891
844 966
845 132
845 249
845 293
845 331
845 519
845 539
845 554
845 586
845 602
845 730
845 769
845 874
845 876
845 915
845 920
846 32
846 80
846 323
846 438
846 564
846 597
846 620
846 736
846 791
846 821
846 851
846 865
846 894
846 903
846 962
847 126
847 154
847 430
847 431
847 434
847 608
847 688
847 702
847 720
847 735
847 764
847 791
847 969
847 981
847 995
848 288
848 324
848 365
848 494
848 606
848 660
848 734
848 740
848 769
848 826
848 849
848 851
848 856
848 924
848 987
849 31
849 92
849 157
849 223
849 345
849 369
849 678
849 711
849 738
849 848
849 882
849 901
849 906
849 923
849 973
850 76
850 92
850 250
850 341
850 461
850 647
850 689
850 735
850 777
850 796
850 800
850 881
850 936
850 979
850 992
851 44
851 182
851 242
851 398
851 504
851 728
851 818
851 846
851 848
851 917
851 942
851 948
851 966
851 985
851 991
852 212
852 230
852 330
852 565
852 587
852 622
852 623
852 670
852 756
852 787
852 796
852 800
852 823
852 866
852 961
852 963
853 75
853 279
853 300
853 575
853 587
853 612
853 646
853 663
853 723
853 862
853 927
853 937
853 944
853 952
853 978
853 997
854 33
854 127
854 183
854 330
854 334
854 565
854 582
854 724
854 823
854 843
854 860
854 873
854 881
854 941
854 961
854 963
855 76
855 98
855 123
855 216
855 278
855 312
855 373
855 578
855 670
855 703
855 726
855 727
855 770
855 915
855 956
855 994
856 201
856 415
856 561
856 588
856 603
856 606
856 673
856 734
856 769
856 796
856 826
856 848
856 873
856 960
856 987
856 992
857 220
857 284
857 412
857 420
857 473
857 514
857 639
857 642
857 658
857 737
857 741
857 745
857 784
857 900
857 931
857 971
858 10
858 49
858 156
858 326
858 482
858 542
858 637
858 731
858 750
858 810
858 842
858 861
858 924
858 930
858 948
858 993
859 41
859 286
859 315
859 353
859 464
859 478
859 563
859 704
859 707
859 732
859 791
859 793
859 834
859 867
859 892
859 984
860 196
860 198
860 231
860 287
860 338
860 352
860 378
860 395
860 422
860 580
860 638
860 706
860 801
860 854
860 911
860 929
861 18
861 121
861 192
861 254
861 436
861 463
861 505
861 556
861 608
861 747
861 842
861 858
861 865
861 931
861 942
861 970
862 42
862 133
862 156
862 308
862 317
862 350
862 524
862 571
862 599
862 748
862 754
862 841
862 853
862 922
862 947
862 976
863 7
863 78
863 344
863 458
863 460
863 492
863 546
863 643
863 698
863 781
863 808
863 827
863 832
863 869
863 879
863 947
864 40
864 222
864 270
864 530
864 533
864 600
864 686
864 733
864 738
864 794
864 836
864 870
864 913
864 971
864 975
864 982
865 85
865 245
865 256
865 532
865 691
865 736
865 793
865 797
865 846
865 861
865 875
865 930
865 942
865 962
865 986
865 998
866 92
866 94
866 143
866 291
866 370
866 438
866 439
866 463
866 559
866 618
866 772
866 820
866 852
866 870
866 888
866 909
867 27
867 42
867 97
867 177
867 237
867 355
867 387
867 530
867 545
867 592
867 627
867 662
867 680
867 742
867 762
867 859
867 960
868 28
868 58
868 233
868 536
868 556
868 570
868 648
868 764
868 784
868 786
868 797
868 828
868 873
868 876
868 954
868 981
868 995
869 15
869 46
869 176
869 187
869 213
869 400
869 469
869 566
869 579
869 601
869 672
869 694
869 754
869 863
869 888
869 943
869 947
870 60
870 82
870 374
870 584
870 600
870 626
870 705
870 715
870 760
870 790
870 864
870 866
870 883
870 888
870 909
870 975
870 982
871 140
871 154
871 462
871 609
871 644
871 683
871 721
871 722
871 761
871 765
871 800
871 842
871 844
871 916
871 929
871 980
871 992
872 20
872 36
872 247
872 264
872 323
872 352
872 415
872 466
872 474
872 489
872 499
872 514
872 630
872 746
872 752
872 830
872 972
873 112
873 130
873 282
873 450
873 466
873 524
873 534
873 574
873 583
873 646
873 698
873 729
873 771
873 815
873 854
873 856
873 868
874 3
874 28
874 45
874 124
874 131
874 193
874 353
874 506
874 550
874 599
874 680
874 741
874 782
874 798
874 845
874 879
874 984
875 218
875 259
875 341
875 347
875 411
875 582
875 617
875 623
875 624
875 629
875 689
875 796
875 865
875 881
875 897
875 917
875 918
876 44
876 336
876 411
876 428
876 488
876 500
876 556
876 580
876 720
876 731
876 750
876 751
876 828
876 845
876 868
876 907
876 981
877 361
877 469
877 499
877 541
877 562
877 664
877 673
877 745
877 767
877 809
877 821
877 891
877 904
877 945
877 946
877 958
877 989
878 138
878 186
878 283
878 290
878 362
878 394
878 490
878 608
878 639
878 650
878 696
878 707
878 796
878 823
878 885
878 900
878 921
879 15
879 93
879 344
879 359
879 413
879 538
879 579
879 703
879 719
879 754
879 800
879 863
879 874
879 897
879 938
879 943
879 974
880 25
880 96
880 150
880 154
880 312
880 366
880 380
880 389
880 576
880 590
880 679
880 758
880 829
880 903
880 926
880 955
880 968
881 263
881 342
881 441
881 565
881 571
881 599
881 647
881 689
881 724
881 753
881 850
881 854
881 875
881 898
881 938
881 963
881 974
882 195
882 231
882 274
882 393
882 632
882 665
882 671
882 682
882 759
882 768
882 833
882 849
882 912
882 916
882 919
882 925
882 982
883 22
883 264
883 268
883 288
883 541
883 576
883 598
883 622
883 626
883 738
883 754
883 794
883 795
883 836
883 870
883 975
883 982
884 220
884 227
884 228
884 261
884 374
884 380
884 416
884 524
884 589
884 679
884 692
884 829
884 955
884 965
884 977
884 983
884 989
885 29
885 100
885 202
885 253
885 447
885 451
885 537
885 544
885 569
885 613
885 614
885 834
885 878
885 898
885 957
885 972
885 995
886 149
886 346
886 369
886 472
886 656
886 698
886 728
886 787
886 797
886 811
886 837
886 889
886 910
886 956
886 971
886 973
886 991
887 99
887 117
887 405
887 452
887 468
887 488
887 532
887 627
887 641
887 648
887 720
887 744
887 764
887 803
887 828
887 936
887 950
887 995
888 217
888 391
888 403
888 448
888 455
888 456
888 515
888 589
888 674
888 735
888 756
888 819
888 825
888 866
888 869
888 870
888 913
888 932
889 39
889 169
889 170
889 233
889 325
889 413
889 492
889 561
889 596
889 601
889 635
889 683
889 771
889 886
889 892
889 894
889 918
889 941
890 50
890 134
890 184
890 185
890 376
890 486
890 560
890 594
890 612
890 615
890 619
890 657
890 702
890 716
890 733
890 753
890 783
890 926
891 48
891 119
891 244
891 374
891 661
891 677
891 693
891 745
891 844
891 877
891 895
891 904
891 945
891 946
891 955
891 985
891 989
891 995
892 105
892 212
892 278
892 335
892 373
892 573
892 581
892 611
892 652
892 658
892 726
892 727
892 859
892 889
892 952
892 988
892 994
892 996
893 141
893 177
893 373
893 384
893 506
893 617
893 633
893 639
893 680
893 727
893 781
893 791
893 808
893 834
893 840
893 900
893 905
893 984
894 114
894 383
894 483
894 551
894 728
894 737
894 797
894 811
894 846
894 889
894 930
894 940
894 942
894 948
894 962
894 986
894 993
894 998
895 20
895 81
895 163
895 417
895 477
895 478
895 489
895 536
895 695
895 710
895 739
895 786
895 830
895 841
895 891
895 921
895 967
895 981
896 59
896 315
896 338
896 377
896 384
896 451
896 497
896 557
896 605
896 711
896 713
896 807
896 816
896 832
896 839
896 933
896 957
896 971
897 33
897 267
897 277
897 366
897 367
897 490
897 670
897 735
897 753
897 770
897 800
897 875
897 879
897 919
897 961
897 963
897 966
897 973
898 100
898 168
898 257
898 280
898 327
898 459
898 470
898 537
898 613
898 744
898 803
898 835
898 881
898 885
898 936
898 957
898 972
898 974
899 312
899 437
899 493
899 557
899 562
899 580
899 605
899 713
899 715
899 760
899 763
899 795
899 816
899 839
899 912
899 933
899 934
899 966
900 21
900 52
900 156
900 242
900 317
900 658
900 684
900 748
900 750
900 778
900 841
900 843
900 857
900 878
900 893
900 905
900 909
900 931
901 104
901 135
901 191
901 226
901 251
901 263
901 414
901 501
901 510
901 625
901 651
901 705
901 752
901 833
901 849
901 904
901 911
901 973
902 25
902 27
902 115
902 162
902 389
902 460
902 523
902 539
902 591
902 592
902 614
902 662
902 762
902 773
902 818
902 903
902 969
902 975
903 94
903 105
903 175
903 334
903 414
903 423
903 577
903 656
903 717
903 723
903 726
903 749
903 846
903 880
903 902
903 949
903 963
903 990
904 90
904 119
904 491
904 504
904 665
904 667
904 673
904 677
904 684
904 739
904 767
904 779
904 877
904 891
904 901
904 946
904 967
904 989
905 100
905 181
905 239
905 245
905 304
905 328
905 406
905 426
905 527
905 641
905 799
905 814
905 893
905 900
905 908
905 927
905 930
905 960
905 990
906 104
906 167
906 229
906 251
906 263
906 298
906 313
906 442
906 489
906 572
906 657
906 678
906 722
906 752
906 849
906 911
906 937
906 942
906 973
907 160
907 236
907 351
907 425
907 466
907 520
907 547
907 570
907 653
907 681
907 689
907 720
907 724
907 788
907 797
907 876
907 917
907 936
907 950
908 8
908 66
908 101
908 175
908 232
908 307
908 349
908 429
908 449
908 475
908 568
908 585
908 737
908 757
908 798
908 822
908 838
908 905
908 920
909 142
909 146
909 182
909 183
909 321
909 358
909 372
909 392
909 452
909 478
909 599
909 615
909 652
909 719
909 827
909 866
909 870
909 900
909 935
910 54
910 130
910 203
910 272
910 275
910 318
910 325
910 409
910 435
910 504
910 566
910 589
910 620
910 821
910 837
910 886
910 930
910 961
910 986
911 56
911 153
911 214
911 229
911 235
911 501
911 563
911 651
911 749
911 860
911 901
911 906
911 921
911 923
911 964
911 968
911 969
911 973
911 998
912 269
912 335
912 356
912 393
912 440
912 468
912 568
912 575
912 658
912 724
912 833
912 882
912 899
912 914
912 916
912 925
912 939
912 978
912 979
913 14
913 81
913 136
913 172
913 225
913 430
913 458
913 576
913 715
913 760
913 790
913 813
913 819
913 836
913 864
913 888
913 921
913 938
913 982
914 173
914 209
914 218
914 222
914 248
914 376
914 486
914 497
914 531
914 542
914 543
914 649
914 653
914 656
914 657
914 704
914 745
914 774
914 912
915 312
915 323
915 353
915 368
915 458
915 511
915 524
915 557
915 611
915 652
915 662
915 726
915 727
915 770
915 771
915 845
915 855
915 956
915 996
916 7
916 139
916 228
916 483
916 492
916 532
916 575
916 585
916 726
916 768
916 792
916 803
916 809
916 871
916 882
916 912
916 919
916 925
916 979
917 65
917 161
917 262
917 333
917 419
917 431
917 488
917 500
917 503
917 546
917 608
917 653
917 736
917 794
917 851
917 875
917 907
917 919
917 936
918 23
918 170
918 186
918 204
918 598
918 612
918 624
918 663
918 672
918 708
918 765
918 789
918 823
918 875
918 889
918 937
918 953
918 963
918 998
919 124
919 139
919 195
919 335
919 337
919 468
919 649
919 686
919 712
919 759
919 766
919 768
919 792
919 882
919 897
919 916
919 917
919 921
919 939
919 978
920 132
920 139
920 249
920 258
920 272
920 289
920 293
920 375
920 383
920 518
920 519
920 554
920 586
920 592
920 602
920 619
920 845
920 908
920 922
920 985
921 266
921 298
921 352
921 400
921 421
921 497
921 536
921 552
921 568
921 630
921 665
921 710
921 786
921 878
921 895
921 911
921 913
921 919
921 951
921 953
922 40
922 47
922 97
922 152
922 220
922 348
922 354
922 427
922 454
922 493
922 693
922 703
922 714
922 761
922 763
922 820
922 862
922 920
922 939
922 963
923 70
923 120
923 127
923 179
923 223
923 262
923 339
923 422
923 442
923 503
923 520
923 562
923 565
923 633
923 705
923 792
923 849
923 911
923 934
923 973
924 9
924 192
924 303
924 313
924 326
924 412
924 505
924 538
924 601
924 615
924 731
924 747
924 750
924 766
924 842
924 848
924 858
924 930
924 980
924 993
925 213
925 267
925 269
925 388
925 531
925 585
925 610
925 616
925 668
925 743
925 758
925 768
925 777
925 811
925 839
925 882
925 912
925 916
925 930
925 939
926 25
926 43
926 67
926 129
926 166
926 332
926 418
926 460
926 595
926 829
926 880
926 890
926 929
926 936
926 943
926 955
926 968
926 977
926 983
926 986
927 61
927 102
927 240
927 365
927 385
927 477
927 495
927 535
927 540
927 577
927 655
927 709
927 723
927 790
927 831
927 853
927 905
927 931
927 944
927 949
928 75
928 117
928 184
928 226
928 360
928 507
928 544
928 547
928 594
928 625
928 628
928 675
928 685
928 732
928 777
928 785
928 812
928 822
928 940
928 981
929 12
929 80
929 224
929 280
929 293
929 387
929 388
929 432
929 457
929 474
929 577
929 609
929 666
929 725
929 761
929 806
929 860
929 871
929 926
929 980
929 994
930 272
930 279
930 398
930 425
930 620
930 793
930 797
930 811
930 833
930 858
930 865
930 894
930 905
930 910
930 924
930 925
930 939
930 948
930 962
930 991
930 998
931 21
931 52
931 125
931 196
931 207
931 317
931 352
931 420
931 437
931 593
931 642
931 687
931 737
931 748
931 778
931 841
931 857
931 861
931 900
931 927
931 937
932 26
932 122
932 208
932 370
932 379
932 417
932 427
932 455
932 483
932 489
932 555
932 583
932 623
932 666
932 763
932 772
932 808
932 820
932 888
932 936
932 959
933 17
933 59
933 155
933 188
933 210
933 255
933 526
933 562
933 645
933 796
933 807
933 829
933 835
933 839
933 896
933 899
933 958
933 966
933 971
933 975
933 985
934 109
934 377
934 455
934 537
934 557
934 562
934 605
934 655
934 711
934 713
934 769
934 800
934 804
934 807
934 816
934 835
934 899
934 923
934 966
934 971
934 977
935 52
935 59
935 142
935 146
935 182
935 183
935 210
935 321
935 353
935 372
935 480
935 553
935 599
935 615
935 719
935 756
935 827
935 909
935 947
935 953
935 974
936 284
936 351
936 363
936 372
936 405
936 567
936 648
936 688
936 780
936 850
936 887
936 898
936 907
936 917
936 926
936 932
936 950
936 954
936 957
936 981
936 995
937 75
937 123
937 207
937 293
937 412
937 414
937 513
937 636
937 663
937 765
937 832
937 837
937 843
937 853
937 906
937 918
937 931
937 944
937 949
937 963
937 990
938 26
938 217
938 321
938 382
938 417
938 515
938 520
938 559
938 666
938 668
938 687
938 701
938 730
938 756
938 819
938 839
938 879
938 881
938 913
938 945
938 999
939 176
939 246
939 267
939 274
939 444
939 472
939 575
939 585
939 610
939 632
939 759
939 792
939 809
939 912
939 919
939 922
939 925
939 930
939 979
939 990
939 998
940 13
940 88
940 137
940 153
940 178
940 198
940 259
940 268
940 338
940 340
940 396
940 424
940 561
940 627
940 673
940 712
940 767
940 770
940 894
940 928
940 984
941 57
941 109
941 169
941 170
941 233
941 234
941 250
941 374
941 423
941 446
941 452
941 561
941 590
941 601
941 621
941 635
941 671
941 709
941 755
941 854
941 889
942 2
942 114
942 239
942 306
942 435
942 437
942 451
942 504
942 550
942 597
942 620
942 696
942 738
942 787
942 797
942 851
942 861
942 865
942 894
942 906
942 991
943 98
943 221
943 299
943 359
943 458
943 460
943 468
943 486
943 513
943 538
943 551
943 601
943 610
943 731
943 754
943 808
943 869
943 879
943 926
943 955
943 984
944 10
944 123
944 240
944 359
944 371
944 381
944 383
944 412
944 576
944 577
944 598
944 650
944 656
944 663
944 749
944 755
944 805
944 853
944 927
944 937
944 954
945 37
945 96
945 188
945 189
945 231
945 260
945 411
945 497
945 507
945 616
945 673
945 677
945 745
945 767
945 779
945 802
945 877
945 891
945 938
945 958
945 967
946 23
946 71
946 119
946 142
946 250
946 252
946 265
946 330
946 361
946 454
946 648
946 661
946 664
946 745
946 779
946 802
946 877
946 891
946 904
946 967
946 999
947 46
947 93
947 215
947 221
947 262
947 287
947 354
947 358
947 453
947 460
947 551
947 556
947 643
947 694
947 727
947 832
947 862
947 863
947 869
947 935
947 991
948 4
948 42
948 187
948 346
948 397
948 472
948 504
948 528
948 577
948 597
948 679
948 725
948 736
948 751
948 811
948 821
948 851
948 858
948 894
948 930
948 950
948 962
949 71
949 218
949 265
949 300
949 334
949 371
949 385
949 408
949 577
949 586
949 587
949 610
949 626
949 628
949 647
949 687
949 831
949 903
949 927
949 937
949 956
949 981
950 2
950 74
950 126
950 160
950 183
950 360
950 431
950 556
950 567
950 570
950 653
950 722
950 810
950 887
950 907
950 936
950 948
950 953
950 954
950 956
950 981
950 997
951 55
951 107
951 310
951 311
951 367
951 447
951 525
951 549
951 682
951 690
951 700
951 721
951 780
951 796
951 805
951 813
951 824
951 837
951 921
951 966
951 979
951 992
952 14
952 72
952 85
952 152
952 164
952 171
952 193
952 378
952 402
952 454
952 457
952 485
952 645
952 699
952 703
952 711
952 714
952 853
952 892
952 976
952 992
952 993
953 24
953 64
953 105
953 110
953 235
953 243
953 412
953 584
953 612
953 631
953 655
953 656
953 701
953 717
953 734
953 831
953 918
953 921
953 935
953 950
953 970
953 981
954 2
954 11
954 17
954 57
954 99
954 144
954 197
954 283
954 327
954 359
954 428
954 500
954 505
954 567
954 764
954 771
954 780
954 868
954 936
954 944
954 950
954 995
955 54
955 73
955 261
955 332
955 343
955 380
955 446
955 508
955 618
955 643
955 684
955 692
955 713
955 732
955 829
955 880
955 884
955 891
955 926
955 943
955 961
955 977
956 5
956 76
956 77
956 312
956 323
956 373
956 459
956 488
956 511
956 581
956 640
956 652
956 727
956 750
956 855
956 886
956 915
956 949
956 950
956 963
956 994
956 996
957 3
957 29
957 63
957 86
957 116
957 236
957 317
957 447
957 481
957 498
957 502
957 535
957 537
957 544
957 680
957 744
957 885
957 896
957 898
957 936
957 972
957 977
958 91
958 152
958 158
958 189
958 202
958 299
958 463
958 491
958 661
958 664
958 673
958 745
958 767
958 779
958 802
958 877
958 933
958 945
958 963
958 964
958 967
958 989
959 30
959 127
959 174
959 217
959 377
959 391
959 431
959 455
959 483
959 555
959 569
959 613
959 618
959 687
959 699
959 756
959 815
959 825
959 932
959 966
959 985
959 999
960 73
960 96
960 228
960 269
960 304
960 319
960 324
960 337
960 347
960 390
960 426
960 533
960 566
960 641
960 782
960 790
960 799
960 814
960 856
960 867
960 905
960 990
961 9
961 33
961 146
961 155
961 243
961 250
961 362
961 573
961 616
961 622
961 650
961 654
961 689
961 753
961 800
961 823
961 852
961 854
961 897
961 910
961 955
961 963
962 53
962 242
962 245
962 273
962 275
962 325
962 386
962 512
962 648
962 672
962 687
962 717
962 728
962 736
962 798
962 811
962 846
962 865
962 894
962 930
962 948
962 986
963 26
963 118
963 144
963 305
963 316
963 330
963 341
963 396
963 428
963 476
963 670
963 852
963 854
963 881
963 897
963 903
963 918
963 922
963 937
963 956
963 958
963 961
964 72
964 92
964 98
964 120
964 127
964 132
964 150
964 179
964 229
964 313
964 364
964 398
964 413
964 542
964 575
964 633
964 651
964 678
964 752
964 791
964 911
964 958
965 53
965 60
965 106
965 194
965 241
965 294
965 295
965 298
965 363
965 392
965 397
965 445
965 496
965 533
965 578
965 590
965 656
965 713
965 777
965 809
965 884
965 977
966 59
966 188
966 315
966 489
966 522
966 557
966 645
966 683
966 699
966 792
966 804
966 807
966 816
966 835
966 844
966 851
966 897
966 899
966 933
966 934
966 951
966 959
967 150
967 171
967 189
967 252
967 295
967 374
967 436
967 491
967 555
967 673
967 714
967 745
967 767
967 773
967 779
967 802
967 811
967 895
967 904
967 945
967 946
967 958
967 989
968 25
968 56
968 90
968 166
968 199
968 200
968 410
968 417
968 418
968 459
968 541
968 595
968 679
968 692
968 776
968 806
968 880
968 911
968 926
968 977
968 982
968 983
968 984
969 84
969 91
969 144
969 147
969 249
969 281
969 308
969 334
969 342
969 388
969 406
969 479
969 484
969 511
969 548
969 620
969 674
969 751
969 781
969 785
969 847
969 902
969 911
970 9
970 10
970 18
970 45
970 199
970 232
970 326
970 362
970 404
970 470
970 499
970 634
970 729
970 731
970 742
970 747
970 749
970 750
970 810
970 842
970 861
970 953
970 993
971 51
971 188
971 287
971 342
971 389
971 432
971 437
971 554
971 605
971 635
971 645
971 713
971 804
971 807
971 816
971 835
971 857
971 864
971 886
971 896
971 933
971 934
971 977
972 100
972 120
972 168
972 202
972 251
972 310
972 401
972 405
972 447
972 459
972 470
972 535
972 544
972 613
972 693
972 728
972 744
972 791
972 837
972 872
972 885
972 898
972 957
973 31
973 104
973 120
973 145
973 228
973 230
973 235
973 251
973 364
973 604
973 633
973 644
973 752
973 783
973 804
973 849
973 886
973 897
973 901
973 906
973 911
973 923
973 976
974 0
974 78
974 158
974 205
974 215
974 255
974 400
974 453
974 469
974 512
974 546
974 551
974 636
974 659
974 726
974 734
974 772
974 808
974 832
974 879
974 881
974 898
974 935
975 14
975 35
975 84
975 151
975 264
975 270
975 541
975 600
975 646
975 655
975 715
975 731
975 738
975 760
975 790
975 840
975 864
975 870
975 883
975 902
975 933
975 983
975 989
976 5
976 36
976 41
976 99
976 111
976 197
976 348
976 356
976 360
976 376
976 378
976 402
976 454
976 574
976 640
976 675
976 699
976 728
976 798
976 862
976 952
976 973
976 978
977 73
977 180
977 261
977 331
977 348
977 366
977 674
977 679
977 684
977 688
977 692
977 776
977 805
977 884
977 926
977 934
977 955
977 957
977 965
977 968
977 971
977 983
977 998
978 7
978 49
978 89
978 126
978 148
978 185
978 204
978 337
978 393
978 429
978 616
978 628
978 630
978 684
978 694
978 743
978 759
978 790
978 833
978 853
978 912
978 919
978 976
978 979
979 49
979 89
979 176
979 204
979 205
979 213
979 241
979 335
979 468
979 481
979 555
979 759
979 768
979 837
979 850
979 912
979 916
979 939
979 951
979 978
979 987
979 996
979 997
979 998
980 12
980 19
980 45
980 321
980 429
980 471
980 604
980 632
980 644
980 654
980 664
980 683
980 692
980 721
980 722
980 725
980 740
980 755
980 794
980 806
980 836
980 871
980 924
980 929
981 65
981 121
981 154
981 405
981 488
981 503
981 529
981 570
981 593
981 608
981 653
981 658
981 720
981 741
981 820
981 847
981 868
981 876
981 895
981 928
981 936
981 949
981 950
981 953
982 14
982 160
982 230
982 264
982 409
982 458
982 513
982 576
982 619
982 626
982 703
982 718
982 724
982 760
982 794
982 835
982 836
982 864
982 870
982 882
982 883
982 913
982 968
982 995
983 30
983 54
983 90
983 286
983 297
983 306
983 361
983 389
983 416
983 490
983 508
983 595
983 605
983 684
983 720
983 758
983 776
983 794
983 884
983 926
983 968
983 975
983 977
983 988
984 3
984 35
984 45
984 141
984 289
984 331
984 336
984 482
984 490
984 708
984 732
984 782
984 791
984 817
984 834
984 840
984 859
984 874
984 893
984 940
984 943
984 968
984 986
984 988
985 26
985 94
985 129
985 224
985 271
985 370
985 391
985 417
985 549
985 569
985 618
985 651
985 668
985 669
985 687
985 730
985 752
985 794
985 851
985 891
985 920
985 933
985 959
985 999
986 46
986 60
986 149
986 159
986 272
986 386
986 398
986 435
986 448
986 472
986 500
986 526
986 589
986 664
986 728
986 734
986 821
986 865
986 894
986 910
986 926
986 962
986 984
986 998
987 50
987 62
987 138
987 143
987 201
987 211
987 285
987 324
987 365
987 422
987 588
987 603
987 606
987 614
987 660
987 705
987 734
987 769
987 826
987 848
987 856
987 979
987 988
987 994
988 47
988 85
988 111
988 194
988 208
988 271
988 356
988 360
988 386
988 408
988 420
988 485
988 493
988 630
988 699
988 703
988 711
988 714
988 716
988 815
988 892
988 983
988 984
988 987
989 23
989 37
989 56
989 184
989 187
989 244
989 252
989 440
989 491
989 561
989 566
989 664
989 673
989 677
989 683
989 767
989 779
989 838
989 877
989 884
989 891
989 904
989 958
989 967
989 975
990 64
990 131
990 211
990 281
990 300
990 328
990 347
990 408
990 464
990 472
990 482
990 527
990 641
990 653
990 655
990 770
990 779
990 784
990 799
990 843
990 903
990 905
990 937
990 939
990 960
991 42
991 44
991 112
991 128
991 149
991 205
991 215
991 229
991 242
991 292
991 346
991 425
991 433
991 472
991 494
991 589
991 620
991 703
991 821
991 837
991 851
991 886
991 930
991 942
991 947
992 29
992 55
992 86
992 107
992 292
992 297
992 310
992 314
992 320
992 343
992 367
992 545
992 690
992 700
992 723
992 728
992 803
992 813
992 824
992 837
992 850
992 856
992 871
992 951
992 952
993 16
993 121
993 199
993 204
993 290
993 326
993 404
993 414
993 482
993 505
993 560
993 564
993 606
993 634
993 717
993 731
993 733
993 750
993 766
993 842
993 858
993 894
993 924
993 952
993 970
994 5
994 139
994 170
994 174
994 203
994 328
994 368
994 450
994 511
994 526
994 528
994 573
994 581
994 652
994 673
994 676
994 726
994 727
994 770
994 855
994 892
994 929
994 956
994 987
994 996
995 2
995 154
995 245
995 322
995 336
995 378
995 496
995 529
995 538
995 558
995 567
995 602
995 648
995 656
995 681
995 788
995 828
995 847
995 868
995 885
995 887
995 891
995 936
995 954
995 982
996 19
996 52
996 76
996 203
996 212
996 312
996 314
996 323
996 368
996 403
996 556
996 581
996 611
996 652
996 676
996 719
996 727
996 758
996 770
996 805
996 892
996 915
996 956
996 979
996 994
997 30
997 97
997 122
997 165
997 187
997 193
997 197
997 208
997 238
997 271
997 378
997 402
997 493
997 517
997 524
997 637
997 657
997 661
997 675
997 703
997 711
997 716
997 853
997 950
997 979
998 28
998 44
998 108
998 242
998 272
998 276
998 329
998 425
998 472
998 522
998 597
998 738
998 787
998 797
998 821
998 830
998 865
998 894
998 911
998 918
998 930
998 939
998 977
998 979
998 986
999 32
999 110
999 136
999 140
999 186
999 260
999 306
999 354
999 379
999 391
999 470
999 515
999 516
999 555
999 559
999 626
999 642
999 669
999 687
999 688
999 819
999 938
999 946
999 959
999 985
