0 307
0 387
0 389
0 391
0 399
1 104
1 201
1 310
1 363
1 397
2 69
2 78
2 295
2 320
2 349
3 133
3 290
3 312
3 373
3 393
4 23
4 116
4 129
4 164
4 256
5 207
5 322
5 349
5 388
5 390
6 177
6 191
6 230
6 255
6 336
7 277
7 350
7 362
7 380
7 386
8 71
8 173
8 211
8 224
8 338
9 126
9 179
9 197
9 254
9 313
10 156
10 352
10 371
10 380
10 385
11 70
11 99
11 319
11 391
11 394
12 156
12 299
12 365
12 377
12 385
13 58
13 83
13 356
13 365
13 372
14 153
14 206
14 327
14 361
14 390
15 174
15 346
15 370
15 379
15 394
16 26
16 198
16 294
16 355
16 364
17 107
17 203
17 350
17 359
17 399
18 20
18 80
18 219
18 345
18 377
19 61
19 162
19 361
19 379
19 391
20 18
20 152
20 325
20 334
20 372
21 80
21 102
21 334
21 375
21 376
22 94
22 181
22 238
22 261
22 390
23 4
23 263
23 322
23 345
23 364
24 40
24 184
24 327
24 371
24 399
25 190
25 253
25 348
25 380
25 386
26 16
26 101
26 179
26 236
26 387
27 70
27 96
27 97
27 235
27 362
28 245
28 266
28 275
28 305
28 396
29 57
29 239
29 282
29 390
29 396
30 130
30 241
30 268
30 275
30 344
31 190
31 227
31 279
31 333
31 348
32 201
32 204
32 253
32 353
32 364
33 257
33 275
33 294
33 303
33 338
34 90
34 322
34 383
34 391
34 392
35 58
35 107
35 147
35 151
35 164
36 327
36 368
36 392
36 393
36 397
37 247
37 308
37 320
37 378
37 379
38 160
38 285
38 343
38 365
38 380
39 191
39 259
39 336
39 375
39 396
40 24
40 82
40 88
40 252
40 394
41 119
41 237
41 240
41 346
41 379
42 199
42 277
42 315
42 387
42 389
43 52
43 76
43 279
43 297
43 391
44 244
44 334
44 338
44 371
44 382
45 269
45 289
45 334
45 379
45 396
46 248
46 296
46 299
46 304
46 395
47 285
47 323
47 357
47 366
47 399
48 150
48 285
48 305
48 358
48 372
49 117
49 247
49 323
49 384
49 393
50 108
50 307
50 339
50 387
50 389
51 52
51 91
51 368
51 378
51 384
52 43
52 51
52 178
52 180
52 281
53 81
53 97
53 163
53 370
53 397
54 112
54 210
54 293
54 355
54 391
55 182
55 319
55 328
55 397
55 398
56 86
56 228
56 273
56 282
56 292
57 29
57 147
57 166
57 257
57 335
58 13
58 35
58 63
58 188
58 203
59 149
59 293
59 306
59 339
59 369
60 113
60 230
60 258
60 324
60 388
61 19
61 241
61 250
61 261
61 392
62 162
62 216
62 274
62 302
62 336
63 58
63 184
63 257
63 335
63 368
64 158
64 233
64 351
64 383
64 385
65 197
65 239
65 328
65 363
65 397
66 223
66 325
66 356
66 374
66 378
67 164
67 230
67 270
67 369
67 389
68 152
68 301
68 309
68 337
68 383
69 2
69 211
69 356
69 375
69 398
70 11
70 27
70 330
70 381
70 395
71 8
71 98
71 179
71 258
71 281
72 262
72 323
72 357
72 366
72 398
73 100
73 112
73 212
73 332
73 370
74 108
74 311
74 325
74 353
74 383
75 236
75 370
75 373
75 376
75 380
76 43
76 238
76 246
76 333
76 375
76 379
77 175
77 180
77 254
77 306
77 318
77 369
78 2
78 120
78 128
78 190
78 214
78 392
79 249
79 252
79 301
79 364
79 374
79 377
80 18
80 21
80 102
80 182
80 294
80 334
81 53
81 182
81 297
81 366
81 380
81 397
82 40
82 265
82 280
82 282
82 396
82 398
83 13
83 122
83 238
83 298
83 351
83 370
84 147
84 148
84 165
84 315
84 376
84 389
85 146
85 185
85 237
85 242
85 269
85 379
86 56
86 198
86 281
86 291
86 302
86 332
87 199
87 246
87 298
87 340
87 341
87 359
88 40
88 348
88 353
88 367
88 394
88 395
89 213
89 302
89 308
89 374
89 376
89 378
90 34
90 148
90 337
90 342
90 387
90 389
91 51
91 135
91 220
91 382
91 384
91 397
92 200
92 246
92 274
92 355
92 360
92 396
93 139
93 154
93 169
93 226
93 390
93 394
94 22
94 181
94 232
94 239
94 315
94 333
95 240
95 243
95 289
95 310
95 334
95 398
96 27
96 314
96 318
96 321
96 354
96 388
97 27
97 53
97 284
97 358
97 366
97 395
98 71
98 100
98 118
98 281
98 386
98 390
99 11
99 120
99 235
99 303
99 353
99 366
100 73
100 98
100 248
100 271
100 304
100 346
101 26
101 112
101 124
101 302
101 332
101 361
102 21
102 80
102 113
102 229
102 307
102 334
103 255
103 308
103 322
103 359
103 391
103 392
104 1
104 178
104 202
104 209
104 330
104 376
105 117
105 270
105 271
105 368
105 382
105 384
106 118
106 127
106 296
106 318
106 357
106 399
107 17
107 35
107 265
107 350
107 354
107 394
108 50
108 74
108 200
108 214
108 280
108 287
109 172
109 280
109 320
109 330
109 364
109 378
110 168
110 176
110 294
110 331
110 338
110 363
111 130
111 214
111 241
111 287
111 364
111 370
112 54
112 73
112 101
112 345
112 361
112 368
113 60
113 102
113 255
113 317
113 336
113 363
114 170
114 222
114 343
114 368
114 369
114 382
115 229
115 316
115 334
115 345
115 375
115 392
116 4
116 129
116 135
116 168
116 317
116 388
117 49
117 105
117 123
117 193
117 290
117 312
118 98
118 106
118 215
118 330
118 377
118 399
119 41
119 128
119 303
119 349
119 388
119 392
120 78
120 99
120 205
120 269
120 353
120 395
121 224
121 306
121 316
121 328
121 364
121 369
122 83
122 123
122 321
122 357
122 360
122 396
123 117
123 122
123 382
123 390
123 391
123 396
124 101
124 139
124 191
124 225
124 278
124 398
125 183
125 214
125 222
125 268
125 289
125 298
126 9
126 153
126 181
126 219
126 274
126 370
127 106
127 147
127 149
127 237
127 346
127 379
128 78
128 119
128 295
128 312
128 336
128 371
129 4
129 116
129 291
129 300
129 388
129 392
130 30
130 111
130 245
130 298
130 310
130 370
131 220
131 284
131 329
131 357
131 366
131 385
132 195
132 272
132 277
132 312
132 373
132 376
133 3
133 188
133 199
133 223
133 347
133 381
134 210
134 234
134 262
134 302
134 369
134 395
135 91
135 116
135 283
135 367
135 381
135 386
136 140
136 194
136 321
136 329
136 357
136 366
137 291
137 298
137 362
137 369
137 393
137 398
138 174
138 196
138 223
138 372
138 379
138 390
138 399
139 93
139 124
139 194
139 361
139 370
139 382
139 390
140 136
140 166
140 187
140 203
140 294
140 303
140 378
141 163
141 246
141 289
141 328
141 344
141 370
141 397
142 205
142 278
142 296
142 308
142 354
142 367
142 386
143 170
143 222
143 251
143 289
143 296
143 338
143 399
144 207
144 222
144 297
144 328
144 343
144 363
144 397
145 153
145 189
145 191
145 248
145 319
145 381
145 391
146 85
146 229
146 241
146 269
146 346
146 379
146 396
147 35
147 57
147 84
147 127
147 195
147 202
147 373
148 84
148 90
148 195
148 277
148 356
148 373
148 376
149 59
149 127
149 174
149 273
149 326
149 346
149 379
150 48
150 246
150 249
150 252
150 266
150 284
150 303
151 35
151 173
151 233
151 254
151 264
151 286
151 360
152 20
152 68
152 229
152 330
152 334
152 336
152 345
153 14
153 126
153 145
153 263
153 304
153 319
153 353
154 93
154 196
154 279
154 288
154 361
154 390
154 398
155 259
155 285
155 324
155 325
155 351
155 362
155 370
156 10
156 12
156 187
156 309
156 324
156 336
156 378
157 161
157 163
157 167
157 305
157 360
157 363
157 397
158 64
158 174
158 206
158 226
158 361
158 390
158 393
159 171
159 179
159 232
159 332
159 355
159 384
159 386
160 38
160 229
160 300
160 326
160 340
160 341
160 381
161 157
161 165
161 297
161 325
161 363
161 389
161 397
162 19
162 62
162 178
162 217
162 220
162 277
162 388
163 53
163 141
163 157
163 292
163 344
163 363
163 384
164 4
164 35
164 67
164 206
164 306
164 316
164 369
165 84
165 161
165 216
165 236
165 351
165 373
165 376
166 57
166 140
166 170
166 257
166 267
166 271
166 293
167 157
167 251
167 312
167 365
167 371
167 374
167 384
168 110
168 116
168 273
168 326
168 331
168 373
168 376
169 93
169 312
169 323
169 329
169 357
169 358
169 366
170 114
170 143
170 166
170 218
170 311
170 343
170 356
171 159
171 244
171 299
171 355
171 376
171 384
171 388
172 109
172 305
172 309
172 352
172 364
172 385
172 390
173 8
173 151
173 208
173 209
173 211
173 336
173 398
174 15
174 138
174 149
174 158
174 249
174 269
174 379
175 77
175 203
175 270
175 275
175 303
175 316
175 369
176 110
176 181
176 277
176 323
176 326
176 367
176 373
177 6
177 223
177 272
177 347
177 356
177 381
177 385
178 52
178 104
178 162
178 272
178 317
178 336
178 348
179 9
179 26
179 71
179 159
179 225
179 250
179 386
180 52
180 77
180 251
180 270
180 316
180 333
180 369
181 22
181 94
181 126
181 176
181 273
181 389
181 396
182 55
182 80
182 81
182 344
182 363
182 371
182 392
183 125
183 208
183 223
183 268
183 275
183 324
183 351
184 24
184 63
184 203
184 327
184 338
184 384
184 393
185 85
185 300
185 341
185 359
185 365
185 381
185 390
186 339
186 346
186 354
186 355
186 362
186 367
186 369
187 140
187 156
187 211
187 215
187 286
187 297
187 335
188 58
188 133
188 219
188 262
188 287
188 352
188 353
189 145
189 196
189 210
189 250
189 302
189 319
189 384
190 25
190 31
190 78
190 204
190 257
190 279
190 295
190 347
191 6
191 39
191 124
191 145
191 214
191 291
191 356
191 360
192 221
192 227
192 243
192 266
192 358
192 367
192 394
192 395
193 117
193 206
193 208
193 247
193 339
193 354
193 380
193 386
194 136
194 139
194 234
194 253
194 270
194 288
194 336
194 390
195 132
195 147
195 148
195 276
195 304
195 315
195 331
195 373
196 138
196 154
196 189
196 270
196 288
196 361
196 390
196 393
197 9
197 65
197 198
197 202
197 259
197 299
197 302
197 355
198 16
198 86
198 197
198 239
198 244
198 304
198 343
198 394
199 42
199 87
199 133
199 208
199 347
199 349
199 381
199 397
200 92
200 108
200 233
200 236
200 330
200 365
200 369
200 399
201 1
201 32
201 204
201 314
201 320
201 335
201 363
201 383
202 104
202 147
202 197
202 317
202 326
202 331
202 373
202 387
203 17
203 58
203 140
203 175
203 184
203 211
203 292
203 377
204 32
204 190
204 201
204 283
204 354
204 378
204 385
204 398
205 120
205 142
205 212
205 278
205 283
205 352
205 362
205 380
206 14
206 158
206 164
206 193
206 253
206 255
206 361
206 390
207 5
207 144
207 237
207 297
207 328
207 362
207 382
207 397
208 173
208 183
208 193
208 199
208 214
208 298
208 351
208 370
209 104
209 173
209 286
209 294
209 329
209 335
209 350
209 396
210 54
210 134
210 189
210 258
210 319
210 327
210 355
210 356
211 8
211 69
211 173
211 187
211 203
211 343
211 345
211 350
212 73
212 205
212 245
212 276
212 320
212 380
212 384
212 386
213 89
213 300
213 308
213 311
213 314
213 344
213 383
213 388
214 78
214 108
214 111
214 125
214 191
214 208
214 275
214 370
215 118
215 187
215 231
215 232
215 272
215 324
215 343
215 351
216 62
216 165
216 255
216 295
216 311
216 349
216 357
216 392
217 162
217 240
217 258
217 298
217 310
217 375
217 396
217 397
218 170
218 233
218 244
218 315
218 329
218 387
218 389
218 391
219 18
219 126
219 188
219 250
219 288
219 353
219 387
219 394
220 91
220 131
220 162
220 231
220 276
220 348
220 362
220 380
221 192
221 236
221 269
221 327
221 334
221 371
221 384
221 393
222 114
222 125
222 143
222 144
222 287
222 313
222 365
222 376
223 66
223 133
223 138
223 177
223 183
223 240
223 347
223 359
224 8
224 121
224 313
224 324
224 330
224 335
224 354
224 385
225 124
225 179
225 291
225 356
225 360
225 381
225 395
225 398
226 93
226 158
226 253
226 288
226 313
226 360
226 379
226 390
227 31
227 192
227 249
227 305
227 353
227 358
227 393
227 397
228 56
228 253
228 300
228 340
228 341
228 347
228 361
228 381
229 102
229 115
229 146
229 152
229 160
229 334
229 383
229 398
230 6
230 60
230 67
230 281
230 301
230 349
230 354
230 392
231 215
231 220
231 283
231 311
231 321
231 331
231 337
231 380
232 94
232 159
232 215
232 318
232 330
232 365
232 373
232 399
233 64
233 151
233 200
233 218
233 315
233 342
233 387
233 389
234 134
234 194
234 249
234 252
234 352
234 374
234 393
234 395
235 27
235 99
235 247
235 292
235 322
235 354
235 367
235 388
236 26
236 75
236 165
236 200
236 221
236 326
236 331
236 376
237 41
237 85
237 127
237 207
237 346
237 348
237 379
237 391
238 22
238 76
238 83
238 281
238 333
238 353
238 356
238 391
239 29
239 65
239 94
239 198
239 273
239 280
239 334
239 360
239 361
240 41
240 95
240 217
240 223
240 274
240 329
240 342
240 360
240 396
241 30
241 61
241 111
241 146
241 268
241 275
241 298
241 317
241 379
242 85
242 259
242 280
242 356
242 357
242 375
242 391
242 394
242 398
243 95
243 192
243 256
243 285
243 311
243 315
243 325
243 367
243 399
244 44
244 171
244 198
244 218
244 248
244 290
244 304
244 319
244 377
245 28
245 130
245 212
245 262
245 284
245 309
245 352
245 394
245 397
246 76
246 87
246 92
246 141
246 150
246 258
246 274
246 280
246 396
247 37
247 49
247 193
247 235
247 254
247 326
247 339
247 380
247 386
248 46
248 100
248 145
248 244
248 274
248 299
248 332
248 344
248 368
249 79
249 150
249 174
249 227
249 234
249 318
249 375
249 394
249 395
250 61
250 179
250 189
250 219
250 269
250 351
250 358
250 391
250 394
251 143
251 167
251 180
251 290
251 293
251 312
251 382
251 384
251 393
252 40
252 79
252 150
252 234
252 266
252 286
252 322
252 331
252 394
253 25
253 32
253 194
253 206
253 226
253 228
253 267
253 361
253 390
254 9
254 77
254 151
254 247
254 267
254 294
254 335
254 350
254 386
255 6
255 103
255 113
255 206
255 216
255 317
255 365
255 388
255 399
256 4
256 243
256 271
256 291
256 296
256 325
256 358
256 372
256 396
257 33
257 57
257 63
257 166
257 190
257 350
257 361
257 378
257 397
258 60
258 71
258 210
258 217
258 246
258 267
258 292
258 375
258 398
259 39
259 155
259 197
259 242
259 307
259 315
259 342
259 387
259 389
260 265
260 295
260 301
260 309
260 313
260 318
260 330
260 370
260 399
261 22
261 61
261 265
261 307
261 342
261 384
261 387
261 389
261 396
262 72
262 134
262 188
262 245
262 322
262 355
262 358
262 388
262 395
263 23
263 153
263 268
263 336
263 342
263 349
263 358
263 388
263 392
264 151
264 308
264 309
264 314
264 350
264 371
264 374
264 378
264 395
265 82
265 107
265 260
265 261
265 312
265 315
265 342
265 387
265 388
265 389
266 28
266 150
266 192
266 252
266 342
266 353
266 355
266 375
266 389
266 395
267 166
267 253
267 254
267 258
267 294
267 303
267 317
267 335
267 377
267 388
268 30
268 125
268 183
268 241
268 263
268 275
268 295
268 298
268 317
268 380
269 45
269 85
269 120
269 146
269 174
269 221
269 250
269 300
269 346
269 379
270 67
270 105
270 175
270 180
270 194
270 196
270 306
270 316
270 365
270 369
271 100
271 105
271 166
271 256
271 273
271 287
271 313
271 330
271 343
271 351
272 132
272 177
272 178
272 215
272 300
272 340
272 341
272 359
272 381
272 399
273 56
273 149
273 168
273 181
273 239
273 271
273 280
273 292
273 310
273 319
274 62
274 92
274 126
274 240
274 246
274 248
274 276
274 292
274 349
274 396
275 28
275 30
275 33
275 175
275 183
275 214
275 241
275 268
275 276
275 370
276 195
276 212
276 220
276 274
276 275
276 316
276 337
276 339
276 354
276 380
277 7
277 42
277 132
277 148
277 162
277 176
277 286
277 326
277 331
277 376
278 124
278 142
278 205
278 323
278 329
278 357
278 366
278 394
279 31
279 43
279 154
279 190
279 304
279 322
279 372
279 383
279 388
279 392
280 82
280 108
280 109
280 239
280 242
280 246
280 273
280 326
280 360
280 371
281 52
281 71
281 86
281 98
281 230
281 238
281 319
281 330
281 355
281 398
282 29
282 56
282 82
282 293
282 310
282 333
282 344
282 346
282 373
282 398
283 135
283 204
283 205
283 231
283 284
283 292
283 348
283 362
283 367
283 396
284 97
284 131
284 150
284 245
284 283
284 305
284 341
284 354
284 394
284 395
285 38
285 47
285 48
285 155
285 243
285 286
285 316
285 345
285 370
285 399
286 151
286 187
286 209
286 252
286 277
286 285
286 294
286 303
286 377
286 392
287 108
287 111
287 188
287 222
287 271
287 313
287 330
287 352
287 386
287 399
288 154
288 194
288 196
288 219
288 226
288 289
288 306
288 361
288 362
288 390
289 45
289 95
289 125
289 141
289 143
289 288
289 310
289 346
289 379
289 398
290 3
290 117
290 244
290 251
290 337
290 338
290 342
290 364
290 382
290 393
291 86
291 129
291 137
291 191
291 225
291 256
291 310
291 314
291 356
291 360
291 375
292 56
292 163
292 203
292 235
292 258
292 273
292 274
292 283
292 333
292 335
292 391
293 54
293 59
293 166
293 251
293 282
293 301
293 338
293 368
293 371
293 382
293 384
294 16
294 33
294 80
294 110
294 140
294 209
294 254
294 267
294 286
294 310
294 350
295 2
295 128
295 190
295 216
295 260
295 268
295 305
295 319
295 336
295 377
295 388
296 46
296 106
296 142
296 143
296 256
296 343
296 345
296 365
296 372
296 376
296 395
297 43
297 81
297 144
297 161
297 187
297 207
297 325
297 328
297 363
297 393
297 397
298 83
298 87
298 125
298 130
298 137
298 208
298 217
298 241
298 268
298 370
298 390
299 12
299 46
299 171
299 197
299 248
299 304
299 329
299 332
299 347
299 374
299 383
300 129
300 160
300 185
300 213
300 228
300 269
300 272
300 340
300 344
300 359
300 381
301 68
301 79
301 230
301 260
301 293
301 308
301 314
301 316
301 374
301 377
301 383
302 62
302 86
302 89
302 101
302 134
302 189
302 197
302 332
302 347
302 355
302 362
303 33
303 99
303 119
303 140
303 150
303 175
303 267
303 286
303 335
303 339
303 350
304 46
304 100
304 153
304 195
304 198
304 244
304 279
304 299
304 319
304 346
304 378
305 28
305 48
305 157
305 172
305 227
305 284
305 295
305 353
305 358
305 387
305 394
306 59
306 77
306 121
306 164
306 270
306 288
306 316
306 317
306 323
306 369
306 373
307 0
307 50
307 102
307 259
307 261
307 320
307 342
307 366
307 387
307 389
307 397
308 37
308 89
308 103
308 142
308 213
308 264
308 301
308 311
308 366
308 367
308 374
309 68
309 156
309 172
309 245
309 260
309 264
309 359
309 361
309 364
309 374
309 383
310 1
310 95
310 130
310 217
310 273
310 282
310 289
310 291
310 294
310 314
310 356
311 74
311 170
311 213
311 216
311 231
311 243
311 308
311 324
311 343
311 348
311 351
311 365
312 3
312 117
312 128
312 132
312 167
312 169
312 251
312 265
312 338
312 356
312 371
312 393
313 9
313 222
313 224
313 226
313 260
313 271
313 287
313 332
313 340
313 351
313 372
313 386
314 96
314 201
314 213
314 264
314 291
314 301
314 310
314 320
314 368
314 383
314 385
314 387
315 42
315 84
315 94
315 195
315 218
315 233
315 243
315 259
315 265
315 340
315 342
315 389
316 115
316 121
316 164
316 175
316 180
316 270
316 276
316 285
316 301
316 306
316 359
316 369
317 113
317 116
317 178
317 202
317 241
317 255
317 267
317 268
317 306
317 336
317 349
317 392
318 77
318 96
318 106
318 232
318 249
318 260
318 325
318 351
318 372
318 385
318 395
318 399
319 11
319 55
319 145
319 153
319 189
319 210
319 244
319 273
319 281
319 295
319 304
319 342
320 2
320 37
320 109
320 201
320 212
320 307
320 314
320 321
320 374
320 383
320 385
320 387
321 96
321 122
321 136
321 231
321 320
321 337
321 339
321 349
321 354
321 367
321 386
321 392
322 5
322 23
322 34
322 103
322 235
322 252
322 262
322 279
322 324
322 349
322 359
322 392
323 47
323 49
323 72
323 169
323 176
323 278
323 306
323 329
323 337
323 352
323 357
323 366
323 383
324 60
324 155
324 156
324 183
324 215
324 224
324 311
324 322
324 345
324 365
324 372
324 388
324 399
325 20
325 66
325 74
325 155
325 161
325 243
325 256
325 297
325 318
325 353
325 365
325 368
325 372
326 149
326 160
326 168
326 176
326 202
326 236
326 247
326 277
326 280
326 331
326 372
326 374
326 376
327 14
327 24
327 36
327 184
327 210
327 221
327 328
327 338
327 360
327 368
327 371
327 382
327 399
328 55
328 65
328 121
328 141
328 144
328 207
328 297
328 327
328 333
328 363
328 380
328 395
328 397
329 131
329 136
329 169
329 209
329 218
329 240
329 278
329 299
329 323
329 335
329 337
329 357
329 366
330 70
330 104
330 109
330 118
330 152
330 200
330 224
330 232
330 260
330 271
330 281
330 287
330 347
330 384
331 110
331 168
331 195
331 202
331 231
331 236
331 252
331 277
331 326
331 340
331 373
331 374
331 376
331 378
332 73
332 86
332 101
332 159
332 248
332 299
332 302
332 313
332 339
332 340
332 355
332 358
332 376
332 377
333 31
333 76
333 94
333 180
333 238
333 282
333 292
333 328
333 356
333 360
333 365
333 371
333 375
333 398
334 20
334 21
334 44
334 45
334 80
334 95
334 102
334 115
334 152
334 221
334 229
334 239
334 345
334 382
335 57
335 63
335 187
335 201
335 209
335 224
335 254
335 267
335 292
335 303
335 329
335 374
335 377
335 391
336 6
336 39
336 62
336 113
336 128
336 152
336 156
336 173
336 178
336 194
336 263
336 295
336 317
336 394
337 68
337 90
337 231
337 276
337 290
337 321
337 323
337 329
337 338
337 348
337 357
337 366
337 386
337 397
338 8
338 33
338 44
338 110
338 143
338 184
338 290
338 293
338 312
338 327
338 337
338 368
338 382
338 393
339 50
339 59
339 186
339 193
339 247
339 276
339 303
339 321
339 332
339 341
339 352
339 362
339 367
339 386
340 87
340 160
340 228
340 272
340 300
340 313
340 315
340 331
340 332
340 341
340 347
340 359
340 381
340 393
341 87
341 160
341 185
341 228
341 272
341 284
341 339
341 340
341 343
341 347
341 359
341 375
341 381
341 382
342 90
342 233
342 240
342 259
342 261
342 263
342 265
342 266
342 290
342 307
342 315
342 319
342 387
342 389
343 38
343 114
343 144
343 170
343 198
343 211
343 215
343 271
343 296
343 311
343 341
343 348
343 372
343 377
344 30
344 141
344 163
344 182
344 213
344 248
344 282
344 300
344 350
344 364
344 383
344 385
344 397
344 398
345 18
345 23
345 112
345 115
345 152
345 211
345 285
345 296
345 324
345 334
345 357
345 364
345 372
345 385
346 15
346 41
346 100
346 127
346 146
346 149
346 186
346 237
346 269
346 282
346 289
346 304
346 357
346 374
346 379
347 133
347 177
347 190
347 199
347 223
347 228
347 299
347 302
347 330
347 340
347 341
347 358
347 359
347 381
347 395
348 25
348 31
348 88
348 178
348 220
348 237
348 283
348 311
348 337
348 343
348 349
348 352
348 380
348 381
348 388
349 2
349 5
349 119
349 199
349 216
349 230
349 263
349 274
349 317
349 321
349 322
349 348
349 372
349 373
349 382
350 7
350 17
350 107
350 209
350 211
350 254
350 257
350 264
350 294
350 303
350 344
350 377
350 382
350 391
350 396
351 64
351 83
351 155
351 165
351 183
351 208
351 215
351 250
351 271
351 311
351 313
351 318
351 394
351 395
351 399
352 10
352 172
352 188
352 205
352 234
352 245
352 287
352 323
352 339
352 348
352 363
352 383
352 385
352 394
352 395
353 32
353 74
353 88
353 99
353 120
353 153
353 188
353 219
353 227
353 238
353 266
353 305
353 325
353 385
353 395
354 96
354 107
354 142
354 186
354 193
354 204
354 224
354 230
354 235
354 276
354 284
354 321
354 367
354 386
354 387
355 16
355 54
355 92
355 159
355 171
355 186
355 197
355 210
355 262
355 266
355 281
355 302
355 332
355 367
355 375
356 13
356 66
356 69
356 148
356 170
356 177
356 191
356 210
356 225
356 238
356 242
356 291
356 310
356 312
356 333
356 398
357 47
357 72
357 106
357 122
357 131
357 136
357 169
357 216
357 242
357 278
357 323
357 329
357 337
357 345
357 346
357 366
358 48
358 97
358 169
358 192
358 227
358 250
358 256
358 262
358 263
358 305
358 332
358 347
358 359
358 366
358 394
358 395
359 17
359 87
359 103
359 185
359 223
359 272
359 300
359 309
359 316
359 322
359 340
359 341
359 347
359 358
359 380
359 381
360 92
360 122
360 151
360 157
360 191
360 225
360 226
360 239
360 240
360 280
360 291
360 327
360 333
360 369
360 372
360 389
361 14
361 19
361 101
361 112
361 139
361 154
361 158
361 196
361 206
361 228
361 239
361 253
361 257
361 288
361 309
361 390
362 7
362 27
362 137
362 155
362 186
362 205
362 207
362 220
362 283
362 288
362 302
362 339
362 378
362 380
362 381
362 386
363 1
363 65
363 110
363 113
363 144
363 157
363 161
363 163
363 182
363 201
363 297
363 328
363 352
363 378
363 397
363 398
364 16
364 23
364 32
364 79
364 109
364 111
364 121
364 172
364 290
364 309
364 344
364 345
364 369
364 378
364 383
364 385
365 12
365 13
365 38
365 167
365 185
365 200
365 222
365 232
365 255
365 270
365 296
365 311
365 324
365 325
365 333
365 399
366 47
366 72
366 81
366 97
366 99
366 131
366 136
366 169
366 278
366 307
366 308
366 323
366 329
366 337
366 357
366 358
367 88
367 135
367 142
367 176
367 186
367 192
367 235
367 243
367 283
367 308
367 321
367 339
367 354
367 355
367 380
367 386
368 36
368 51
368 63
368 105
368 112
368 114
368 248
368 293
368 314
368 325
368 327
368 338
368 371
368 382
368 384
368 387
368 393
369 59
369 67
369 77
369 114
369 121
369 134
369 137
369 164
369 175
369 180
369 186
369 200
369 270
369 306
369 316
369 360
369 364
370 15
370 53
370 73
370 75
370 83
370 111
370 126
370 130
370 139
370 141
370 155
370 208
370 214
370 260
370 275
370 285
370 298
370 386
371 10
371 24
371 44
371 128
371 167
371 182
371 221
371 264
371 280
371 293
371 312
371 327
371 333
371 368
371 382
371 384
371 386
371 393
372 13
372 20
372 48
372 138
372 256
372 279
372 296
372 313
372 318
372 324
372 325
372 326
372 343
372 345
372 349
372 360
372 385
372 399
373 3
373 75
373 132
373 147
373 148
373 165
373 168
373 176
373 195
373 202
373 232
373 282
373 306
373 331
373 349
373 376
373 378
373 393
374 66
374 79
374 89
374 167
374 234
374 264
374 299
374 301
374 308
374 309
374 320
374 326
374 331
374 335
374 346
374 378
374 385
374 394
375 21
375 39
375 69
375 76
375 115
375 217
375 242
375 249
375 258
375 266
375 291
375 333
375 341
375 355
375 383
375 391
375 396
375 397
375 398
376 21
376 75
376 84
376 89
376 104
376 132
376 148
376 165
376 168
376 171
376 222
376 236
376 277
376 296
376 326
376 331
376 332
376 373
376 385
377 12
377 18
377 79
377 118
377 203
377 244
377 267
377 286
377 295
377 301
377 332
377 335
377 343
377 350
377 378
377 381
377 383
377 384
377 385
378 37
378 51
378 66
378 89
378 109
378 140
378 156
378 204
378 257
378 264
378 304
378 331
378 362
378 363
378 364
378 373
378 374
378 377
378 385
379 15
379 19
379 37
379 41
379 45
379 76
379 85
379 127
379 138
379 146
379 149
379 174
379 226
379 237
379 241
379 269
379 289
379 346
379 396
379 398
380 7
380 10
380 25
380 38
380 75
380 81
380 193
380 205
380 212
380 220
380 231
380 247
380 268
380 276
380 328
380 348
380 359
380 362
380 367
380 381
381 70
381 133
381 135
381 145
381 160
381 177
381 185
381 199
381 225
381 228
381 272
381 300
381 340
381 341
381 347
381 348
381 359
381 362
381 377
381 380
382 44
382 91
382 105
382 114
382 123
382 139
382 207
382 251
382 290
382 293
382 327
382 334
382 338
382 341
382 349
382 350
382 368
382 371
382 384
382 393
383 34
383 64
383 68
383 74
383 201
383 213
383 229
383 279
383 299
383 301
383 309
383 314
383 320
383 323
383 344
383 352
383 364
383 375
383 377
383 389
384 49
384 51
384 91
384 105
384 159
384 163
384 167
384 171
384 184
384 189
384 212
384 221
384 251
384 261
384 293
384 330
384 368
384 371
384 377
384 382
384 393
385 10
385 12
385 64
385 131
385 172
385 177
385 204
385 224
385 314
385 318
385 320
385 344
385 345
385 352
385 353
385 364
385 372
385 374
385 376
385 377
385 378
386 7
386 25
386 98
386 135
386 142
386 159
386 179
386 193
386 212
386 247
386 254
386 287
386 313
386 321
386 337
386 339
386 354
386 362
386 367
386 370
386 371
387 0
387 26
387 42
387 50
387 90
387 202
387 218
387 219
387 233
387 259
387 261
387 265
387 305
387 307
387 314
387 320
387 342
387 354
387 368
387 389
387 395
388 5
388 60
388 96
388 116
388 119
388 129
388 162
388 171
388 213
388 235
388 255
388 262
388 263
388 265
388 267
388 279
388 295
388 324
388 348
388 391
388 392
389 0
389 42
389 50
389 67
389 84
389 90
389 161
389 181
389 218
389 233
389 259
389 261
389 265
389 266
389 307
389 315
389 342
389 360
389 383
389 387
389 392
390 5
390 14
390 22
390 29
390 93
390 98
390 123
390 138
390 139
390 154
390 158
390 172
390 185
390 194
390 196
390 206
390 226
390 253
390 288
390 298
390 361
390 396
391 0
391 11
391 19
391 34
391 43
391 54
391 103
391 123
391 145
391 218
391 237
391 238
391 242
391 250
391 292
391 335
391 350
391 375
391 388
391 396
391 398
391 399
392 34
392 36
392 61
392 78
392 103
392 115
392 119
392 129
392 182
392 216
392 230
392 263
392 279
392 286
392 317
392 321
392 322
392 388
392 389
392 393
392 394
392 399
393 3
393 36
393 49
393 137
393 158
393 184
393 196
393 221
393 227
393 234
393 251
393 290
393 297
393 312
393 338
393 340
393 368
393 371
393 373
393 382
393 384
393 392
393 399
394 11
394 15
394 40
394 88
394 93
394 107
394 192
394 198
394 219
394 242
394 245
394 249
394 250
394 252
394 278
394 284
394 305
394 336
394 351
394 352
394 358
394 374
394 392
395 46
395 70
395 88
395 97
395 120
395 134
395 192
395 225
395 234
395 249
395 262
395 264
395 266
395 284
395 296
395 318
395 328
395 347
395 351
395 352
395 353
395 358
395 387
396 28
396 29
396 39
396 45
396 82
396 92
396 122
396 123
396 146
396 181
396 209
396 217
396 240
396 246
396 256
396 261
396 274
396 283
396 350
396 375
396 379
396 390
396 391
396 398
397 1
397 36
397 53
397 55
397 65
397 81
397 91
397 141
397 144
397 157
397 161
397 199
397 207
397 217
397 227
397 245
397 257
397 297
397 307
397 328
397 337
397 344
397 363
397 375
398 55
398 69
398 72
398 82
398 95
398 124
398 137
398 154
398 173
398 204
398 225
398 229
398 242
398 258
398 281
398 282
398 289
398 333
398 344
398 356
398 363
398 375
398 379
398 391
398 396
399 0
399 17
399 24
399 47
399 106
399 118
399 138
399 143
399 200
399 232
399 243
399 255
399 260
399 272
399 285
399 287
399 318
399 324
399 327
399 351
399 365
399 372
399 391
399 392
399 393
