160 950
72 205
237 387
480 935
464 545
465 482
567 954
436 741
680 753
183 909
9 731
692 693
419 917
581 726
126 978
732 793
768 925
97 867
494 991
454 675
18 112
399 619
861 865
277 805
97 922
833 912
885 898
467 709
286 401
253 834
373 473
482 752
530 867
620 942
768 916
440 912
721 980
39 889
796 852
247 320
842 924
292 992
42 991
169 237
481 792
683 871
78 863
464 543
466 815
787 837
168 701
78 974
951 979
805 996
810 842
280 721
83 337
137 259
462 871
122 425
467 699
64 696
907 950
622 961
523 614
447 801
528 780
582 818
309 763
236 813
847 981
39 696
44 998
459 956
885 995
889 941
450 729
399 494
755 980
177 893
894 962
700 803
312 996
367 582
83 803
248 407
524 574
634 842
608 828
537 957
644 871
936 995
227 535
583 807
413 480
335 912
637 997
141 759
346 948
130 873
348 976
112 873
131 874
44 876
28 309
47 988
469 485
770 994
165 567
500 954
724 727
16 499
986 998
329 998
897 961
148 205
256 865
151 677
596 601
852 963
727 892
321 909
178 782
472 986
236 741
168 349
650 961
155 735
62 484
33 961
161 917
680 867
218 686
165 997
979 996
29 992
925 939
69 782
450 768
529 981
553 689
236 907
720 788
629 679
810 950
886 991
724 912
619 775
670 897
107 638
741 824
245 425
468 979
16 121
571 802
326 858
589 884
493 640
599 874
410 762
680 874
292 813
644 973
461 850
337 919
462 654
289 545
404 665
725 929
796 951
212 852
747 861
344 441
837 979
916 979
498 702
45 874
821 986
678 680
277 700
574 873
504 942
447 502
732 859
368 915
2 942
338 896
504 797
305 796
252 682
368 994
573 961
256 257
572 722
221 582
182 851
791 847
582 622
894 993
535 927
353 859
743 792
851 942
842 858
699 959
42 797
7 916
82 599
581 996
448 736
727 915
88 338
589 910
716 988
558 561
599 881
142 935
424 712
10 858
63 537
154 871
803 824
329 589
876 981
256 725
462 530
500 788
490 984
362 789
372 827
283 608
871 916
327 954
474 929
262 478
210 935
288 452
435 714
21 141
248 787
616 632
725 980
543 914
192 810
524 862
561 940
635 971
837 951
151 735
116 803
464 990
711 952
485 952
107 992
436 682
609 809
898 972
99 976
461 670
686 919
675 997
290 435
915 956
115 807
100 462
691 805
356 493
218 775
292 991
205 991
276 452
545 867
622 883
716 890
532 916
761 922
462 474
118 647
924 980
654 980
45 984
858 861
234 492
435 728
823 852
154 880
599 909
619 825
763 828
729 764
474 725
330 779
170 941
206 761
154 995
232 970
689 907
604 980
570 868
457 530
95 707
167 683
613 898
463 465
728 894
549 805
471 604
39 440
649 919
464 859
155 961
544 928
146 827
589 986
290 993
699 976
846 865
650 763
703 952
471 740
272 998
733 774
367 951
649 783
171 232
325 910
492 863
558 596
80 755
45 970
373 461
47 922
410 818
432 806
919 939
212 797
691 824
532 818
556 950
336 716
597 788
47 589
550 682
647 670
565 582
485 988
731 924
476 485
292 682
882 919
563 698
431 917
50 987
142 909
275 962
614 662
575 916
320 798
323 846
268 424
505 508
624 689
509 690
256 346
274 396
368 511
735 850
15 573
197 954
199 970
939 998
47 118
657 659
728 851
894 942
290 552
326 924
398 964
828 995
116 957
647 949
338 396
782 793
253 639
126 503
236 824
581 956
588 623
277 661
648 962
740 818
544 659
411 876
528 573
50 890
325 889
549 985
571 881
309 394
608 688
624 918
274 882
635 668
688 999
530 864
432 971
260 635
544 972
490 897
330 854
994 996
336 876
703 988
478 780
858 993
565 923
712 940
204 978
261 399
425 907
173 232
601 943
146 961
327 898
771 815
898 957
280 722
115 675
558 995
599 935
109 343
492 916
608 917
116 244
7 978
307 908
63 459
599 862
954 995
956 963
206 780
407 494
724 796
83 140
579 700
427 747
615 719
232 908
12 844
582 810
0 327
398 763
611 892
732 984
348 977
61 670
635 889
29 885
451 885
892 994
714 821
586 590
680 893
440 823
79 208
137 268
851 917
764 773
690 992
431 950
468 759
766 993
800 897
141 984
109 590
629 733
316 488
335 444
693 709
837 992
272 920
83 444
753 897
41 976
427 571
393 818
505 822
783 890
462 644
637 735
484 657
431 959
855 994
771 915
629 875
619 774
322 327
657 914
254 303
271 386
646 700
922 963
245 995
50 134
305 963
107 526
148 978
537 885
725 761
283 449
726 855
214 792
86 502
616 978
502 957
604 844
950 981
611 770
108 998
611 915
481 743
86 544
12 387
912 914
146 909
238 709
613 972
619 982
283 954
50 86
503 720
700 951
58 502
312 880
490 983
622 852
40 922
58 556
187 989
702 774
918 963
805 824
111 988
384 614
662 915
791 846
978 979
616 945
764 954
780 951
894 998
57 400
771 889
386 988
688 936
654 678
187 869
583 771
322 797
644 722
556 876
635 941
766 810
683 966
176 869
448 986
16 254
796 878
532 784
427 709
708 815
984 986
341 819
529 722
696 798
203 830
590 965
405 887
378 997
750 858
3 58
4 948
276 561
246 355
262 947
88 178
485 709
108 256
199 678
97 164
728 962
675 733
343 955
355 867
788 907
402 976
476 514
741 981
281 386
161 834
811 894
683 722
5 994
468 919
182 909
199 993
402 952
653 764
197 598
806 844
542 858
179 689
917 936
868 876
338 860
393 978
653 990
360 976
168 898
561 989
139 994
728 976
283 780
854 881
572 654
918 998
624 875
676 700
65 772
875 897
236 957
791 984
553 821
599 719
787 811
208 997
280 498
387 867
209 775
463 866
689 796
549 813
37 596
882 925
834 984
33 897
33 308
609 761
242 962
356 976
636 648
750 993
597 787
616 740
690 813
451 601
736 948
398 851
183 950
185 792
114 411
681 995
208 988
80 929
952 992
882 916
298 680
320 992
818 825
68 818
360 950
930 939
474 572
950 997
720 828
771 840
635 638
482 802
620 969
16 402
269 960
782 791
148 759
259 940
702 847
813 824
615 827
57 596
349 419
560 686
620 751
18 332
55 700
789 918
811 962
114 942
898 936
652 915
743 978
410 773
126 613
76 855
404 814
210 704
597 948
585 916
782 798
481 712
208 640
762 811
321 935
304 404
608 706
218 914
646 873
741 874
716 997
185 736
574 976
300 682
213 979
343 691
316 476
387 929
727 994
585 925
682 951
114 766
703 991
435 986
204 979
427 922
725 740
818 851
472 886
457 844
411 789
907 936
930 948
770 897
511 652
242 998
155 933
451 676
39 698
390 394
505 954
696 878
714 952
837 910
881 963
517 693
511 994
707 859
871 980
892 996
608 847
759 919
405 936
335 892
393 912
619 890
840 893
72 337
130 910
384 893
865 875
792 916
133 862
152 958
466 729
506 602
360 545
784 868
272 930
570 732
44 991
79 582
316 321
575 792
325 962
164 448
700 837
521 699
647 833
376 976
766 919
782 984
823 878
76 996
41 639
556 688
206 788
278 892
318 825
653 917
770 915
828 887
297 790
724 907
176 502
486 825
401 972
623 932
646 698
560 775
49 371
33 854
726 994
529 764
646 853
683 989
833 882
170 696
463 861
449 585
503 923
608 861
735 897
165 574
542 704
979 998
28 874
654 722
482 984
728 992
273 467
202 459
356 571
583 932
452 887
821 991
662 902
755 941
336 984
425 998
355 539
207 432
444 824
216 424
12 929
346 823
623 724
316 963
925 930
40 517
420 609
919 978
629 686
498 557
565 854
657 906
237 773
435 910
95 763
650 878
335 617
68 545
177 782
714 988
291 613
859 867
682 805
441 881
423 506
208 932
465 810
797 894
9 744
452 909
386 962
886 956
405 972
320 413
87 613
368 996
699 952
152 922
407 809
585 939
401 506
272 910
476 647
204 918
49 979
303 503
178 825
1 784
865 942
681 828
478 529
708 984
378 976
720 876
424 707
405 981
616 961
28 394
565 823
698 863
441 494
632 833
447 885
581 994
28 998
484 542
424 940
762 867
654 961
787 886
970 993
627 887
83 200
688 977
470 502
202 710
886 910
561 856
504 813
69 315
604 647
18 747
534 629
815 824
837 972
87 744
515 619
168 744
556 868
153 340
405 688
581 892
124 844
486 943
179 565
347 449
609 790
575 740
210 933
318 649
373 956
242 991
791 972
793 930
428 789
657 997
286 353
322 765
690 951
750 970
111 195
936 950
874 984
701 784
376 914
12 416
529 714
269 644
164 273
182 367
173 914
193 874
824 992
589 736
623 753
609 725
632 743
10 842
212 770
428 780
488 917
106 108
213 925
378 860
936 957
268 712
468 912
750 956
165 747
420 424
351 366
426 486
506 840
503 981
470 999
571 862
130 815
58 688
348 922
517 758
851 991
620 846
823 854
535 957
493 922
811 886
166 926
314 450
560 993
139 916
589 991
19 725
171 657
744 887
690 824
567 936
364 485
761 929
647 881
209 442
615 924
260 696
321 843
598 682
396 424
570 981
115 902
480 590
689 875
800 850
750 876
1 742
720 847
792 939
704 733
742 773
800 961
13 940
897 919
842 871
138 878
233 676
714 922
821 998
290 878
850 992
297 992
649 704
356 755
451 480
894 930
516 624
97 997
481 979
634 810
393 882
619 920
587 691
604 755
553 615
42 862
149 986
85 988
474 872
755 844
614 987
542 914
889 918
321 980
511 969
885 957
13 338
322 995
325 448
753 890
952 993
813 992
214 269
747 766
859 984
803 887
948 962
537 934
634 747
691 758
176 468
33 445
632 882
740 980
108 550
768 882
346 991
129 627
811 948
353 935
85 711
912 978
929 980
88 436
894 940
112 991
133 721
152 571
650 944
800 871
828 876
137 940
727 996
203 994
86 957
582 854
680 763
697 707
82 355
427 932
871 929
451 896
803 916
787 942
55 692
10 474
599 827
768 919
235 461
685 686
704 825
337 960
68 688
432 604
697 782
330 852
629 774
524 873
232 484
72 952
364 686
697 708
811 930
647 850
504 910
601 941
861 942
309 401
609 683
19 980
644 980
314 377
89 792
197 716
532 865
259 712
152 952
797 930
559 583
565 881
697 791
41 384
41 859
99 780
719 909
85 865
146 935
36 653
419 828
171 376
729 970
803 898
454 946
299 675
466 583
490 878
537 898
597 846
176 939
486 775
362 970
71 76
553 725
131 990
798 976
88 940
837 886
733 890
787 852
535 690
149 217
634 993
202 885
494 783
100 885
597 998
176 979
396 712
680 782
532 887
224 410
168 972
810 970
482 990
742 970
203 910
554 634
644 760
152 320
12 980
589 888
788 995
511 915
367 992
596 798
373 611
524 997
245 905
707 840
798 874
351 907
763 782
323 653
32 500
39 798
615 767
693 716
529 603
729 771
741 805
351 681
262 764
798 962
912 925
506 732
218 517
627 867
850 936
797 868
305 655
109 941
292 741
314 992
3 874
627 784
160 907
305 792
909 935
459 972
264 697
134 740
462 572
543 765
178 940
87 145
275 612
55 951
367 897
833 978
868 954
649 688
912 916
490 637
472 939
149 244
278 354
248 914
780 954
124 919
253 885
109 934
312 899
457 683
246 939
784 818
567 729
49 833
543 762
356 912
466 698
549 692
548 652
182 935
1 425
878 885
292 565
722 980
49 978
854 963
111 547
368 830
348 508
402 997
44 851
614 885
797 886
65 805
372 935
815 988
805 951
274 833
386 986
648 868
889 894
764 811
177 394
827 909
57 954
922 939
44 190
466 872
484 543
697 829
202 958
142 827
254 465
720 981
80 206
481 957
209 494
601 924
780 936
233 941
253 732
787 998
277 897
7 708
303 776
950 956
448 821
484 969
712 919
984 988
3 680
544 613
250 941
511 956
131 697
173 611
378 995
436 861
346 776
2 950
771 873
353 874
731 858
95 467
465 574
637 800
702 825
840 984
238 743
216 855
875 917
234 480
381 698
9 961
724 854
452 676
698 873
573 994
280 898
560 890
323 996
341 850
654 808
729 873
218 949
4 646
773 784
614 902
425 930
498 783
597 759
616 768
329 779
4 789
297 691
689 881
500 571
286 780
436 803
627 647
9 970
139 919
764 847
146 648
699 988
80 806
500 876
603 693
582 875
472 998
590 941
735 753
353 915
213 273
487 488
362 668
865 962
419 431
409 581
528 611
428 876
3 957
637 858
653 981
624 646
553 827
272 842
205 974
373 893
410 968
624 789
560 690
632 980
360 802
250 961
507 632
803 992
703 716
478 764
616 925
138 577
250 647
450 815
681 711
242 567
827 935
574 714
868 995
100 898
47 133
505 924
273 517
163 697
77 216
615 909
887 936
121 748
193 708
640 976
532 742
348 571
121 861
782 874
875 881
771 842
95 431
153 940
248 825
427 640
464 662
411 945
469 550
398 738
572 806
280 339
63 957
100 905
318 399
524 884
704 859
195 919
567 950
330 946
916 925
404 970
740 761
850 979
246 701
444 768
634 970
693 972
912 979
652 909
63 147
232 704
69 813
303 842
253 353
5 956
724 881
449 833
742 815
175 699
384 793
459 898
545 773
220 327
262 681
504 904
234 423
273 640
309 407
493 997
498 957
372 553
744 957
712 753
454 976
629 719
828 868
744 972
166 183
372 719
410 627
431 847
250 441
622 796
310 525
259 480
1 681
454 952
471 634
500 507
482 858
640 751
401 650
199 731
632 793
722 871
121 993
729 815
17 954
676 994
492 604
476 678
224 929
650 840
886 889
335 919
854 941
254 861
573 727
640 956
720 907
457 654
10 944
118 634
68 784
312 855
719 996
407 775
160 982
185 978
116 257
170 889
246 622
711 997
323 956
55 166
976 978
260 480
278 564
707 834
530 825
307 775
449 743
550 942
65 567
134 166
318 910
743 833
764 887
488 981
42 948
721 761
443 549
650 695
134 890
444 844
472 990
180 407
275 787
459 831
336 995
615 935
766 924
160 368
177 867
141 893
503 917
732 833
962 986
28 868
233 833
620 910
930 991
936 981
259 875
498 560
704 774
100 972
327 648
29 723
793 859
77 818
683 980
648 887
341 963
343 803
223 419
468 887
565 852
126 847
197 997
837 991
553 719
112 771
773 818
887 995
214 616
323 915
622 707
399 787
76 956
111 976
330 963
682 803
87 502
89 979
182 719
396 940
275 910
720 887
750 761
768 979
956 994
481 531
774 914
166 968
549 691
89 570
806 980
570 837
650 791
632 939
885 972
505 861
571 820
309 341
577 654
524 915
910 961
646 975
276 558
596 667
797 998
450 873
307 733
950 954
957 972
466 873
543 825
657 890
256 833
615 890
463 505
467 784
242 851
646 823
425 991
466 907
329 736
440 989
187 693
350 387
323 872
112 729
114 894
386 398
194 711
138 840
193 952
726 916
763 922
197 976
183 854
138 987
759 979
446 558
142 946
236 390
681 746
613 885
45 680
139 920
486 890
2 806
558 798
575 964
41 479
187 997
556 861
575 853
7 72
192 861
834 859
747 970
162 614
325 490
40 716
246 773
530 774
910 986
348 711
609 747
42 867
169 889
601 798
193 793
394 650
329 611
698 886
699 966
22 590
728 972
247 652
410 701
881 898
257 744
648 946
78 675
297 690
45 980
649 914
532 697
268 447
620 991
683 889
326 737
40 864
498 775
708 918
13 712
800 852
149 991
131 572
481 585
151 975
192 644
262 923
336 570
703 855
815 873
310 951
373 892
728 986
272 986
95 131
503 638
865 986
791 893
77 762
850 881
372 477
502 841
88 685
387 591
615 686
634 750
742 818
29 957
283 878
855 956
234 621
698 771
440 623
528 948
321 938
619 629
468 943
916 919
259 396
387 662
155 760
286 983
2 995
810 858
312 956
493 899
575 912
262 917
193 997
343 992
457 952
4 724
316 440
376 403
780 788
736 846
823 918
550 874
202 972
411 875
506 874
305 461
753 881
537 828
278 855
338 940
351 936
360 928
290 490
471 980
76 850
274 573
275 386
797 942
177 612
821 846
203 996
19 755
457 929
846 894
373 855
727 855
138 793
362 878
842 993
461 735
649 806
939 979
707 878
700 810
699 729
558 621
467 697
565 709
233 868
310 992
704 827
676 996
435 942
440 441
77 956
649 657
464 532
597 811
553 935
435 616
509 561
165 703
887 950
486 544
858 924
620 728
452 941
107 951
398 986
130 771
865 998
457 644
721 951
652 956
286 859
620 930
161 707
528 726
583 805
362 961
164 952
77 362
759 882
65 981
154 981
447 957
451 566
488 887
811 925
573 726
686 864
675 976
770 996
419 632
442 597
596 889
542 725
337 618
339 378
268 940
286 834
161 708
269 912
511 694
792 919
153 911
691 865
585 908
450 698
897 963
517 997
238 581
590 880
644 755
558 676
153 824
461 463
210 827
318 535
846 851
852 961
195 882
492 798
793 840
846 962
478 909
192 924
707 837
585 603
505 766
590 601
19 996
242 900
173 412
653 914
942 991
237 709
237 784
716 806
498 649
137 607
472 991
736 865
153 178
501 604
307 783
731 970
570 907
623 712
609 871
653 907
948 950
310 972
243 283
797 907
448 811
693 714
505 993
274 939
741 803
834 893
68 403
488 876
470 972
454 522
567 685
517 574
699 762
956 996
500 917
763 793
161 786
280 929
80 846
868 981
444 748
428 963
17 933
750 924
821 948
148 675
703 997
133 402
689 961
504 580
107 436
823 961
611 996
192 572
248 585
689 850
581 799
750 766
89 978
608 878
326 993
917 919
523 545
488 956
428 954
854 961
86 992
72 964
472 948
463 766
465 747
160 556
303 924
583 729
97 829
614 762
889 892
653 950
763 791
548 550
237 867
623 852
703 922
854 873
322 428
604 973
609 929
721 740
833 930
142 825
492 889
476 963
635 798
372 936
467 640
726 892
17 689
312 915
276 566
575 585
27 376
613 843
670 855
436 967
690 705
430 572
736 917
805 837
148 696
704 914
447 972
239 622
646 815
759 978
210 599
871 992
69 837
214 493
326 970
471 573
570 950
535 537
155 622
686 702
727 956
620 633
307 603
570 648
681 907
276 998
542 964
743 747
212 996
250 946
892 952
257 662
57 676
681 788
721 871
759 939
490 789
770 940
164 355
700 992
637 753
503 688
731 750
940 984
137 541
924 930
212 892
893 984
50 530
234 640
471 749
733 783
183 935
480 768
722 950
449 908
682 690
185 890
314 805
133 762
910 930
290 624
384 896
614 742
481 506
389 401
559 670
205 979
629 657
170 918
85 952
194 721
470 898
842 970
476 637
378 580
382 627
652 994
376 530
234 941
203 611
115 709
542 543
7 863
561 889
736 962
257 898
662 867
5 976
55 992
627 940
793 865
5 662
43 623
451 942
627 742
149 886
404 482
336 488
213 393
216 355
535 972
635 637
118 963
154 847
504 851
337 978
356 988
303 823
597 942
130 395
4 59
99 789
556 947
278 676
650 751
341 875
199 968
575 701
613 959
465 681
173 248
649 827
124 874
892 988
590 635
882 912
648 936
151 623
194 965
139 185
233 889
254 513
601 889
69 691
432 929
680 957
686 733
566 696
558 760
297 983
320 561
213 869
537 771
206 828
194 988
670 789
693 891
732 791
861 970
915 996
111 714
330 729
404 810
478 895
121 981
640 642
550 787
702 890
204 833
78 485
246 539
448 888
214 911
16 993
471 654
171 952
542 786
929 994
108 116
401 774
731 993
384 399
894 986
151 637
351 453
9 924
118 622
134 629
529 995
269 925
876 907
326 539
771 954
170 994
500 986
796 850
764 868
85 90
583 815
735 847
23 276
560 705
447 951
169 941
813 951
740 806
506 893
747 924
492 696
589 731
493 988
310 690
402 486
428 841
305 753
325 329
528 770
624 731
405 653
912 939
486 914
399 825
493 655
404 993
761 844
124 224
398 930
171 967
245 821
194 402
675 928
17 800
70 511
731 876
49 858
698 815
187 948
494 560
117 699
727 893
361 700
624 801
351 419
743 925
378 952
432 683
343 741
141 834
40 652
668 681
979 997
930 962
384 840
735 789
478 859
806 929
740 844
318 543
924 993
711 988
470 970
697 732
648 995
316 593
484 783
17 724
733 993
274 646
311 405
277 549
441 724
314 996
209 528
216 799
485 675
238 997
224 985
459 968
520 662
29 470
393 426
270 367
657 723
124 721
238 711
761 871
797 865
484 822
450 994
454 922
278 770
544 885
744 898
444 939
216 742
57 941
556 996
463 958
119 253
834 885
376 890
268 883
567 995
58 868
257 295
99 954
504 948
572 906
147 634
844 871
169 470
742 867
824 951
109 233
110 596
842 861
683 806
78 427
575 939
725 948
464 592
961 963
688 847
859 892
18 970
865 930
204 993
10 970
63 275
245 865
307 686
18 861
755 761
297 741
851 948
583 873
930 998
474 763
608 981
482 993
726 915
341 836
394 878
596 635
189 624
693 922
535 744
689 835
269 393
2 954
573 892
796 875
670 852
87 631
224 432
335 979
561 941
821 910
574 693
245 962
528 994
670 701
709 941
858 930
951 992
791 859
411 800
89 804
574 578
524 709
156 431
452 696
936 954
3 984
753 961
682 882
167 691
441 800
728 886
195 753
396 963
494 848
529 788
126 950
875 918
169 676
652 892
855 915
847 995
13 775
254 819
314 691
774 783
65 917
407 702
858 948
894 948
346 886
952 976
224 721
652 996
907 917
549 951
720 844
868 873
5 581
601 869
195 449
273 962
492 517
623 875
770 855
719 935
250 850
788 823
277 310
99 887
560 702
209 914
372 909
411 823
13 226
322 595
1 762
19 625
637 642
360 988
670 963
238 524
114 550
727 827
545 992
394 579
115 454
696 942
218 875
627 662
632 768
544 957
