393 410
431 438
469 538
138 472
346 359
218 592
346 525
153 202
330 588
117 511
387 553
318 336
438 547
27 341
11 575
329 541
509 588
223 482
353 391
465 528
377 583
528 572
103 574
13 327
98 593
209 562
122 430
505 593
124 576
177 471
361 575
184 383
131 280
222 475
186 478
149 202
479 567
283 553
284 492
468 475
240 496
185 337
222 590
40 551
3 455
294 561
9 345
323 377
470 567
209 258
280 467
284 574
104 247
528 554
417 592
520 531
467 576
34 561
60 561
71 414
222 453
280 427
136 549
301 405
375 583
183 554
80 573
284 482
60 134
520 538
190 443
262 553
122 443
34 584
236 455
328 527
202 450
89 588
202 341
24 525
206 309
478 574
245 337
501 593
174 215
363 592
348 395
186 346
225 382
317 464
64 572
229 431
187 573
345 531
101 443
10 55
253 283
589 598
227 522
397 401
206 514
278 367
106 558
103 592
345 532
190 428
373 537
253 559
439 510
69 530
451 532
423 497
12 520
118 581
138 527
362 462
225 385
245 590
229 329
393 475
71 189
532 561
475 573
457 458
520 573
308 378
302 408
527 540
311 587
240 515
367 512
0 94
131 443
224 450
194 457
141 548
423 528
246 413
156 448
184 318
46 89
14 390
220 257
408 470
179 319
215 467
539 559
387 596
75 79
194 371
430 581
472 540
271 501
576 583
318 554
229 501
124 269
196 309
330 447
210 588
266 464
379 441
457 509
276 348
224 586
505 540
270 427
215 563
562 590
29 395
379 592
280 576
9 236
210 330
579 581
474 503
439 567
5 120
336 508
545 582
434 584
574 589
428 443
359 507
144 547
361 405
82 562
22 346
225 334
459 585
141 584
333 363
457 540
353 485
306 478
144 397
417 587
147 575
439 517
207 375
210 569
138 589
30 567
308 445
10 445
139 588
195 517
56 445
497 583
24 369
14 559
76 573
374 537
377 496
103 512
126 533
348 567
362 503
42 232
386 496
244 428
459 583
484 581
464 537
397 459
140 435
251 550
398 410
510 517
252 369
22 367
213 581
173 343
401 446
348 517
354 361
137 213
512 572
287 331
127 509
375 585
451 562
536 587
24 512
496 589
48 528
510 567
83 345
128 450
4 455
361 552
469 573
41 395
385 582
206 384
82 447
66 389
533 537
187 469
81 253
501 599
508 559
365 595
93 590
197 298
382 419
57 485
110 553
271 389
353 536
55 361
20 317
408 493
345 521
348 530
149 341
369 521
262 395
106 588
549 563
87 596
416 582
0 235
326 514
450 547
180 550
384 510
172 373
503 554
36 196
520 521
98 525
118 584
139 526
382 429
385 568
117 538
176 521
80 404
410 595
547 581
398 465
355 363
374 590
32 401
549 596
125 247
118 579
373 398
89 209
273 317
215 300
302 510
583 588
253 458
218 220
398 472
533 573
192 575
283 514
470 510
475 596
331 491
101 428
195 510
416 497
127 391
272 575
273 553
185 421
246 590
86 562
323 585
532 562
150 547
409 509
327 589
474 598
110 150
440 585
47 277
443 581
266 515
379 573
404 450
317 411
62 539
302 561
359 512
363 453
538 578
150 467
62 337
318 593
430 579
440 575
40 452
150 578
335 578
15 576
471 585
184 430
545 587
144 251
306 541
440 599
404 581
49 306
515 598
245 414
7 531
343 545
128 574
42 553
187 598
582 587
538 549
389 405
342 415
326 595
538 596
453 596
404 563
540 589
173 575
468 592
15 598
185 306
427 515
141 590
277 451
27 110
330 430
222 592
26 298
355 592
299 335
24 177
5 588
249 583
34 301
326 589
383 505
115 170
29 412
490 497
515 589
435 528
346 512
457 515
79 522
300 447
430 467
412 554
235 578
363 521
327 551
60 559
484 501
398 540
3 172
497 582
101 221
66 465
12 578
184 593
147 583
247 590
438 545
59 534
117 563
335 475
218 438
382 536
240 597
168 498
51 309
104 425
329 516
220 538
126 334
382 515
408 409
302 320
384 386
488 598
87 584
474 521
131 540
294 567
115 595
78 499
311 538
42 599
235 440
128 451
311 312
149 589
173 311
232 578
464 527
232 465
180 593
20 589
76 546
311 531
131 153
245 342
585 598
270 582
402 582
475 587
469 596
57 484
156 488
319 465
271 388
383 387
124 139
338 582
10 187
402 471
355 461
431 501
342 367
66 357
247 294
271 539
206 569
300 505
180 412
355 539
427 563
120 372
283 567
363 587
517 561
539 588
115 443
427 576
192 459
176 277
266 411
253 281
385 575
177 490
231 236
141 196
395 447
9 196
140 326
434 474
384 543
228 318
427 467
431 588
440 497
30 458
317 540
319 349
177 380
343 540
435 593
283 478
334 575
63 530
337 586
302 548
417 484
220 596
395 429
22 534
266 537
180 572
592 596
520 592
245 307
115 398
404 427
135 563
120 504
191 440
363 463
382 455
202 553
135 576
390 456
404 551
280 407
323 475
520 599
373 577
204 272
173 501
211 373
301 598
505 528
104 488
341 389
588 599
7 533
211 595
445 531
211 378
268 390
470 517
271 326
221 567
223 386
89 93
269 353
79 574
353 590
390 512
389 536
323 575
15 584
326 493
474 490
533 592
408 479
141 451
574 584
545 572
352 374
465 553
76 223
149 170
353 583
194 581
49 443
319 382
149 283
409 472
9 566
235 599
17 227
362 558
445 549
201 596
383 499
224 562
137 522
102 345
122 190
457 537
554 572
323 439
30 562
474 562
294 434
156 553
361 412
130 579
137 563
12 63
147 471
155 218
531 573
306 431
236 487
369 372
383 572
66 447
343 599
382 534
401 450
435 536
223 375
59 245
62 599
416 459
531 578
104 419
412 593
236 365
331 515
136 510
155 583
56 128
127 544
10 587
240 598
330 472
106 598
531 587
87 434
238 401
386 595
213 579
435 505
82 532
302 470
80 578
135 484
48 539
508 539
331 467
531 592
398 583
336 539
234 246
55 484
301 409
397 507
183 558
129 147
311 533
365 455
248 555
192 328
300 412
501 588
345 573
71 373
312 540
341 553
359 446
111 147
390 499
559 588
260 336
225 466
280 430
50 329
172 206
270 583
144 482
330 501
27 389
135 156
179 382
271 541
36 438
74 180
468 538
355 533
468 499
517 567
330 508
213 443
270 360
0 343
140 505
355 538
168 470
387 417
427 579
232 553
89 488
329 441
402 545
19 30
259 450
80 549
227 342
248 252
336 436
375 440
416 508
253 273
118 346
318 503
251 359
81 273
161 409
272 585
312 486
131 244
248 590
211 556
86 93
514 559
365 565
389 447
247 561
195 480
195 567
584 598
168 595
479 503
335 402
341 498
327 372
19 370
40 472
78 478
47 64
468 574
240 527
53 277
459 479
79 191
338 442
283 327
130 430
527 537
497 575
478 512
49 480
395 553
514 545
457 496
331 411
334 526
387 592
302 567
156 451
509 515
274 319
576 579
26 428
533 598
471 587
402 517
367 522
62 433
117 596
117 399
63 520
270 423
538 587
191 574
271 588
36 455
439 479
375 520
129 220
27 476
192 541
11 272
582 585
130 264
458 496
301 305
144 244
221 506
386 410
136 536
222 395
280 579
312 393
348 479
337 541
211 410
514 522
277 592
5 502
249 470
259 375
320 359
587 596
76 522
554 573
298 540
86 599
379 475
450 499
109 409
21 488
283 395
284 590
377 545
201 345
386 509
482 508
467 528
105 328
124 508
36 365
130 576
64 393
15 561
183 383
19 86
259 583
337 527
374 451
179 211
185 248
38 225
538 572
319 536
36 514
236 375
537 598
306 325
0 493
186 456
4 183
308 589
40 312
240 592
79 249
431 458
319 447
484 576
490 532
180 435
457 563
21 402
561 584
211 457
508 541
312 527
222 587
30 548
416 573
309 589
185 599
120 124
155 277
308 317
3 595
385 585
464 531
451 590
213 563
527 593
335 575
284 547
447 465
323 402
262 563
34 562
224 397
244 445
390 505
512 575
218 390
272 472
383 554
455 514
540 562
246 535
57 263
259 489
225 585
236 514
140 307
334 585
251 346
509 595
2 191
42 262
223 453
390 574
64 593
136 553
123 209
324 387
326 411
443 503
82 333
501 596
384 524
223 251
387 521
262 557
69 348
434 532
40 537
331 593
538 539
155 504
29 553
338 367
7 573
177 335
323 393
141 434
330 509
539 585
59 589
390 482
273 465
3 591
307 456
19 572
373 540
431 508
270 449
305 307
15 439
329 559
328 545
24 468
150 227
116 397
408 510
248 584
501 559
503 572
309 514
93 598
118 582
409 527
361 435
259 300
112 373
298 567
266 540
71 527
479 517
126 592
235 270
417 521
130 293
369 561
27 352
168 596
224 529
139 398
532 590
227 327
374 490
48 557
126 426
453 469
4 514
352 355
176 561
22 559
353 562
279 355
342 540
135 241
104 561
66 581
122 493
269 277
434 554
128 438
318 596
467 484
393 457
14 588
273 536
81 379
47 538
342 535
472 509
58 224
82 209
120 559
118 563
362 570
272 377
294 399
336 588
387 389
249 459
410 411
404 576
153 443
562 595
563 576
435 574
438 468
181 382
153 559
337 539
229 541
60 541
277 598
243 346
521 578
445 554
393 540
69 276
328 402
245 499
326 331
329 501
497 545
369 417
194 579
29 205
379 453
235 338
60 210
210 579
233 309
253 341
386 589
499 547
135 529
191 478
307 574
98 383
246 561
195 341
587 599
117 488
173 582
138 590
179 205
363 533
248 488
139 587
369 450
249 335
232 497
103 438
397 522
127 572
179 536
93 503
259 582
235 583
345 592
363 522
459 488
472 589
126 496
469 549
78 91
49 428
384 439
404 503
173 440
210 450
375 459
359 397
150 285
249 488
359 482
505 572
26 221
496 595
374 419
284 402
69 479
361 484
101 490
346 451
69 567
379 521
21 410
164 300
44 343
327 527
474 532
336 541
423 583
578 587
127 505
385 577
246 532
56 144
488 561
590 598
365 598
137 194
409 562
393 595
227 468
343 416
533 549
2 482
458 599
408 490
87 490
369 532
387 520
541 588
71 509
326 527
62 143
88 379
110 557
163 190
272 471
273 479
168 520
410 589
140 508
323 593
365 439
21 294
578 596
10 335
221 591
122 244
468 547
379 533
81 536
64 362
2 359
427 581
431 576
478 499
201 481
341 351
14 431
218 522
147 416
172 514
427 468
11 334
110 136
298 331
49 221
251 377
343 471
348 510
187 590
120 539
106 530
196 365
488 532
362 593
440 582
42 339
87 161
140 480
19 485
14 247
34 411
549 578
4 262
575 585
177 385
367 370
386 537
479 510
227 401
464 589
176 562
122 153
411 515
59 367
496 515
471 588
2 590
475 521
549 587
98 480
301 595
3 514
26 244
11 450
576 581
47 549
56 531
533 596
183 528
215 576
294 538
499 596
401 586
202 397
137 464
563 579
367 497
223 284
301 472
334 416
131 428
538 545
9 309
392 395
301 303
469 521
201 592
401 579
115 160
266 319
311 572
57 581
439 470
22 561
259 385
5 210
206 455
294 353
474 496
186 428
98 583
76 499
300 593
393 516
271 559
184 361
191 558
358 383
306 337
229 482
490 584
262 447
136 298
501 541
362 398
311 475
206 232
201 578
537 595
465 536
428 574
298 517
196 303
20 74
416 545
365 514
172 455
509 589
383 569
453 587
259 545
101 526
355 578
155 353
335 423
43 126
201 427
78 532
561 590
377 585
56 573
308 598
240 511
338 497
137 215
176 374
0 585
55 550
423 585
156 561
213 576
508 509
130 404
479 573
377 389
225 252
7 348
222 309
385 471
411 595
213 585
273 598
537 559
20 308
29 162
312 437
384 567
190 512
106 583
398 589
37 179
149 447
63 578
362 380
438 482
5 363
139 508
20 585
423 459
307 508
2 402
183 593
192 583
488 584
469 592
78 342
387 453
63 587
55 503
536 559
80 411
209 374
318 543
247 474
224 251
124 329
107 342
308 509
384 517
262 538
409 515
194 484
195 581
323 338
457 581
59 322
86 546
547 579
218 512
338 573
374 584
331 496
455 595
8 103
300 528
176 408
127 412
298 464
155 562
266 531
99 369
257 336
200 390
229 330
484 531
430 563
246 584
7 554
375 545
374 555
342 512
312 595
185 539
541 559
220 592
386 437
249 423
467 472
327 369
397 579
48 559
385 405
539 599
499 585
575 584
272 412
184 334
408 567
588 596
404 547
48 599
384 479
334 343
337 559
471 497
336 599
464 496
562 598
270 338
115 527
229 502
306 308
384 470
21 474
187 596
26 474
192 537
373 598
377 531
138 595
531 549
215 579
327 574
186 209
393 537
138 233
266 418
12 373
545 575
584 590
220 573
168 587
386 414
408 517
190 221
12 452
328 582
458 541
57 579
4 365
338 531
545 583
430 451
574 588
317 424
11 520
573 589
244 453
232 389
302 439
328 589
172 582
490 590
128 522
379 436
503 528
582 583
362 554
186 284
521 585
307 512
367 401
280 328
47 578
329 508
401 468
81 153
99 307
317 590
328 377
409 595
248 490
