0 42 50 90 218 233 259 261 265 307 315 342 387 389
1 53 55 65 81 141 144 157 161 163 182 207 297 328 344 363 397
1 75 84 104 110 132 147 148 165 168 176 195 202 236 277 326 331 373 376
2 4 5 6 19 23 31 34 43 52 60 61 62 78 103 113 116 119 128 129 162 178 190 216 230 250 255 263 279 295 317 322 336 348 349 388 391 392
3 24 36 44 49 51 59 91 105 117 137 167 184 221 251 290 293 312 327 338 368 371 382 384 393
7 25 27 96 135 142 186 193 205 212 220 231 235 247 276 283 321 337 339 348 354 362 367 380 386
8 17 33 35 57 58 63 107 140 151 166 173 187 203 209 211 224 254 257 267 286 294 303 335 350 377
9 16 26 46 52 54 71 73 86 98 100 101 112 126 145 153 159 171 179 189 197 198 210 244 248 281 299 302 304 319 332 355
10 12 32 37 64 66 68 79 89 109 156 172 201 204 213 264 301 308 309 314 320 344 352 364 374 377 378 383 385
11 28 40 48 70 88 97 99 120 134 150 188 192 219 227 234 245 249 250 252 262 266 284 305 352 353 358 394 395
13 38 64 70 74 83 106 108 114 118 138 143 155 170 200 215 222 224 232 243 256 260 271 285 287 296 311 313 318 324 325 330 343 345 351 365 370 372 399
14 93 138 139 154 158 194 196 206 226 253 288 361 390
15 41 45 85 127 146 149 174 237 269 289 346 379
18 20 21 80 102 115 152 229 334 345
22 29 39 56 66 69 76 82 92 94 95 122 123 124 126 137 181 191 217 225 238 239 240 242 246 258 273 274 280 282 289 291 292 310 333 356 360 375 391 396 398
30 111 125 130 183 208 214 241 268 275 298 370
47 72 131 136 169 278 323 329 337 357 366
59 67 77 121 164 175 180 270 306 316 369
87 133 160 177 185 199 223 228 272 300 340 341 347 359 381
